16479,12398,4118,4404,10488,27933,1633,13603,9523,18699
26368,2653,2213,24313,717,24432,18636,7196,23058,14322
11488,16297,25033,1437,6792,29892,11292,7092,18972,10404,23340
1359,28814,5594,3164,10458,1722
24337,13963,25249,23479,17473,13393,26637,21828,11508,17304
14224,19033,11753,11257,7891,3691
17248,27853,16073,28043,7883,24187
21352,17117,28933,18649,22729,1225,2875
16479,12398,23058,7196,22716,26952,21597,8353,16921,18481,22561,6391
8413,19853,3397,13393,26637,21828,24908,23634,27714,21750,9375
12591,29727,17078,27074,6404,1764
14224,9989,20209,24289,20089,9924,5724,14580,26460,10820,29840,7040,18765
904,9949,20609,27889,16009,24289,20089,9924,5724,20244,26040
8199,6638,11502,23382,13658,6498
24337,8167,27187,25537,29737,27933,13128,23292,11412,19146,16506
6183,10838,5042,13932,996,1437,7233,12043,14473,23649
23751,22190,17550,11754,20322,8388,29892,6792,21597,8353
28264,5669,23569,19369,28225,12705
2653,26117,12193,21049,16969,21169
3064,20509,1489,20089,9924,5724,14580,1490,28076,15140,7560
40,10205,4409,20425,7489,17709,17268,1098,15750,21834,3594
1840,12005,224,15253,21337,17137,26707
5629,20149,2249,9529,10363,13443
24160,8485,21289,29893,22753,14017,18217,10637,5281
27455,27014,2198,10634,5994,1626
23823,2318,25538,26658,10488,27933,29737,25537,27187,24547
14224,24829,17549,29329,23323,19123,27559
8413,28133,29617,11717,5633,21649
24253,26683,5803,26593,22513,26713,9409
5476,18565,16969,5089,1723,7233,21597,26952,21596,25796,8352
23533,8233,12433,8353,21597,26952,21596,13028,18824,16184,3380,14040
14224,9989,20209,24289,20089,9924,20088,26172,7572,28362,22566
5476,18565,16969,11173,21337,17137,3552,21282,14652
3064,14944,22525,24955,19651
8231,16511,13586,5852,2772,15708,24564
20893,23533,29617,21883,17803,4713,27933,10488,4404,12684
5872,4597,11227,721,15241,19477,24132,5112,10908,248,19629
24337,20971,22531,8791,17527,6427
8199,6638,13932,996,6792,21597,22753,26953,17657,2761
14224,19033,15667,14017,21597,19792,3336,15116,4896,7821
5584,15749,5089,1723,7233,21597,6792,2712,5792,25461,11061
11968,3113,17513,9233,21883,7233,1437,16957,15396
21231,5711,29462,2162,9896,4541,26696,7677
24253,26683,22603,12097,1437,6792,2712,16088,5868,11664,17460
27520,4265,18629,28849,10117,17257,19027
16767,4118,8318,738,14324,24984
21231,5711,13446,7482,20418,12684,15114
17248,27853,27413,12553,8353,21597,6792,29892,11292,7092,7533
13453,4597,15749,15253,11753,25963,2059
24870,27300,25704,26573,11768,8388,29892,6792,21597,22753,21157,15361,12931
