27933,1633,4404,16479,9523,18699,4118
2213,23058,2653,717,24432,24313,7196
1437,6792,29892,18972,16297,10404,25033
1359,10458,5594
13963,21828,11508,26637,17473,23479,25249
11753,3691,14224,19033,11257
16073,7883,24187,17248
17117,1225,2875,18649
18481,16921,23058,6391,26952,16479,21597,8353,7196
26637,21828,19853,3397,21750,13393,23634
27074,17078,12591,6404
20089,26460,20209,5724,29840,7040,10820,9989,9924,14580
904,20089,27889,20609,20244,24289,26040,9949,9924
13658,6638,11502,6498
27933,8167,29737,25537,16506,19146,27187,23292,13128
1437,23649,5042,12043,6183,7233,10838,13932
11754,20322,22190
5669,23569,28225,19369
12193,26117,21049
20089,5724,20509,3064,1489,9924,14580
3594,1098,21834,20425,10205,17268,15750,17709
15253,224,12005,17137,21337
13443,20149,2249,10363,9529
29893,5281,18217,24160,8485,22753,21289
2198,27014,10634,5994
27933,29737,25538,10488,27187,23823,24547,26658
17549,27559,14224,23323,29329
8413,28133,29617,11717,5633
26683,5803,9409,22513
16969,1723,18565,5476,7233,21596,21597,25796,8352
8233,23533,3380,16184,18824,13028
28362,26172,9924,7572,20089
11173,21282,14652,3552,18565,5476,21337,17137
24955,14944,19651
15708,8231,13586,2772,5852,24564
27933,20893,12684,23533,4404,4713,21883,10488,29617
19629,5112,15241,19477,24132,721,11227,248,4597
8791,6427,22531,24337,17527
6638,22753,17657,2761,13932
14224,14017,4896,19792,3336,21597,15116,15667,19033
5089,6792,15749,1723,7233,25461,21597,5792
1437,21883,3113,7233,16957,17513,15396,9233
29462,9896,26696,21231,2162
2712,11664,16088,12097,5868,26683
27520,10117,18629,28849,19027,4265
738,4118,14324
13446,20418,21231,7482
7092,27413,12553,17248,11292,7533
2059,15253,25963,4597,15749
29892,8388,15361,11768,25704,24870,27300,21157
