15160,25325,22400,27889,28043,28483,15547
11509,7009,7163,27547,15667,5161
9318,22122,19692,11124,10004,19544,29709
1575,14,17318,1148,24368,8352,10341,29361
13959,1310,27050,23004,14148,13028,19112,25196,612,8346
24772,25213,26368,3149,20285,14201,4345,145
9010,3214,22234,16438,7582,3382,12271,3262
20574,28154,4934,7364,11444,17240
11704,21869,27889,20609,29059,10039
25839,1310,18614,18650,15570,6870
11151,9590,23954,20588,8708,23072,5328
2543,22718,12722,19028,7092
4383,17318,3578,938,25808,12717,14432,1056,15456
21352,8261,20077,23003,14147,7063,23233
13959,17039,2234,14204,15800,8660,1080
4383,9038,16178,29268,19544,11964
3613,22633,3097,16033,5713,22849,22729,9925,16555
20365,14569,6209,2843,23723,12283,22657
2655,1535,13910,8114,6804,1008,4221
17053,9773,16064,18989,10289,26459,9323,12193
8910,6194,8834,5468,29997
14749,349,2779,5363,12643
671,28127,3542,27138,18284,28944,9869,25389
3949,27853,27413,10123,18859,14659,29059,24859
1575,14,17318,1148,10004,6300
5584,3968,15253,11753,15457
9565,24425,24865,1555,7351,21715,21595,715
11439,27455,28730,13910,23634,11754,9324,16484,27144
10552,9277,27008,21653,21499,18859,6055,3415
4144,8224,5453,19817,2681,11131,3991
11272,28717,5749,20609,5089,7729,5299
4383,17318,4514,25304,21069
1885,29680,17305,14875,23479,20609,29059,10039,24439
17248,27853,27413,4193,16009,12643
20574,28022,17858,15428,21512,4221
15615,6230,27734,8714,23114,19748,6372
11704,21869,27889,5089,889,17059
17053,9773,15569,27539,10249,24649,11713
5596,29632,7477,7037,11392,4153,22753,1963
26078,7058,4628,7268,1184,28980,14580
13432,29888,26368,3149,29825,26459,6299,5179
18495,14294,8498,25788,12852,26096,8352,10341,16137
27088,5584,24029,26459,29329,26689,27809,24443,15433
17584,14525,9169,17905,769
13432,29888,20384,26809,13873,25843
26608,4949,2023,28609,20875
26591,22511,27866,7196,2828,17348,18909
14751,11826,29570,26930,10760,20925,29493
2653,20608,14029,20113,12833,14107
29583,28022,9002,1436,22106,23756
