15160,28483,25325,27889
7009,7163,15667,5161
22122,10004,11124,19544,9318
24368,1148,29361,17318,8352,1575
25196,1310,27050,14148,23004,13028,8346
20285,3149,4345,25213
3214,3382,22234,7582,12271,16438
17240,7364,28154,20574
20609,29059,27889,21869
15570,18650,1310
23954,8708,11151,5328
2543,22718,19028,12722
938,25808,3578,1056,12717
20077,21352,7063,8261,23003
8660,14204,2234,13959,15800
4383,9038
22633,3613,22849,16555,5713,22729,16033,9925
23723,22657,6209,14569,12283
6804,13910,4221,1008
26459,10289,18989,16064,12193,9773
6194,8834,8910,29997,5468
2779,12643,349,5363
9869,27138,18284,671,28944
3949,18859,27413,10123,27853,29059
10004,14,6300
15253,11753,3968,15457
715,7351,24865,21715,21595,24425
11754,16484,11439,23634,28730,13910,9324
21653,27008,18859,9277,21499,3415,6055
19817,4144,5453,2681,11131
28717,5749,5299,20609,7729
17318,4514
14875,1885,23479,29680,17305
16009,4193
28022,21512,17858,20574
19748,15615,23114,8714,6372,6230
5089,27889,889,21869
24649,10249,15569,27539
4153,11392,5596,29632,7037,22753,7477
26078,1184,7058,7268,28980
6299,26459,29888,5179,26368,29825,3149
8498,12852,14294,8352,25788,10341
29329,26689,24029,27809
17584,9169,17905
20384,25843,26809
28609,26608,4949,2023
17348,2828,27866,26591,7196
29493,29570,11826,14751,10760,26930
2653,20608,14029,20113,12833
1436,28022,23756,29583,22106,9002
