10075,7435,28225,27069,28344,20610,7520,3285
20418,26424,27293,15512,25677,16821
5809,9889,21705,20089,9924,20088,26172,15512,25677
11611,9841,12481,7177,19981,9816,5616,16277,21141
20526,12090,8010,5580,26370,18090,15660,23240,18585
24900,16044,5538,27482,29912,16821
5820,21990,19350,27084,14148,1058,24962,22532,16736,11381
2214,11754,3018,4788,18032,4941
26490,29430,7484,17858,25592,13712,15021
7251,23995,22225,16219,8925,10200,17780,13140,27540,16101
16614,2214,9794,26384,10368,29597,13581
21961,4657,7737,7296,15732,22892,11012,21177
16081,16577,9283,5203,17137,6477,7752,29696,27981,13581
24139,919,11425,28869,26880,18024,13944,6210,8640,3285
23928,29892,653,25677
28603,22753,21597,26952,21596,5922,3492,621
26349,4404,21848,27149,9824
17257,26133,14352,18552,26132,17528,26384,2669
4038,16842,28722,17724,4788,18032,4941
26799,6414,25434,26708,28512,2277,26181
17655,24115,18451,1995,9289,19509,20784,7848,29948,12524,12029
13026,9660,13860,24080,20000,22640,18405
13573,28225,27069,5124,23688,22532,16736,11381
22938,20508,7572,3492,13712,15021
337,25987,14017,21597,26952,21596,1058,21848,27149
261,5616,13028,24908,12938,5798,24818
21461,16821,25677,7232,22052,3452,24242,15674,16794
21461,6656,19746,5382,25052,23778,978
22829,884,21674,12938,10508,15372,5208
21461,16821,25677,7232,5922,1722,29958
22829,12224,27084,12684,8484,8925,16219,20419,16339,23905,5665
12357,16592,27252,18516,26952,21597,14017,2137
11381,16736,22532,24962,1058,23004,6834,17340,23970
27149,21848,17208,13008,29157,2857,14827,5971,26131,4627
16137,10341,2061,15437,17528,3164,1890
20025,18464,22700,4460,7826
26181,16016,1652,20882,3746,6386,18356,19512,23712,2053
25173,26888,248,8948,25538,2228,16628
18405,22640,27140,25580,8444,26244,25410
21177,17096,3852,26952,21597,22753,9817,23557
13545,12389,10584,18164,15084,22764,18564,28729
4941,18032,4788,21924,5468,738,13674
6021,19112,3096,7296,7737,20827,28561,24361,9841
18585,23240,15660,18090,9234,29394,2094,1599
4941,18032,4788,23234,29030,24390,28590
4941,18032,22532,24962,1058,23004,25434,1530,10098
16821,25677,7232,16088,13008,18937,1633,24073,9553
15021,16736,22532,23688,29484,1380,23325,2976,11985,29275,169
3285,27869,5924,16088,72,16032,717,28513,16579
6021,13757,7752,6477,17137,18907,21833,1043,28993
