20610,10075,27069,28344,7435,7520
27293,25677,26424,20418,15512
26172,20089,21705,5809,15512,9924
16277,12481,9816,5616,7177,9841,19981
20526,5580,23240,18090,12090,18585
27482,29912,16044,5538,16821
11381,21990,19350,1058,27084,24962,22532
4788,11754,18032,2214
25592,7484,26490,15021,17858
13140,23995,22225,17780,8925,16219,10200,27540
29597,26384,13581,9794
21961,15732,7296,11012,21177,22892,7737
29696,6477,9283,16577,17137,7752
11425,18024,919,6210,28869,8640
25677,29892,653
3492,26952,5922,21596,21597,28603,22753
4404,27149,21848
26133,18552,26384,17528,26132,17257
17724,18032,16842,4788
26708,26799,6414,2277,28512,25434
17655,1995,29948,12524,18451,24115,19509,20784,12029
18405,20000,22640,13026,13860
16736,23688,13573,5124,28225,22532
15021,20508,13712
21848,14017,337,26952,21597,27149,25987
24818,12938,13028,5616
3452,22052,7232,15674,24242
23778,6656,5382,19746,978
5208,12938,15372,884
7232,29958,5922
12684,23905,8925,12224,20419,5665
27252,14017,26952,16592,18516,21597
23970,17340,23004,6834
17208,21848,14827,29157,26131,5971,27149,13008
16137,15437,17528,2061,3164,1890
18464,4460,22700
2053,20882,19512,6386,26181,1652
8948,26888,248
8444,25580,25410,27140,26244
23557,26952,3852,21597,17096,22753
22764,15084,18564,13545,28729,10584,12389
5468,4788,21924,738,18032
19112,7737,20827,7296,24361
1599,18585,2094,29394,15660,23240
29030,4788,24390,23234,18032
1530
18937,24073,16088,7232,9553,13008
23325,23688,29484,29275,22532,2976,11985
717,27869,5924,28513,72,16579,16032
1043,6021,13757,18907
