3978,428,27938,17928,26937,3837,12693
25986,11586,24962,12312,27117
29210,104,16848,25704,2109,26013
1506,20106,9446,28332,5112,13392,17472,10893
18642,27378,29808,8829,10544,11664,16185
374,4574,15674,28764,22680,25605,28245
17802,8946,12312,15237,741
9882,8762,26066,14132,27068,3848,7929
27180,25410,5180,6300,28244,7364,29309,13005,27369
786,16956,24116,2612,26208,17472,10893
90,16394,25250,19244,26384,28373,29493
678,10962,27266,29696,10677,6177
16074,23522,2732,25832,5616,6057
28476,12020,3164,19298,9288,8132,17141
786,27252,16592,12357,9417,23817
8892,378,12312,29757
1722,5922,7196,5832,20637
28476,4100,12704,25508,1472,26496,21141
22860,12200,10584,4788,26888,28197,11453,21177
17226,90,12740,22244,16448,14733
19206,266,25292,6692,16416,11061
12018,28188,6242,22412,14832,17757
2214,11754,9038,16178,23472,7952,9261
29946,266,18866,2696,981
15386,8246,14042,18122,20552,7461
4941,19152,2696,25796,21596,16956,786
26181,16016,1652,378,26118,29198,21618
5013,13293,15008,23288,29084,19074
21609,27405,11885,7364,28244,10940,15426
8913,16493,4712,17802,2982
4089,27189,10733,16088,24824,4034,23054
22829,5693,12272,26978,28748,18738,29244
7461,20552,6188,26978,6818,3738
6789,2709,15800,7364,4284
21141,26496,19202,20322,5922,23058,18822
9849,15933,13293,1512,2786,18306,66
16137,10341,25677,8541,13196,23702,22086
17661,1512,7308,11948,29084,19074
21429,17348,4698,12278,16646,27306
489,6573,19949,24624,1314,3954
18405,22640,20000,15800,7364,11444,27900
15456,1056,8141,27216,26096,11732,10458,6258
1317,5517,7232,2997,25592,12348,15714,9084
10101,27405,11885,18464,24548,27914,11898
9849,1413,15813,12888,11768,6258
18885,21965,20,8300,13964,22244,24674,11298
2253,21272,13692,1722,18858,19692,22122
29577,10557,22052,13316,3152,18012,19782
11381,16736,4802,162,17298,18950
13701,17901,1940,14589,15744,27405,17240,29210
