3837,12693,27938,428,3978,17928
11586,12312,24962
29210,2109,16848,104
5112,9446,17472,13392,20106,28332
11664,27378,29808,10544,16185,8829
15674,28764,25605,28245,22680
741,15237
27068,3848,14132,8762
13005,28244,7364,6300,25410
26208,2612,16956,24116
29493,25250,26384,16394,19244
10677,29696,27266,10962,6177
23522,5616,25832
3164,12020,19298,8132,9288
16592,27252,23817,9417
378,29757,12312,8892
5832,7196,5922
1472,4100,28476,12704,25508
11453,28197,22860,10584,4788
90,16448,22244,14733
11061,25292,16416,266,6692,19206
6242,14832,12018
11754,23472,2214,7952,9038,16178
2696,266
18122,7461,20552
21596,2696,19152
1652,378,29198,26181
23288,13293,5013
15426,7364,28244,27405
8913,17802,4712,16493,2982
4089,16088,23054,10733,4034
26978,29244,18738,5693,28748,12272
6818,26978,7461,6188,20552
6789,7364,15800
20322,19202,26496,18822,5922
15933,2786,66,9849,13293,1512
16137,25677,13196,8541,23702
7308,29084,11948
4698,16646,17348,12278
6573,1314,3954,489,24624,19949
15800,22640,7364,27900,20000
8141,10458,27216,1056,11732
25592,12348,9084,7232,2997
18464,27914,24548,27405
11768,1413,15813,6258,12888
24674,21965,13964,8300,20,22244
22122,21272,19692,13692,18858
18012,3152,13316,29577,10557,22052
11381,4802,17298,18950,162
15744,29210,1940,13701,17240
