14538,18738,15372,4712,477,19497
22170,13314,15084,9288,8132,17141
6330,6044,248,26888,28197
19542,23778,468,22568,29808,24453,1353
24060,11124,24368,8352,23157
21666,5196,828,25853,26973,18405
23322,15588,1224,27405,21609
7686,26132,24536,7232,8352,10341,16137
13062,18858,17208,21848,27149,9824
29154,4284,2514,27540,16101
1506,11516,19796,3492,20628,12893,9813
29172,14772,22338,5034,6804,22973,5229,16569
20622,10458,8028,13824,18464,20025
19092,26672,10368,26384,19805,16101,1701
28302,15366,9402,10236,13316,3152,21717,9837,26973,18405
7356,9786,28386,18012,25592,9288,24093,11289
2274,29574,18914,17604,27824,23589,489
10950,18684,17564,28224,7929
24090,13926,9270,8114,5684,2813,26409
29858,27428,5924,24824,23549,4608,9129
8094,13890,18090,25250,8660,1080,4005
16628,10832,28157,7997,24453
20622,10458,26762,23396,18741,4377
23178,17172,26028,9572,3908,11048,29493
29610,6300,10004,24368,8352,23157
17757,14832,4172,24962,23366,15786
13557,16637,19508,21938,1148,20034,9660
24453,29808,28652,25286,10766,7686
15609,29973,13824,16749,22413,22568,14988,21618
21461,16821,25677,7232,22052,17852,7842
4941,18032,4788,17724,14358,8274,4908,25446
22413,22568,23724,7554,4188
20637,19517,10508,29772,28938
14517,5508,21524,11954,29244
5553,4397,24557,14832,4172,8658,4422
6057,6021,23157,28512,2772,23562,25158
18585,18144,6264,1764,13698,14972,22266
981,2696,29372,25292,21092,29948,26868
4973,4104,17480,9900,17634
23157,28512,2772,11628,28218,22422
29421,24557,10157,16736,14306,29946
21461,16821,25677,7232,22052,5882,2802
1029,22973,21168,15372,28308,1842
22077,18032,22532,21258,17058,21558,27642
1701,16101,20469,23549,11768,10172,162,21666,24306
621,3492,19508,9378,8258,21348,12780
28089,1944,28244,20664,18180,5090,28310,16530,9390
14457,26237,24962,9002,3206,10346,4262,29286
4005,1080,8660,15800,10004,6924,18858
20025,19584,25380,13410
