15372,477,18738,19497
13314,15084,22170,8132,9288
6330,248,6044,26888
23778,29808,22568,24453
8352,11124
26973,5196,828,21666
15588,27405
10341,7232,26132
27149,17208,21848,18858
4284,27540
3492,1506,19796,12893,20628
6804,14772,5229,22973,22338
10458,20025,13824
26672,16101,10368,19805
26973,28302,3152,9837,9402,10236,21717
11289,24093,28386,25592,18012,9786,7356
27824,2274,17604,29574,23589
10950,7929,17564,18684,28224
9270,5684,24090,2813,8114
5924,9129,23549,29858,4608
8660,25250,18090,4005,13890
7997,10832
23396,18741,26762
29493,3908,9572,17172,26028,11048
10004,8352,6300,24368
14832,23366,4172
21938,13557,20034,19508,9660
29808,28652,10766
14988,22568,21618,29973,22413,13824
16821,22052,17852,25677,7232
14358,25446,8274,4941,4788
22568,22413,7554
19517,28938,29772
29244,5508,21524
4422,8658,14832,24557,4397
6021,6057,23562,2772,23157
14972,18585,18144,1764
29372,981,21092,29948
17480,9900,4973
2772,11628,28218,23157
29946,10157,14306
22052,7232,5882
21168,15372
21558,22532,21258,17058,18032
20469,10172,24306,21666,162
9378,8258,12780
16530,5090,18180,1944,28089,20664
4262,10346,26237,24962,9002
8660,10004,1080
13410,20025,25380
