4.12448290425 -0.959733836222 1.58234065199 0.773842466145 -0.791854850807 -1.63426203106 2.71238765716 
5.23821323321 -1.37737761006 -1.13353173984 3.04676320573 -4.49879053365 -0.145204389494 -1.72050418513 
4.23401488714 -0.99176644492 1.73684833193 -1.48308177184 -0.377828033818 1.06118328343 2.9690200156 
0.83424897804 0.66716932125 0.144103831136 2.42404839348 -1.8209584856 0.838383350486 -1.98119911276 
1.29609580604 -1.0323113279 1.52458342059 -0.537014385129 1.09516602517 0.732740279645 0.492298409373 
1.99160369779 0.438567667432 2.4272263823 -0.341463666855 -4.22955325069 1.81014623813 -0.0608510606089 
4.93914952404 0.654091658421 -0.292235828879 0.130267253529 -1.08213649497 1.04212359085 0.787651263468 
4.14165036416 1.77222004993 2.73567791127 -3.48465688155 1.55644965747 1.11573287551 1.04826384975 
3.19527137257 -0.314929671943 -1.98721236684 0.282210827245 1.19538969732 -1.68673507987 -0.911590242189 
1.65319732559 -0.83356805948 -1.13385998765 -3.42037424003 -0.829630605172 1.89905947165 -0.646039924019 
2.19839411557 -1.69215546335 -1.7120355968 0.408118936403 -4.32845500695 -0.543373498821 0.604671257888 
2.66940814673 -0.0584630488101 -0.319958305484 -2.71290745755 -3.18800587353 -1.45932882446 -0.0103846928173 
0.352150814789 0.50277225854 2.03043235168 -1.04439809983 1.73806734805 -0.253150946104 1.75190029892 
4.83993522916 1.37454917012 1.32820328053 1.02948257889 -0.567398834206 0.47591618457 2.02708878182 
1.67006740196 1.78880112875 -2.79196293583 0.586597814442 -0.0382407556427 -1.66009360327 -2.40072894587 
5.54330176208 -1.90778646554 2.18994845411 -1.44740300802 1.40142726618 1.29362279213 1.40378284448 
1.23745897782 0.82024655051 0.782051827107 -1.00935941902 -4.8278030329 -0.161943191483 -2.22190548353 
0.479674743268 -0.587902508871 -2.36087101158 -2.59445500108 0.214205180345 -1.93021616607 -0.767685296615 
2.50485306168 0.191275403962 2.94320086191 1.16561843891 -0.577032707214 -0.750803583144 1.57275906715 
2.09760592973 0.906709601497 0.450023460244 -3.25834139691 1.08776189662 0.424762783205 -2.94882289474 
5.28757365513 -1.75914728076 -2.31437601914 0.501789341799 0.775175485211 -1.15235153831 -2.41855781231 
3.25112541813 1.80269810006 -0.409595226509 0.103869676258 -1.25521785426 -1.9985004728 2.41978852536 
2.93179186291 1.74610449891 -0.843253489215 1.17349197265 -0.167188400369 -1.09555927026 2.15932082006 
3.43343029192 0.0167012539282 0.371159406555 3.27274415747 -4.11304088643 -1.22315121674 -2.69623888519 
5.28233582099 -1.16019011131 -1.88144334177 -3.11034149219 -2.69845067543 0.512580142205 -0.483927371126 
5.59500625881 0.453316933488 0.883914454261 -1.5057776158 -0.401045509684 1.81034295551 -2.53438383972 
2.52878310083 -0.240621578387 -0.095854067003 1.9621288713 1.67721481015 -1.24979254985 0.238080941174 
0.253948213803 -1.27310706766 -1.30847601946 -0.110854519388 -4.21389997724 1.25838476555 2.13131360114 
5.04769415185 0.314363437145 1.2917032791 -2.12232141341 -1.79854610407 0.200296904786 2.67913873796 
1.47019243042 0.213860276727 -0.147121633825 -3.82835159984 -2.55269099282 -1.63114140143 2.37388403907 
5.84783382263 0.819249362435 -2.34412581032 -3.94980462117 -4.34676573555 -1.38431978766 -0.973919781804 
4.9817868642 -1.3716831153 -1.37555531769 0.180039628338 -4.86812984989 -1.08564214101 0.0361945228955 
4.03053627809 -0.310517297777 1.8352791838 -3.39164010585 1.49614505636 -1.04981524444 2.7615814506 
3.60019495999 -1.47019603282 1.17276768699 -1.48147660758 -4.19726564441 -0.995323908559 2.64587128201 
0.674363777103 1.92859338749 -1.59251363555 -0.535695056999 1.12152645761 1.96260295595 1.30819066549 
5.68891863925 -1.08259179304 0.660480221932 3.25716471791 0.674847843123 -0.135223039302 1.07489607134 
0.143854612211 -0.23741363343 -2.88809060817 -1.34972828408 -4.52289647516 -0.476989393229 -1.77219217743 
1.06196033149 1.27174010115 1.41538622319 -1.51036665583 -3.81510287729 0.477558935656 1.14857465819 
2.28215519476 1.09859480845 1.39293278055 2.238270892 -4.10195946156 0.734166629192 -2.68504933872 
5.2049720392 -1.77652289686 -1.37362383942 -1.83219864286 -4.78987853736 -1.93317937609 0.903622572126 
4.8882812506 -1.23654243233 2.54525423236 0.815704541791 0.539365690206 -0.52285492877 -2.76621055438 
3.49963158401 -1.70981166054 -2.74820618647 2.85012254979 -1.33712742599 1.53081917225 2.70416592255 
3.60239998399 0.975960762837 1.23914083371 -2.19560757446 1.60737903052 -1.98224175543 -2.18438952463 
3.79458433678 -0.521412977103 -2.3040515781 1.60611985493 -2.83419390467 0.749993423282 -1.18871419302 
0.390360657046 -0.544138762847 0.0503671406701 -3.69862639414 1.47535190614 1.75289607862 -0.842124116978 
1.67531180388 -1.20204534959 -2.03405462254 -0.560052685484 -2.38012575617 -0.763610678757 -0.402210530935 
1.37102357078 1.55240363667 -1.58884884751 0.969763705891 -4.48719268783 -1.41752221908 -1.69040262145 
2.66908288773 0.350774057128 0.273405473 1.15101532002 -4.22107580695 1.78231987609 1.99504819567 
5.16065062288 0.190898180633 1.07658081033 0.246712951884 -2.75299006219 -1.65854683362 -1.4201209141 
0.968686601143 -1.08330780177 0.128963336373 -1.339978882 -2.27878492101 -0.874021987211 2.34628747105 
5.65314203775 -1.56706681752 -2.29957333233 -2.78044075646 -0.219857100603 -0.373057236149 -2.67709892009 
5.83820321052 -1.0486597383 0.743158939656 -3.4285330534 -0.6809709829 -1.71570523033 1.82571913538 
3.2894871666 -1.29445913928 -0.511986611324 3.15566369683 0.856278465198 0.986651975258 2.00781266759 
5.5217762755 0.183776064045 0.0509520839136 -2.184183946 -3.19799084933 -1.11817839837 -2.18430684434 
4.29384813498 -0.817577884453 -0.826711901231 -3.6167830621 -1.83006326276 0.763483599876 -1.02325093887 
1.88990171425 0.413156248694 -1.48294107169 2.5476936492 0.397685576378 -1.43653780998 0.823870577739 
0.220311087416 -0.370521324642 0.394919693693 1.47433373762 0.803424190015 -0.373460303486 -1.28487858434 
0.695948686226 0.354674424795 0.124796523498 -0.394614126737 -2.13145332227 -1.36918575762 -2.20063325116 
4.93013735519 0.24787567547 0.995037957305 -2.83044248225 -2.34147033648 1.31554493159 -2.91082418345 
1.96708800882 -0.730494803575 0.980183669095 -3.62263005564 1.27488216624 -1.61113186545 -0.900805476207 
2.71133973621 1.90181365797 -0.157552283418 -0.205133110979 0.695782751532 -1.62311149357 -0.577578755169 
3.45051448942 0.291526489284 -0.648296859364 -3.055144757 -0.246807010756 0.106782742447 -1.22350065366 
4.78698520923 1.85512965285 1.93860494015 -2.24527824835 -1.44090781502 -0.631744446095 -2.50269756878 
0.545980514312 1.48602207319 -0.440177711167 2.3660086212 1.62146831509 -0.801628865276 -1.2897805797 
4.10529070627 -1.60183888897 -2.33854840078 2.32597702935 -3.98491795618 -1.74940295512 2.33965164208 
5.8634076607 -0.202369495986 -0.961782440827 -0.726427722457 -4.58117810238 0.198056399279 -0.609991052771 
0.810551862378 -1.44705702657 0.230577382131 3.65405725905 1.64039062712 0.057039736258 -2.62781054424 
4.59208751534 0.630959340301 -1.28596211951 -3.74309172043 0.749271213648 1.3449974848 -2.11784256674 
0.487448005417 1.29257965801 -2.93183725978 -0.446059543479 -0.336097670279 -0.38420582959 1.1744358784 
1.98597747826 0.662388607633 1.04539180803 1.40365503859 -0.661733072633 -0.767843469204 -1.74346334869 
0.756566229026 1.58541795831 0.59735111638 2.14657457911 0.820990361701 1.10723117996 -0.686380857404 
5.41869170681 0.906536390294 2.52043794629 1.81909570055 -1.52259172825 -0.987293057559 -2.23698528195 
5.47348321243 0.322246001098 -1.00763610586 -3.41899755289 1.5357494226 -1.36152255298 1.29540531562 
4.75206614128 -1.65837784333 -1.4526689093 -1.30004851274 -1.58262568079 -0.934212352966 -0.454269301872 
1.86166967381 1.89610660369 -1.76731941796 3.75463544629 -1.6029944899 -1.76257180751 0.854299071869 
2.95048537358 1.39309965063 -0.931979915648 3.16581495075 1.02516276339 -0.851338789396 -2.21364570726 
3.88894736568 -1.6367464824 2.74725167977 2.35448523316 -2.90337720189 0.932342491748 -0.736319104369 
2.88821434021 -0.0283223199623 -2.90664626888 -1.46832801039 -4.64591233635 -1.45592168758 -2.10194678188 
4.90865522705 0.420177276341 -1.82002179059 -1.33879506547 -1.24735125853 -1.39786136566 1.47843965475 
5.14611231766 0.223208085731 2.07570878294 -3.81575784633 -2.42394886846 -1.77777031237 -0.876884868269 
4.24716751974 -1.29202432677 2.62949345375 2.24887645692 -2.49904584524 -0.471770917484 0.699096295232 
1.61968225236 1.56466817106 2.67797232264 3.53522893316 -2.35357743444 -0.530697462914 -2.47085275942 
5.54138819683 1.0148353599 -0.363769103072 -2.6144838714 -1.66758761627 -1.96246749588 0.522844770443 
3.3738730896 0.622991495076 -2.26768644491 1.68434166879 -4.09755277295 -0.493732021227 2.19315000453 
0.652421130863 1.03631213867 1.99463394849 3.59636625563 0.049766947289 1.76165866789 0.649687398401 
0.315606606921 1.82791041177 1.48011374013 2.35265465922 -1.5559164939 1.62969454258 0.181953103517 
4.29650848752 -0.586746983529 0.511511165099 0.333126757146 -2.89267808517 1.81422514824 1.2184687231 
4.68895784298 -0.31676002899 -0.253929359283 -3.13924967249 -4.66724368103 0.323605700442 0.164429230802 
3.94812630784 -0.729498856914 -2.04005495956 -2.80212061036 1.65291318173 -0.47667835393 2.11513360137 
3.16184743007 1.08636068638 1.98496483773 3.56432751162 0.624059844454 -1.31787470098 2.43219430176 
0.494512637349 0.932327069426 0.420632120059 3.91240138694 1.21820741438 0.993104572194 0.397508353759 
1.49959614427 -1.97911606342 1.31508540102 2.75754926605 -4.13265846678 1.56068073123 -2.47896234016 
2.84076806936 -0.340815258772 2.44288677819 -2.44376380225 1.92142175507 -1.5532654568 -1.94257899142 
4.89726961344 1.77833443383 -0.187436969803 2.37468487081 0.00881803511627 -0.592325907971 -0.399228972373 
5.96090388562 0.793998279946 -2.41134046553 0.143497687747 -2.03245369167 0.0863948870186 -1.53830140191 
3.29507462876 -1.61811815443 0.871509117278 3.19182799762 -2.03356888407 0.855757978988 2.94754952704 
5.38720848056 0.428263608112 1.36893951662 -3.12402575049 -1.09880383698 -1.66793318771 1.70382721701 
0.671731136101 0.2020864546 -1.18679327929 -2.75890185772 -4.58299272634 1.71304450787 -1.91528245776 
5.88217625159 -1.71329426608 -1.53437034036 -1.31294064325 -4.05286151458 0.66101564644 1.73743603306 
2.43062059248 -1.21979837466 2.66408567299 0.994360528265 -0.767916262516 -1.63753917336 1.056964578 
1.28546237548 -0.743431793315 2.41013830254 -3.10429733423 1.19201845883 -1.96889785306 -2.03053822291 
3.12602261195 -0.125900729056 -0.0407226849827 -2.37631965704 -3.00421374689 1.76348875485 -0.78078334671 
5.56491213533 -0.595760329358 -2.07371070739 1.74532172784 0.509335594438 -0.035882069617 -0.561835913859 
0.323939721669 1.32905675394 0.119185854003 1.98541868691 -1.15823395256 1.73314832126 -2.73174229289 
0.000285157002918 -0.569851111492 -1.90867025929 -1.04899890114 0.747020872374 1.83252831011 -1.56866074713 
4.9115298048 1.58194705197 1.53401954748 -2.68318989102 1.11950814446 -0.0735612351813 -0.275926838001 
1.48758987319 0.986716079456 2.27436510565 -2.71188397894 -3.11447837311 -1.06184954389 -2.23086627903 
3.45611477777 -1.51844851009 1.03594559815 2.57094278341 -2.56393450394 1.9699259168 -1.60061113342 
0.512876370746 -0.450816314364 -0.681512054079 -2.3123913338 -2.68044417068 -1.08768345958 1.13178573264 
0.640270597374 1.71967688079 1.68808644043 1.90432985935 -3.52028317367 0.734220669442 -1.3974495419 
0.0623656116468 -0.56886622713 0.0891555880763 -1.23229667033 1.34762205507 -0.335816200345 -1.93593313535 
5.49949910394 -1.86505192079 -1.45271690326 1.06489473484 -2.8674937859 0.933718151594 0.622615357197 
2.75978262501 -0.0527954364174 0.957271176128 0.179799622749 0.658971731903 -1.55667108764 0.0876275600133 
2.54113642037 -0.207595000012 -1.41536119583 0.376865951923 0.198003109684 0.76489675133 0.742183403685 
5.36949881065 1.88155520495 -2.62185612489 -2.89615394886 0.996895220266 -0.964705589071 2.28040991084 
1.70308430454 -1.57329933248 -0.473698036609 -3.66752320216 0.949827005022 0.311901173382 1.95185500304 
2.68192876281 0.912635040734 -2.18118965058 -3.02678679492 -3.06669545208 -0.325786645952 1.7291356586 
1.41880962772 -0.656610869352 -2.10415144806 -3.4966140011 -4.07953545527 -1.05405473147 2.97850697532 
4.48855617028 0.234970947677 -1.75842492157 0.0504505176154 1.27350028846 -0.277101749864 -0.182868783826 
1.61051801715 -0.964702704494 2.10733921988 0.530565192623 -2.25381806227 1.73338707989 1.16219256724 
1.48647642389 -0.886254715327 -0.684798561832 2.37102786416 0.102319996311 1.11083391535 1.56890587716 
2.66304727496 -1.77003455907 -1.26065491619 3.98311461758 -3.58542698427 1.49790761201 1.54674576851 
3.72214020901 1.78975419351 -1.78177531508 0.119497061291 -3.25973344884 -1.75755938575 2.80948856929 
5.21359024797 1.79509370461 2.61521730595 0.386728532303 -3.06282334989 -0.165036614283 -2.15720201353 
2.55835726877 0.235160350793 -1.79913747742 -3.38025743602 -4.1000646534 -0.55663781034 -1.74716597019 
5.0528436973 -1.13875697174 -2.59541927259 3.18581302836 0.895179785255 -1.40928879855 -0.220285507609 
2.38939662321 0.722347487925 -2.28504751838 -1.76488618767 1.98958716075 1.99371728476 -2.65503370156 
0.611529877585 1.35035407184 1.48090068307 1.11483586958 -4.08164122848 -1.95924395506 -0.833240687426 
4.7224403157 0.214506018412 2.2386317604 1.28962681116 -1.96750267046 1.84902084871 2.73957158752 
2.41260987994 -0.203198815866 2.81172136738 1.64360963213 1.18512207524 1.36955812585 -2.83662441415 
0.618638900956 -0.187795708905 1.39598919904 3.79126122331 -4.36427761041 1.43475754612 2.37741488191 
2.8174552895 1.189041457 2.74222046636 3.02393085193 -0.598356669808 -1.18545627127 0.52122340052 
0.536515323549 -0.459270190107 -2.00689688445 2.31601531864 -0.542400990644 1.91923836875 2.80347133881 
0.0234113272949 0.934329894766 0.432127063057 1.08685112671 -3.34669723696 -1.35831368339 2.84496718306 
2.74845258096 -0.87877467394 2.01966155215 -2.31179408716 -1.51123701593 0.500330365191 -2.84088822565 
3.17188283649 0.0193700232243 -1.80389654906 -3.47656170902 -1.47812308826 0.0489224220404 0.504052693527 
4.14165086426 -1.64473859768 -2.90194312538 2.93471648834 -1.65323148052 -1.94596453063 -2.70631714749 
4.68537630257 -1.92762899328 -1.60477510577 2.75766667754 1.30586067123 -1.67989293465 0.0377597908151 
4.85899965044 1.66709542548 2.3399718891 -3.86946412466 -2.35024048333 -0.23166823072 -0.671122952461 
1.94941031821 1.77910099443 2.0389008428 -3.92475026588 -0.2688023922 -0.694041528526 0.774173460699 
0.0350713004824 0.345518866305 -2.18453676546 1.17978810257 1.90281143217 -1.81643690498 1.1370371366 
1.22341204506 1.89806838346 2.5031780883 -0.431612711678 -1.92075586029 -0.514474083559 -2.46304052524 
3.0208996983 0.921449343773 -0.0769973630706 3.07758812301 -2.05826678767 -1.80854732227 0.792985038892 
2.18512431028 1.3710276832 -1.61081207374 -0.47762946091 1.71400271559 0.906720926984 2.26454522243 
3.93510922408 1.15499883522 -2.06701490481 1.72273750475 -4.62549002591 -0.542304235845 2.28509305898 
5.38783045517 1.89262048928 1.2497639037 2.73836460071 -4.81592974884 1.05087729004 2.23372353893 
1.81518436192 -1.66676258577 -1.39556995926 -2.13748024694 -0.328368697908 1.9400725859 1.16099157724 
3.15615698507 -1.56496771055 -1.87302533389 -3.94888980868 -0.225251522282 1.19378119441 1.56008683636 
2.22511147421 0.938009558674 0.668420749229 2.07830658643 -1.83048694694 1.21850484841 -2.35822392431 
2.71675481031 1.75407343797 -2.30907533449 3.38936355275 -1.38725083712 0.920155919171 -1.0392034142 
0.0766822391874 0.87078599863 -0.703133438667 -1.30661653575 0.25383480525 0.84671128543 0.142234272779 
0.90601334287 -0.413803314998 -2.81410653701 -3.00454529896 -0.40889868894 0.07222055855 -2.0559577048 
0.0188762148559 0.362344052477 -2.14420113976 3.5580359331 -3.00224789628 -0.580985164564 0.569973396255 
3.25606124137 -1.88915600191 2.62050116698 -1.7446142481 1.06784639985 1.92178692143 -2.66520336273 
2.14111813599 -0.888820893611 -1.04076967303 -1.55995791346 -3.76727153055 -0.364753718394 2.14333112749 
0.567314979781 0.735522484416 -1.02014175036 -1.97675566565 -4.25442994881 0.590730716153 2.95994615265 
1.44475610349 1.63649562447 -1.07844879106 -1.16318772102 1.93920658093 -1.11101804933 -1.35602445213 
3.80608249814 -1.0422382145 -2.30160040801 -0.916776897137 0.074623906315 -0.583018376293 -2.87341169165 
3.68900499936 -0.674344339675 -1.07989320819 1.45633046348 -1.62122777012 -0.74247716606 -0.523163269281 
5.4365305419 -1.31404220965 -1.38472708074 0.28501478115 -3.11502794066 1.38293986485 1.23264516444 
4.28466532921 -0.0684642693486 2.38413502704 -0.706113459505 1.97628172809 1.87515616669 1.81835627574 
1.39126264112 -1.90108777168 0.362663674654 2.70558511205 1.30338428198 1.02559096023 1.11243262807 
2.99428160119 0.346365843193 -2.88873705089 1.56488221772 1.75847264288 -0.939823600868 1.8106614446 
4.19187133484 1.55805849029 -1.66567659238 -2.90339506595 1.68791202297 0.691271363688 2.17218866965 
5.84419103787 -1.59771189436 -1.9360369261 1.09622217246 -1.8487348794 1.05539478384 0.39143684299 
4.38127570313 1.70682797872 -1.34092661242 1.36392008191 -3.36893853947 1.45937529033 -2.37560960005 
3.11583747753 1.56211327824 1.33981367582 -0.606791108322 -2.86879699895 0.329411614732 0.116680309889 
5.23768938205 -0.0321609856137 2.4343301165 0.100746838089 -1.13737154891 -1.36822931161 2.84205219556 
2.20570493197 -0.041663036841 -2.63109123119 2.81281691407 -2.81031743926 -1.76992074133 0.514294934923 
3.3361156786 -0.474041004964 0.847180911737 -1.88952376891 -3.91294848314 1.01846504161 1.2051483925 
1.4126025981 0.163888326205 -0.143760779314 -2.76954229298 0.396071324402 1.32731289102 0.519313591011 
1.7085950849 -1.40960488838 0.908213930491 -1.93751802256 -3.81174510776 -1.17236765026 1.46966190816 
3.27325413243 0.0861463168358 -0.581885068149 -1.96371310513 -4.71302665808 0.524600357993 -2.71701383645 
5.49472539731 -1.62609170162 1.75763142579 -1.46305119814 -3.46783520338 1.11134027398 -0.518488910134 
3.54987998826 0.719679651798 0.429777371275 3.7614919473 -0.143219288627 -1.48325584009 0.0431089816265 
1.86374789347 -0.00575366943231 0.184306322943 -0.102198287936 -3.82725002193 -1.36999665836 0.484073039625 
1.2758721916 0.97642434194 2.67876740325 -0.102230193141 -0.618821215312 -0.968105612606 -0.734480440989 
3.79851956238 -0.755611672564 2.41255808667 2.49660213516 -1.17687837424 -1.43917920877 1.4551031975 
5.05353925987 1.27625634318 2.01419609477 2.16311138439 -2.44204717709 -1.82037115125 -0.804945411957 
0.0243585786889 1.47820539046 -2.94876396316 -3.44161895669 1.75952297194 0.714212609646 1.72189528498 
5.22188748922 -0.414869617936 -0.780654022813 -1.7997618743 0.334808879426 0.584959051143 0.499414364651 
1.77677337459 -0.808434874055 0.850180337889 3.68718349265 -2.46252101323 -0.901844738212 -2.49992724902 
2.6362284809 0.198461956461 -0.910099747488 0.267749849129 -3.85215595201 0.304218381427 -1.67013117332 
5.78311689231 -1.53803616427 -0.607816948908 -2.35120009238 -3.26691070565 -0.966709725184 1.82888206724 
3.69308990538 -1.23314733441 2.75411386039 1.86899059099 -1.76551736145 1.13703128798 2.99924462952 
5.30674565934 -1.33216629466 0.55956651724 -2.12019759334 -0.619319142514 -0.7092992931 -1.82347132096 
1.61018560285 1.50414401034 2.67340724828 -1.26688239234 -4.59229989957 0.346194886296 -2.00360592787 
3.30578695096 1.51741506843 1.09385576483 -2.9915684433 0.317724679301 -0.36994340801 1.24711658807 
3.03894758268 -1.37282567906 -1.27484388524 3.91105574786 -0.186570156262 1.79460087643 2.39119564861 
0.968470268397 -0.0715366603114 2.69119153356 3.12282233951 -4.79773693831 -1.73514863449 1.54581986215 
3.79774125844 1.57290221232 -0.883419776599 -0.936897491088 -0.980770694359 1.9731861233 2.19691776141 
5.69099400334 1.112484733 -2.58901217932 -2.62961719164 -0.964047062218 1.48835106238 2.9886261902 
3.07171568026 1.06210354237 -1.97123374537 -1.40313845072 -0.264101229886 -1.8843668509 -0.878607630895 
0.238109152447 0.812178032762 -2.09610309125 1.6487179838 -1.4523648756 1.06224407698 -2.07907004834 
3.40455511785 0.304149600866 2.84713267083 0.543899818851 -2.41026838227 -1.85211468868 -1.83895486364 
0.927718544317 -0.999712968225 2.01677491425 3.49861994424 -2.51140643062 1.79155688675 -2.08506377483 
2.69178287137 0.63009629468 0.164570668365 0.342889163399 -0.379314489554 -0.311430452281 2.95885170961 
5.72021522719 1.65479336248 1.3152237294 -2.18851044119 -4.45491219742 0.910181353094 0.489732248678 
5.23352756107 -0.62182251088 -1.73494457162 -1.508985129 -1.5147158584 1.06146701458 2.33920628443 
0.690395885749 -1.71561762262 -1.07861486873 2.68790652586 -3.33421601564 0.121617453516 -0.584918825982 
1.88165109941 -1.48121507471 1.8610870115 -0.266190281708 -3.16402668103 1.1466865326 2.23371977344 
3.89985196373 1.99671030879 -1.11509042777 -0.216733319005 -2.09475739922 -0.648091706192 2.31552688976 
5.49674302722 -0.105235439572 -1.96597736724 -0.151622627237 -0.0859301853121 -1.70212285234 2.80947779389 
5.42878962508 -0.184767857282 -2.23391875999 3.84361681342 -0.0573155559939 -1.44263253048 -1.26348979714 
2.97837201295 -1.36443245112 -2.20725413729 2.81251292155 0.939024034034 -1.3403101879 -1.22530863564 
4.64551204534 -0.688551522041 -2.10781020956 1.820306064 -2.99861681191 -1.02327139871 1.21297745765 
4.64417152715 0.0334604055211 -2.14632189238 0.403117148079 -1.93598320606 -0.441166457687 0.522989920957 
3.7194273416 1.28669980094 -0.870942926046 0.198108351472 -0.205921421747 -1.35192501827 -1.69746320754 
5.49421036835 -1.0703587854 2.04043037081 -3.49173902664 0.544962681349 0.887297448279 1.59951518413 
0.998674462719 1.86177672216 -2.45347403676 -0.0375015201532 -4.38344977746 -0.287367078152 1.86060447179 
1.05783587294 1.71660826802 0.231061893346 -2.93290722666 -1.56449937888 -1.63917650264 1.80514908331 
5.59867918085 1.57598833822 0.327866073073 2.18162165483 1.23035498007 1.27001143678 -2.88480320811 
2.15400534473 1.44423400236 0.884187225046 0.435389768324 1.17565116784 1.93974940423 -2.73010520805 
5.08466606264 -0.206227405889 0.412661861423 2.58066185953 1.25172506219 -1.70444942277 -0.765034169465 
5.83378912132 1.33330852589 0.113594379958 -1.93277815845 -0.931006989297 0.0378203133298 -2.37548147265 
0.025892190308 -0.510233246621 2.53683530637 3.15487854319 1.45377686975 -0.850324355946 -1.74572565801 
4.69142682873 -0.301456007151 0.676231813863 -1.07654666428 0.313153958443 0.161235659014 0.171835858779 
3.72259205583 1.54802263134 -2.58557282688 1.18276205142 -2.52744514385 -0.0647581799043 0.08229451194 
0.00982978938517 0.128651658609 2.96682400719 0.841857286344 0.609907828816 0.261080278359 -2.87475760443 
4.92118824755 -0.436234047384 -2.12343426118 0.40531086321 -3.18870968451 1.93374961812 1.19692326721 
0.0684952131318 0.396156770378 -1.5740727747 0.395567631795 -3.67306918909 0.162990105642 -0.825235135989 
3.29273506724 -1.02569163794 1.29691141958 2.826848394 -3.88604083461 -0.563297129349 1.09636435397 
2.23791892958 -1.7087796147 -0.910702945221 2.15938449057 -2.0496028505 -1.87607465612 -1.93285238745 
2.68211257221 0.304533382241 -0.109577898336 0.703185968949 -3.09900154185 0.989104174894 -1.92600869442 
1.75816357753 -0.511043912063 -1.27571352516 -1.067817658 1.07841722221 -0.758961393918 1.81779196517 
2.68568744457 -1.54544372365 -1.31363347091 -0.190210270855 -0.41629382443 0.768988776552 -0.333754388122 
1.66634046151 -0.849453597542 -2.17484025438 3.50514968963 0.59389614355 -0.369392868499 -0.890644222695 
4.64672775518 0.695753678125 -2.79152666388 -3.65994816002 1.40221648735 1.9125721989 0.0263497797333 
4.28258290141 0.923889018798 1.07493852312 2.57026631752 -2.05900761372 1.75808605548 -2.87829511767 
0.663603289657 -1.21261671159 -1.54974333702 -0.57439006656 1.60035687249 1.66345947929 2.3688592732 
5.31125621092 -0.95305482927 1.84283856482 -3.02354112677 -3.61258376772 -1.37707557639 1.79226524827 
2.95495452977 -1.80659558225 -0.219945662946 -0.267106890862 -2.40618548479 -1.69346503558 -0.928434725377 
3.65651468845 -0.0220164313453 1.13288658074 -1.83274770883 1.45902390083 0.708095133597 -2.82580407853 
5.76720093401 -1.12704368893 0.518563196322 -1.20631649046 -2.10773419733 -1.48046449369 -1.36358540452 
0.913784286937 0.431819138303 -0.273636888924 -3.36840760232 -1.70846509585 0.411484106806 -1.36059744417 
4.49839812912 -0.146770694059 -1.86132390539 2.6076639252 -1.79430820838 -1.16246388571 -0.0377777981202 
0.0269273349279 0.415245111577 -1.8026743872 -0.235945772718 -3.48182437033 -1.31562421784 0.075304155638 
2.25420719213 -1.99657854611 -1.62646633202 -1.19067206193 0.124106648006 -0.70585743971 -0.379285774858 
3.23747943838 1.78008969163 -2.00989048003 -0.0300678112209 -0.339479852001 1.63877521955 -1.92982159121 
4.96920765461 0.0169049706974 0.749267946912 1.92569764039 -2.58586889474 1.22142840882 1.00308018475 
4.31632471004 -1.06565353966 1.08113126056 2.90683179285 -0.230371885994 0.90394053707 -1.09412764262 
5.76482866206 -0.899170082367 -0.295106804982 2.72086177508 -3.15011902921 1.77259181877 1.94518472048 
5.95481904741 0.54520607304 -2.87871145205 -2.28938021592 -1.86851253118 1.11660103769 -0.408489673161 
3.17857180888 1.43561559817 1.30062412497 -3.12307615646 -2.49632816541 0.345384942853 -2.14045212117 
2.62237727551 1.11898373861 -2.34197853779 -1.32882753919 -2.78596230045 -1.25421475211 2.40363516091 
1.29801068934 -1.22214070692 -2.0524593265 1.30408900112 -1.86683140259 -0.750490437836 -2.90651352899 
1.58697498347 -1.74820435742 0.911282614609 2.07607910531 -3.59122657168 -0.442380093994 -0.158498198006 
0.0565614396358 -0.578217845385 0.769376830524 -2.06050910729 1.31533674897 0.454194812918 -0.238965135135 
4.34718404957 0.0815038424775 2.77454030905 -0.298677735848 -0.428655651325 1.57033412835 0.103242438923 
3.5414410872 -0.775189680851 0.478126441441 3.67176804285 -3.97022446181 -0.727320034383 2.1800954677 
2.02878913768 1.02815478529 2.19356975275 0.548116087439 -3.4060896893 1.92144197525 0.0608161519976 
5.83460241303 0.585111801036 2.35736994253 2.15763709346 -2.05781782774 1.36774959107 -1.33233210093 
1.49577168241 -0.18155159513 1.95807002133 2.46106103916 -4.72613387929 -0.268594960364 2.10092271908 
3.29032913778 -1.36315580911 1.12862499534 -3.20242202039 -4.79969598226 -1.96734691587 -1.83883604039 
4.51655868511 -0.133416007819 -0.0227362930177 -0.514454475276 0.599081089756 -0.722965078684 1.37992337555 
4.8605176292 -1.52865384445 2.71951958495 1.77870280689 0.124876458158 -1.19834378049 -2.29508745045 
5.9868534695 1.06280185541 0.45393969893 -2.53094209774 -2.56138411789 -1.48839507916 -2.39918207793 
3.4410690324 -0.551703843668 -0.830968762779 3.54893021977 -4.08705913417 -0.02655230085 1.49436127785 
3.36018223039 -0.0848281909746 -0.420537299141 1.15866897628 -4.67872653729 1.02906459615 -1.28779943822 
2.64455684746 -1.10809118224 -2.63576760845 -2.16238709836 -0.330514079518 -0.412995433959 -1.81962071865 
0.890129505093 1.14990544184 -2.48088027639 0.267073337972 -0.544939879617 1.62026992203 -1.21938131581 
5.84522676661 -1.70066129812 -2.63792434554 3.88656500045 -1.47143723568 -0.632280268716 2.38516480051 
2.59614116464 1.07858422836 0.683169972973 -2.56617752637 -0.027951400837 -0.672401708456 1.14417916592 
1.44756056446 0.584524362874 -2.32697957254 0.510964852832 -3.37346232936 -0.0394390222768 -2.45917836235 
0.204081147347 0.995439603126 -2.31316333822 0.247296901636 -3.18236828364 -1.39949403325 1.40401533866 
0.379889411302 -0.356696754362 0.938924299488 1.20350570208 -0.660806821224 -1.8086691664 0.147410470603 
4.0390954161 0.307152226291 -1.58290691642 1.51514811764 -3.80343266927 -1.0198373596 -2.14148866426 
0.615381533731 -1.2219862531 -2.20743687366 2.58082154566 -0.170869575875 -1.80463077446 0.855224846397 
3.94387884623 1.33731017788 0.825768655582 -3.76937164682 -0.210032667803 -0.0313050448689 2.01010075006 
1.92919739069 1.83688631167 -1.89237396618 -1.75773510378 -3.5250662959 -1.02068896198 -2.57336761978 
2.82171552342 -0.855039796379 -2.0328446792 3.76008763704 -4.2665531793 0.0882154299458 -2.0300038689 
2.07804867303 -1.0812748072 -1.3114549548 -2.84762097021 -1.00293379912 0.898244280678 0.931247794691 
4.57635349524 1.29666613232 -0.785730332244 -1.73887819296 1.26666215128 0.252949626756 -0.867014936093 
5.01771427145 1.3931198965 -2.14366460874 0.363060390726 -3.19432966514 -0.674820489682 1.31700745431 
4.08824427716 1.64612274256 1.1105023548 3.44663874149 -2.79270426716 -1.77603826338 0.560043998215 
3.87908423577 -1.20628622556 -0.550316136438 2.04605149174 -3.00963545845 -1.95148175797 -0.437849806462 
1.8124009616 -1.13196071297 0.547609996702 -1.45223664747 -4.04370740186 1.31772516255 -0.552236309527 
3.33166024515 0.309735738995 -0.83306763677 -1.88337000158 -3.12401112937 -1.77547576099 1.14231458372 
2.84757343714 -0.823440167645 -1.25446027253 -2.02111949258 1.94632358412 -1.1912221893 0.404995023822 
1.9646993825 -0.582393437054 1.01934949844 0.00755166865389 -0.997465567426 1.06334479592 2.89972628635 
2.6131365438 1.69835817574 -2.74605237268 -0.465856276614 -3.41973688656 1.0419765936 -2.3128401326 
5.54284361987 -0.8961259686 2.19732133888 2.1242951448 -1.59650809881 0.887741329064 0.526434471578 
1.97828743255 -1.62326452543 -1.35214916268 0.717923234055 -2.88213708868 0.885836086486 2.11259903479 
5.1575734625 -0.912015472647 1.90229260294 -3.42057552728 -2.21196333752 0.921928645095 -1.2615941674 
0.672295278979 1.24918253508 1.75725629761 -3.6633110915 -3.48524234816 -0.60866946515 1.36170009991 
0.127121640076 -0.473690450745 0.178035664703 -0.142740047829 -2.42023167104 -0.803735106845 0.603477039368 
4.58840735486 1.43303579109 -1.92425628676 0.578846815325 1.69870896587 1.51577904703 2.62293648859 
4.71745437107 -1.6569523587 1.57420665603 3.18662330345 -1.19298157979 -1.99209308876 0.584808572833 
5.26983870238 -1.54954139719 0.748751796064 -0.983632303095 -2.81555371221 1.27519631242 0.354343709836 
3.23240816917 -0.468469243345 2.35756744676 3.31975133636 0.723243793666 1.50546260052 0.177708903544 
0.311556446572 -0.58803542378 1.04037705389 1.61624826348 -4.88183062895 1.95343680644 -1.31398579937 
0.494919179124 1.82237858671 0.89139650583 3.58392376282 -1.74289444484 0.758822791177 -1.63252041945 
4.0158657436 0.310760073914 -1.46758055371 -3.44498450916 0.850460987928 -1.97127685545 2.65961303149 
2.01174117667 -0.909781837974 2.7150977029 2.39456140244 -4.3338226451 -0.646723564745 -2.94109867011 
4.5423324453 -0.919584964155 0.0902798691161 -0.724188339588 0.64172770637 1.96827173824 2.78073708426 
2.24129819181 1.21749294582 1.89579427928 -3.67466261723 -4.64987417816 -0.467217665601 -1.64024224005 
2.12574362612 1.31648022571 1.18054100465 0.0207332408842 -1.63634061725 -1.35383528538 -2.55790207871 
0.614911566867 -0.633780686454 -1.02257194447 -0.147429812007 1.08526379386 -0.26598084505 2.19073817279 
5.64842518908 -0.220961152632 -1.73670341205 -0.038004149289 -4.90709602735 1.49868534739 2.02367323999 
0.130351546074 -1.28485066344 -0.271060428671 2.58350624374 1.08877039508 -1.49619373439 -2.31961028503 
