5.81690315678 -1.27802695784 -2.52637699664 -1.96146553799 -0.155836792559 -1.33924809501 1.69592038265 
2.33971839305 1.78416323514 -0.177729965669 1.97487323123 -3.5588225409 -1.45812472575 2.24878352382 
0.40008638592 -0.731776794988 -1.5231696523 0.887345711312 1.36686220857 1.17043087666 -0.605700000602 
2.22437309281 1.7507452283 2.13079414483 -2.53381997642 -1.30297328164 -1.02137102651 0.111874161745 
5.8503366955 1.76585886359 1.27516061365 -1.786845847 0.184738362906 0.234014861567 -2.75312801269 
2.81983185839 -0.43305442083 -2.83358290566 3.51942765878 0.844272424495 0.57087448089 -2.61499848423 
5.64351117951 1.73873659559 -0.185221449694 -3.67640650618 -1.83712347785 -0.753976327199 -2.92514809756 
3.1689812112 -1.52230764089 -2.83026802363 -3.21108599791 0.729928747229 -1.6761670897 -0.0222401647406 
3.03716263797 0.512095626672 1.6917951357 1.9959338909 -4.39690422793 -0.234113475526 -0.805093162434 
1.6963617213 1.6571788792 -0.871676424454 3.76621451403 -0.412873448276 0.580311792887 2.57524878013 
4.76675610786 -1.55213556525 -1.87819418221 0.447829199745 -2.1097293873 -0.373529759627 -0.090783074993 
4.80470475768 -0.449079615922 0.377941087346 3.08105814783 -1.95666563598 1.46846419629 0.15548893299 
0.101565465564 1.58036965419 -2.26922337353 -1.87005821583 -4.13008408296 -1.29488616679 0.478612460535 
1.84313148639 -1.52041041195 0.972506645514 0.362601549144 1.04214728865 -0.827336749705 0.0900177452309 
5.6705856653 0.557559613751 1.66307012269 0.77531791558 1.58215053546 1.02325515791 2.69024175625 
4.97510128256 0.019969663963 -1.11292228091 -1.90517033129 -1.07971626697 -0.746440622445 -1.02705606735 
4.41842231583 -1.18096767644 0.231871875733 -1.16395323459 -2.03492243014 1.71910161927 2.53762598433 
2.77425449588 -1.48611752643 -0.589751319278 2.17710082307 -2.14136388577 1.93548990905 0.27921698089 
4.07457560718 1.64796167012 1.19439061601 3.0693152128 -1.62257638533 -1.44724186821 -1.74683767586 
0.000458380076686 0.53718853204 0.871722200241 -2.80886425249 0.505762924953 1.5406286823 2.15133486297 
5.08319255878 1.46598027479 -1.13346933742 -1.82647824624 1.49010012848 -1.15190461008 -2.28828395626 
3.30278234112 -1.4154371968 1.95615875699 -0.431400482061 1.39990356201 -1.25631057513 2.37439868134 
1.62744628864 -1.40787470931 -1.41609743374 3.45877746219 -3.05277540489 1.34199237346 -1.59952669624 
1.60088444335 -0.0135629348561 -1.43896904017 3.27487060333 1.20965639877 -1.88986208971 -2.23151945347 
5.13472523651 -1.70646990944 0.264083372156 0.339704253061 1.66445509536 0.495008718281 -0.657542831541 
1.01149847231 -0.62055291791 -2.69285245232 0.207351958463 -3.5481106398 0.898116887219 1.90608475452 
0.34707758632 -0.546854361229 2.59415108391 2.70399510477 -2.0399205034 -0.182177258317 2.61436464003 
2.31284907167 1.44401955961 -1.26184079494 2.77333400516 -2.93556063434 1.85270937659 0.894708599655 
5.89468052698 -0.618440038251 1.91217633182 2.15889202775 -0.345951630997 -0.300009227812 2.6304966565 
0.539831719792 -0.890741863363 1.26296598805 0.692799125411 -2.73647565703 -0.725598802638 1.00242594342 
2.166651313 -0.302943352127 -2.47330785525 2.58176505365 -3.50442499404 -1.31763821585 -2.27207854612 
3.79653307378 -0.62887791099 0.676828635828 1.15935378542 0.870184156673 0.193309832392 0.172812226309 
4.41009615255 0.451820954488 2.65824460624 3.70753951572 1.50294645913 -0.841104907617 -0.675835292607 
0.473237909844 -1.86647799887 1.92560521224 0.989512087099 -3.03738125322 0.194471028458 2.38364158243 
3.3755870531 -1.37093405768 -0.483201601555 1.00475769296 -0.041513397844 -0.693522096599 2.1475922563 
1.90726152437 0.547918792509 1.28539498453 -2.16292215016 -0.264438269269 1.80555447687 -1.83580757782 
3.9314481103 -0.125364076258 0.854831066635 -1.87570615526 -3.79590103191 -0.057591603006 -2.76626344713 
1.26178191039 0.0924598677124 0.959739006603 -1.07324130992 -4.837504969 0.710787347968 0.482791194872 
4.84051321566 1.26762097358 -0.218400941278 -1.68306539459 -1.62416418326 -0.582074579629 0.880257827866 
5.09450446529 0.433237210022 -0.110347767948 2.96605998527 1.76389491751 0.452326760332 -1.55419148296 
1.57785350949 0.223685380739 1.00397183822 0.41841545106 -2.45207218725 1.12507267025 0.564803353313 
2.16311111148 1.51160992137 -1.59323329961 -2.67825064798 -0.209717523638 -0.187491715951 -0.546980774327 
2.77757499341 -1.34737316574 2.5883985742 0.56473967919 -1.87375807861 -0.894001413417 -1.90318164942 
0.474872782495 -0.181953588488 2.30080081177 1.21958323429 -3.95005808445 -1.16906735024 1.94238857181 
2.08663799212 1.93861176623 -2.03476430533 -1.28429279365 -4.77288062944 -1.67723926261 2.71056830754 
0.511999160569 0.618900518193 2.83188120668 -2.33983398654 -1.37349372583 0.91685704395 2.8820368894 
3.02640676102 -1.27065497398 0.438174476754 -0.504093184346 -0.346878765302 -0.917760340059 -0.138674920737 
2.53546314398 1.71396572187 2.97765613238 -1.30096264701 0.221945524543 1.40590057817 2.09736479821 
1.01415735806 0.243434960095 -0.156529040174 -1.34656195437 -2.91014015202 -0.276179935445 -1.5738030522 
0.647417209585 0.95728069054 1.29058911908 1.85965149531 -4.56030051772 0.148169399842 -1.07795076467 
1.70389380302 1.31338573211 1.65462576412 3.03488714336 1.70623852585 0.983094514314 -1.06227394369 
3.60561303668 -1.71425725814 1.50578980949 -0.497131941904 1.10603882221 1.15251761875 -1.4203683076 
0.583732487152 -0.742067708606 -2.83662827139 3.43920402557 0.846659740274 -0.344447348621 -2.67916018871 
3.91535946117 0.639166318828 0.3242047173 3.70944574969 0.702243003259 1.79117005191 -0.947774312109 
2.73011372261 0.742298411612 2.4585795761 -2.81542799708 -1.56551993952 -0.473295324932 -0.160955202818 
4.04243401312 -0.741433813395 -0.864588209055 -1.83213217655 1.94401313245 0.854478342659 -0.935085705155 
3.72378315045 0.624842505512 -1.80576402877 3.05172528495 -2.82232122672 1.57353973048 1.48343093757 
2.45192424725 -1.60465775055 -2.07936519198 -0.415584986071 -3.3357048512 0.360698619653 2.11379944146 
4.65976243564 -1.13294052877 0.809468546914 -0.542458815849 -0.941605159466 -1.85249763518 0.0382958418384 
0.50730566283 0.908834941758 2.92283663044 -0.620779621919 -4.36911623066 0.242292834405 2.56180646884 
3.28631036723 -0.588564299131 -0.419550777065 -0.0942970336737 -0.0487812114176 -1.44530504095 -2.00464990479 
1.71320463698 -1.60504035396 -2.53131358093 -1.53211207474 -1.89546296408 -1.66764342839 -1.13514366796 
5.05129298787 -1.78724746771 -0.55155529417 -1.41350587474 -1.86560888132 1.61123237399 0.0744189022334 
3.61091409389 -0.270015713671 -2.56312060608 -2.31597513148 -4.10976576626 -1.66256775108 -1.03756545155 
0.194512491146 0.558174987559 -1.47921948532 3.49793272496 0.374937624845 -0.328948632948 0.285289716572 
5.35905358736 1.14556065463 2.82379890408 3.84865074771 0.838678905764 1.18074197858 2.38550948206 
2.17246960655 0.650074961487 -0.166886251076 -1.26030158467 1.98075336276 -1.62431105272 -0.383183805524 
2.98218292136 0.691789074053 0.950579378052 2.74465335258 -2.8113050987 -1.34078692788 -1.31570905147 
2.41295916815 -1.30686623639 2.1306080669 1.11295310604 -4.6135917832 -1.49462449881 -2.55377083843 
2.49831590056 0.168864985945 -2.83510067617 3.74693266873 -4.00539182924 -1.11920389643 1.85543792695 
2.73137612999 1.31288124917 -1.44275534432 -2.47373045114 1.06416155904 1.04404967117 2.67377246498 
3.02386541372 -1.72233087388 -0.673758682191 1.01212986997 -1.93652850785 -0.72173434672 0.23840030372 
4.57801080876 0.0196577244485 -2.62613319476 3.9898074116 -1.72951730031 -1.84711900924 -0.595062208569 
0.919292671838 0.402471405087 -2.2630518442 2.25857936348 0.48910924892 0.831233841741 1.53032476008 
0.125654507511 0.112614727431 2.52017659384 -2.23805220498 -3.02327955996 0.028018567414 -1.7814077647 
1.91267346134 1.05915627412 0.460848240199 3.03212952189 -1.70547369661 1.16626113837 -2.93575394082 
0.90362884024 -1.07442487752 -2.43946393463 -2.67763054738 1.19810444119 1.67032958402 2.00500739326 
5.6371143152 0.39406851341 0.35037063764 3.0084344834 1.87826750045 -1.56108154403 0.78897656413 
2.65147916289 0.621531760325 -0.494384685036 2.12697714407 0.707030318561 1.44098186368 -0.0268060565977 
2.30200074195 -1.80329555775 1.19449395996 -3.12547570456 -2.09190218291 -1.84656609405 -1.55184458734 
4.32661845463 -0.853082571299 -0.907312332156 3.71521667871 -3.22638108617 1.90317252905 -0.306149407339 
5.84622502085 -1.93679614665 0.384999020359 1.55884190654 1.42361732543 -0.0130182768653 -0.169923895924 
5.86647844684 -1.66902482586 1.72865661496 -0.548644917109 -1.70985288067 -0.725049882306 -2.92200231211 
0.0824993914383 0.426370661563 -1.06517257317 3.48994577175 -0.457050218044 -0.750072792008 0.0966838497533 
5.04197483543 -1.67033861015 -1.49620042388 2.2069472451 -2.80196601764 1.06340737572 -0.199213855858 
5.59391173282 -0.433484947081 2.72360158773 -2.33163560228 -0.0332954504552 -1.81008931831 -0.00793811297628 
5.68776122075 0.431006633821 -1.90492549639 2.16558242486 -3.36844728261 1.98166660499 -0.652477802432 
5.77934220891 -1.18654157217 -0.159022646712 0.997597118525 -4.58058690388 1.23998239113 1.47413496844 
2.41828195876 -0.654864841248 2.16837234942 -0.778071630581 -1.47963996671 1.26834562799 -0.856485624568 
1.82103549596 -0.514582621886 -0.328447545413 3.22752142525 -0.729232945203 -1.12210099718 1.09394175395 
4.85200815428 0.584951384473 1.75833408615 1.12262353976 0.456427807447 0.261370046445 1.15047148706 
4.5978798243 -1.22849386722 -2.5177680616 -3.91694364719 -4.09704353876 1.85589246978 -0.301383390008 
2.08374626721 1.22039440233 2.27320801718 0.612353165578 -0.412987704732 -0.849164998617 -1.06506268487 
0.460313950134 -0.382921858105 1.08796692215 -1.29103698877 -1.21972668303 -0.439857548986 -2.99076645044 
4.99749574255 -0.512808946733 -0.669454776639 -3.36758688145 1.36411541377 -0.229212967729 1.62972290597 
3.15103331556 0.277617364531 0.613744033815 -3.89315236686 -3.63092586208 0.493296307377 0.732218711092 
4.18997704009 1.56372840089 -1.06144403017 2.49753788644 -1.90069340078 -1.174987273 0.244723081019 
4.33347258315 0.217252267834 -0.413033927947 -0.674565430351 1.79752539399 0.792585598453 -0.29343968407 
4.16132482241 1.53311246091 1.96013578651 2.8765442923 0.269988646136 0.332989916302 1.29685340981 
4.43886550636 -1.12967474592 -0.599875604107 -2.76085258542 -3.63560459575 1.06076310699 -0.085042226969 
0.203835863999 -1.32221954014 0.846385819763 3.54328668741 -1.51926466955 0.144831217595 0.153932110185 
3.5325013387 1.25049072928 -2.637378681 -1.73579739882 -1.28600760986 -0.742307578629 -2.4978967431 
3.64176461719 1.35424724097 -1.29265624415 1.02415078028 -1.43049482931 0.851094664353 2.34537980461 
0.682408713096 -1.07503664142 0.252407971151 2.80303934337 -3.22618180183 0.634094040683 -0.188819647163 
2.7845126906 0.26426206088 1.55551332118 -1.68281712566 -1.16672936977 0.369851484367 -2.2694246249 
4.05619340917 1.73600040121 -2.20384449255 -3.87206342146 -2.23749609264 -1.99303989244 2.56855336432 
5.95685696535 0.659620751002 -2.06368371706 -0.646598455806 0.783268546355 -0.795828955753 1.76147319403 
2.07695246627 0.25880709766 -2.32173205799 0.169115490854 -4.22069068767 0.383300377061 -0.648658267525 
0.873163873919 -1.04959387921 2.51563794224 0.589143453618 -4.97108691739 0.318285655684 2.68211866057 
4.38265069029 1.26735070524 0.49873489271 1.54483108136 1.95308110799 -0.73687252984 2.36446058476 
0.657661871517 1.6275347073 2.69338938494 -1.50332055749 -1.41217034908 -1.46405314551 -2.68373990156 
0.910191676575 0.694293970983 2.33217039354 1.4949794698 -0.985842458835 0.689612972467 -0.0194158431176 
4.33593097207 -1.34686496724 -1.01444195601 3.82151773478 -0.114644726242 -0.461385914959 2.81306509182 
5.55564790776 -0.78879032441 1.4310118301 3.25731130908 1.48503834365 -0.834166461327 -0.162617049826 
2.97233040854 1.8412164688 -0.257509496693 -1.37221805469 -2.47249592261 -1.28930128409 -0.35609876222 
5.58047480348 1.49698648409 1.97307882513 -3.69246470854 -3.94290882052 -1.93430204325 -2.83802373944 
4.26264342544 1.42294995999 2.50048891396 0.142948510078 -0.507060015698 1.54269959111 -1.96986244913 
1.06170868371 -0.41318506897 -2.4172651545 3.52243719854 1.64018329525 -0.634141543149 -0.45342345574 
2.11679162205 1.53450758953 0.675891059496 2.85864524379 0.174423056135 1.58488088264 2.89779490949 
2.85067322373 1.03284262106 -0.740834450337 3.54595119394 0.0035106949621 -1.71679812099 -1.27937383014 
0.755367489236 -0.696885539761 -0.719039622654 1.30511085967 1.87034197711 -1.98844893588 1.53443175638 
5.7816985834 -0.756496618591 -1.65463500486 -0.136708094804 -1.63580237869 -0.720842772061 -2.51214603971 
5.35930987751 -1.11475644886 0.89916069394 2.49247602936 0.487942197373 -1.50581331189 1.48294545317 
4.52412292234 -1.08251194251 -2.62114379382 3.97399080028 -1.51268986307 -0.841749707556 2.82415753174 
1.49383843587 1.29872950461 0.721806973371 3.61019102072 -1.13043143019 -0.418989452895 -1.03307744421 
2.54133920053 0.98815848489 2.69117933541 1.86632425119 1.78708114073 1.00470191062 0.0566390090631 
2.59044593407 1.7890387399 -1.6966606709 2.94276639311 -1.63328387445 1.90451749568 -1.94227721423 
3.34856085252 1.14685747368 -2.09788258094 -3.19896140015 -3.31724558223 -1.79441142076 -0.515311974281 
2.81248373186 -0.657421396842 2.25786852639 -1.07441158354 0.380797572757 -0.639022778447 -2.90302979932 
0.166130669755 -1.17920513349 -1.47778065866 -1.01512844539 1.36229752198 -0.82809091071 2.92743278303 
2.46549748602 -1.99183313918 -2.52219482666 3.17873085803 -4.00787932186 0.86327478459 -2.72763408334 
4.70963440693 -0.536491378182 0.460401746789 3.83730053958 -3.49929135585 1.05282727294 -0.308048928328 
2.64902912023 0.97753348855 2.79783104134 0.771205794024 -3.50576884179 -1.95425609773 -1.85904967911 
1.00005814978 -1.34034412759 -0.378497866967 -3.549601711 -2.05743256547 1.61423804022 -1.68445785887 
5.3365753825 1.42722991975 -0.586418208516 3.07884167742 -2.31195356409 1.43558529869 2.46216778702 
0.484085640411 -1.71081212847 -0.44520567037 1.77485023928 -1.93195056166 0.594887061468 -2.88365702169 
0.912312394707 1.77848839172 1.61529184562 -1.20759414302 -0.047416724479 1.3331480184 -2.68526636198 
5.11637320692 -1.02387353163 1.52707501616 -2.40852291114 -2.51663749122 -0.968663691693 -1.92611458996 
0.3873366129 0.791347719292 -1.64827471026 -3.44507214974 1.98547696918 -0.536562301921 0.522955054177 
4.93748754074 1.13854564817 1.79141654787 0.469859201047 -4.76132001797 1.03826942445 1.3760779247 
0.927468919369 -0.730792950993 0.893016771519 3.28987178785 0.763178562547 0.59202771837 2.77079092805 
2.74276080226 0.922786668443 -2.72011609852 0.340520203705 -0.672074157882 1.23850329893 -1.63032910936 
3.58815150029 1.4977707052 2.445896222 -3.23591859927 -4.92277624611 1.57169186989 -0.273593104138 
2.62840649483 -1.50553696185 -1.58661014124 -0.835003582426 1.43797821885 1.02299004862 0.196854971776 
2.48474858676 -1.09938539714 -0.686786896079 1.74021968002 1.42534782445 1.0957866862 -0.834579801582 
4.40528642519 -1.96417975245 -0.00423301950285 -0.727172920773 -0.791004966792 1.72041405678 -0.364652058203 
0.788133897774 1.6137036651 -1.18208918015 3.80662335699 -4.52106892743 0.556860536224 1.0989051725 
1.12245815465 1.29286450376 -0.413011529144 -3.72264257997 -3.58176714169 1.66192443298 -2.71908394728 
4.03932346726 1.11398750331 1.54905817623 -0.193031280308 -1.86876550354 1.35158702815 1.30479940887 
2.45311891914 -1.61111331942 1.44847163254 -3.8421289241 1.62713508378 1.11893508827 -0.717677931152 
0.56909518567 1.76849590439 0.887010909717 3.04824838815 -4.00032370718 -1.59190869694 -0.596728126697 
3.18215471353 -0.121284171837 -0.835153051273 -0.104545335891 -4.41443936303 0.405119567874 1.03780659669 
5.55772340002 -0.601690666046 1.75625816758 -3.51635377812 -0.398696196768 -1.84507938696 0.493804205209 
1.48247662106 1.82641311397 -1.1193626564 -1.13133042602 -4.72416777841 1.26044645494 1.99797315172 
0.655271926661 0.524820402827 2.25083339264 -3.50591486447 -4.90253328691 0.883038871909 2.85285736778 
5.77548751636 1.63475538405 -0.929667098924 1.60737094373 0.902146259825 0.762461179797 -0.0832275606965 
5.33629221364 0.923122289261 -0.00154978723325 -1.75656321438 -3.2305040609 -0.770400098163 -2.30415669655 
4.08580766315 -1.71725291483 -0.185214891548 -2.20477986856 1.57288977225 -0.330357056924 -1.5712955422 
1.46842782828 -0.704523305731 1.5710220323 2.38538183851 -4.418886197 1.68309787399 -1.97668744927 
5.29725625401 1.35920726288 1.34274463967 1.29784155896 -3.64095860393 -0.131476289077 1.44385769834 
3.78981994043 -1.46168024264 -2.81725906146 0.253253700438 -1.00592601561 1.46932449977 1.6331134875 
0.968807089203 1.02867041394 0.762151362321 -2.2693508002 -3.09641627217 -0.51690539983 2.15794202947 
1.80460224177 -1.51934799216 2.78234174756 -1.37742633104 -2.74270996428 -0.77888201398 -2.85460381981 
4.25177306217 0.312406267674 2.14242638833 -0.0584360812022 0.959141630036 -1.22644090646 2.80471090785 
2.18763352889 1.28325528005 0.26175567084 -2.43406188719 -2.61641881982 -0.910263493663 2.06260185852 
2.16285598217 1.96772070488 0.888106715519 1.33523625715 -0.411353118085 1.72338903789 -0.235316529415 
0.930484974989 -1.85964516028 0.910445298592 1.30327865168 -4.29223324625 -0.0486773514157 -2.61128330934 
4.11449255262 -0.443203665604 -2.92368331741 -0.712851193508 -1.09068645853 1.33967797354 2.47806257406 
0.754150275181 0.705588600017 -1.24597658814 0.284191562071 0.321858175992 -0.787474323829 1.91206841884 
2.01640839589 -0.242297751369 -1.11043734051 1.78847556079 1.04154628912 1.78660743801 2.09302017222 
3.95814628822 0.0353227627145 0.396492478092 2.84467073413 -1.97734598141 0.913420568826 -2.05519422917 
3.08166446781 -0.624383157478 -0.464804290009 -2.45342367203 -4.9356977878 0.926323734153 -0.964252532029 
3.64033225225 0.681806549779 -0.344415985557 -2.28814617291 -3.75321644937 -0.185589915309 1.5019347158 
5.30964446223 -0.371619125639 1.21264003091 2.40508999706 -0.805530732025 1.44905441109 -2.15787643244 
0.853742893213 -1.00646017858 -1.53794459917 -2.55784825951 -0.868390614339 1.67574558512 -2.15159526291 
4.42343083412 -1.53048011539 -2.75200921779 -3.03662838825 0.586710322852 -0.267944196899 1.77880696006 
1.30816626602 0.183080867948 -1.91731491288 0.154438549366 -0.523885728796 -1.44549417355 -1.58714989245 
1.98804834408 -1.00811090141 1.3280010953 -2.02327584635 -2.45464314343 0.747560385991 1.60916857658 
1.64248315565 1.10977365691 -0.425417169436 0.434394573434 -0.400837283796 -1.85675455056 0.685520787041 
4.90734052943 0.423977172327 -1.46240571037 -3.90047900421 -4.6605730502 0.804407711963 1.72457753333 
4.98575649168 0.480905618522 -2.45164405506 -2.42436346004 0.775617085172 1.92147247348 -1.61625256611 
1.89288281202 -1.9762136956 -0.376756507666 -2.51379251936 -1.05891612152 1.5348619353 -2.64636339286 
4.09578065858 0.607512996744 -2.5150992038 -0.872968222236 -1.90969947622 0.295248364689 1.01625298948 
3.04179943098 0.419773462552 0.808057697165 -1.12948128284 1.62011963313 0.264687416073 1.47763952389 
3.34745799216 -1.93974152271 -2.29648073458 1.64440514837 -3.00675131239 -0.242523597561 -1.53337535182 
1.92830316827 -0.884554107372 -2.52947958407 1.46271185905 -2.14135293827 -0.256818232536 1.00626032385 
3.75568139045 0.933025808869 -2.89936796973 -2.73364407084 1.59682871855 1.32421872077 -0.345406934613 
3.23385648457 -1.55112270101 0.318442420607 2.57447592737 -4.74036833918 -1.87807258229 -0.792735711162 
5.94113164528 -0.528684368529 2.86047042348 -0.808906690081 1.11226421364 0.879639268656 2.49408270142 
3.23512819794 -0.00975347711966 1.79642196871 0.911041602384 0.425415595236 0.466501610405 -2.83876395738 
5.3273035841 -0.429186248289 -0.336801430187 3.39860142198 -4.01506244428 -1.12197163295 -0.399135056456 
0.783481211891 1.26449969291 0.181485099544 0.156139936785 0.399208063128 1.47426531347 1.33479526659 
5.352413185 0.567106921835 -1.58904783802 2.10476248975 -0.523688488722 0.569494132371 -0.641609800736 
2.81012112894 0.903022065297 0.233176420898 -1.13730050601 -3.06555897765 -1.91743831375 -1.99067431377 
4.83557403102 -0.529390129496 0.996913838006 0.0601714313289 -2.65099172575 -1.23310893742 2.78822886204 
2.62235357267 0.650100405641 -1.27843632316 3.93367673718 -0.407875031241 1.68596473113 2.61967107614 
2.57621970532 -1.51597835208 -1.0711427072 0.695402790236 -0.243885071051 1.80816190731 -2.26862800371 
3.44400741161 -0.0200262889904 2.81991761329 1.1312621977 -1.4359905898 0.376060414838 -0.29955953849 
5.84043732128 -0.0540483759882 -0.784240561728 2.82301255243 0.0492513634518 -1.51305453476 -2.50913075929 
1.93860649375 0.0980495053223 -0.786264188085 0.729685130002 -0.45680793743 -0.0155968963997 2.37681575511 
5.49958700204 1.02420111793 -0.550643538931 -2.26737907967 -1.33679779849 -0.0755671133232 0.264334986457 
0.609972373006 1.90458753465 1.49811015412 0.0489202130084 -1.67877656482 -1.76843625359 0.0577673770744 
0.837753611992 -1.60858245305 -1.81602238811 3.28432082438 0.311123303374 1.96044103676 1.04749775065 
0.682166712269 -1.78034568011 2.64025991826 -2.53510358429 1.32986318816 1.46004768733 2.68422607261 
0.118053262587 0.386783187859 2.46393242724 1.24790983544 -0.667293057499 0.301707397534 -2.70130149056 
0.0817473782915 -1.83887033336 0.578991245279 -2.58229286914 0.381737967125 -0.175546060618 2.49392492832 
5.71115092343 1.42003036647 -1.71575470626 3.9889751924 0.093105184765 -1.0368603231 -1.88735590163 
0.901510060094 -1.64072547425 1.66404666458 0.633262559058 -0.0220332414226 -0.975187924662 1.84364001079 
2.04175453425 1.31078751183 2.80431710386 -0.276198367409 1.23326264456 0.39019898426 -2.36106337327 
5.48697280001 -1.28483494984 1.37669973482 -1.94487404447 -1.74744832281 0.607337587834 -2.24715062458 
0.476987714755 -0.201168936125 1.67160111644 1.99560168755 -4.84001215055 1.65395034184 -1.61297246733 
5.80298896046 -0.750776073244 2.22493549965 1.29918539614 1.78883416307 0.660809488607 2.48166131224 
5.48834926142 0.0671952919352 -0.617108269177 0.468624857794 -0.315435688084 -0.980048393689 1.91571296365 
3.96675290966 1.51183614289 -0.994615409307 -0.628025296517 0.391188160251 -1.72655687669 0.340847961473 
2.94751178596 0.63811443151 0.581005128714 -2.61369471611 -1.82946228618 1.43843371223 2.72442395732 
1.76084855315 1.95705621451 -2.75357015244 -0.62577285156 -0.461761527687 -0.52813734583 -1.84888410005 
1.48829135975 -0.949852213307 2.28604190144 1.16894418338 1.91991626223 0.0347560119164 0.559888536373 
0.236502346742 1.73699833392 -2.98005937853 0.125100778673 -1.09065309586 -0.990640274157 -0.875871905317 
2.71557792773 0.444290283748 -2.46134056756 1.66682427388 -1.29860170926 -0.597987088419 -0.345162445088 
1.23252708453 0.748398969411 -2.16768359245 3.48999805314 -4.80639446339 1.95793283145 1.60985699931 
4.98389880657 1.22439631129 0.131485460477 1.94922960738 -4.48307253717 -0.399237229302 0.858680237041 
3.16525771929 0.0550471429785 -0.158264737156 1.44305563372 -4.52674547773 -1.02287201603 -0.774769371561 
5.26454045354 -0.102647616324 0.631044595087 -3.91360329458 1.13494507952 1.61847996839 0.156532404504 
3.93890357106 -1.96082173542 2.93048150827 2.77767263956 0.582318046325 -0.981149346314 2.23759733788 
2.67932971111 -0.0201607988834 -1.50806393235 -1.66914095987 0.1522218385 0.829807476997 1.86660380583 
0.0186421582018 0.571181765001 1.05592526921 3.29555306391 -2.33260246913 -1.03998818422 2.2112703629 
3.47094397583 -0.101297199633 -1.54539778717 -2.19363965324 -0.579187862637 -1.65260203408 -0.747927705795 
1.19375300807 -1.2063599215 1.26364869281 0.0970482816931 -1.33399523747 1.61368392296 2.48860907322 
0.925302670553 -0.476846602113 2.8226401336 1.39193818829 -2.70151677005 -0.557171582191 -2.74723859786 
4.38318064852 -1.74685707921 2.63297898343 -3.16852654505 -3.5426053131 0.133208198815 -1.84799721602 
3.71979203065 -1.37492003569 0.0748881492454 3.69266350895 0.999126553942 -1.96112700541 1.45161974663 
4.10797188907 1.84888751569 -0.233488760695 -3.26977260709 -3.03788229496 1.01476684138 2.23992848709 
0.42131182655 0.231252661764 -1.34781693012 3.41745253942 -2.87955267473 0.627426785401 -2.3104330449 
4.39692556445 1.93543737097 0.725345927219 3.96070464983 -0.335893632036 0.802129887991 1.31159333198 
0.813876161262 -1.1793950069 1.03400063268 -0.920325206257 1.48806940386 0.676609236417 -1.26790380435 
0.259810594545 0.965111481673 0.428993144101 -3.41529179607 -1.26313300107 0.816043965563 0.315689524979 
1.04869218102 -0.997185300708 -0.561226969249 -2.60157088881 1.26552564081 -1.92098114705 -0.460068876899 
4.53412946006 1.10026788365 -2.60988084191 3.38274858337 -4.51989707932 0.146173880567 -0.796565506681 
0.609354373561 0.782122248485 1.2078138658 -0.14467632003 -3.95584591506 1.5258452464 -0.734289341296 
5.95718678472 -1.75062534238 -2.42198849063 -1.67731086001 -3.83608968919 -1.44618893649 -2.63664649752 
0.207247947317 0.962073400767 -2.14842249217 -0.501694696359 -3.59403951734 0.482199720692 2.44175207447 
0.0217358843013 1.68545234659 2.86928799221 -2.75238588822 -0.403759458495 -0.977580595306 -2.48941339294 
3.55397194915 0.421369844316 -0.191353685751 -3.73685993147 0.167559153416 -1.48130836972 2.14434510448 
5.9767902244 1.04267747145 2.91395369706 -1.08446140918 -0.979636324057 1.07852783564 -1.63447855489 
1.55054630801 1.60443739683 -2.14299322591 -3.11100087293 1.04195631372 1.36498485493 0.459252351864 
1.20601893453 1.88752912487 -0.997731568424 -3.86552149666 1.07554931608 0.0167480726609 0.0789684468666 
3.190885366 -0.0744366708398 0.655269503501 -2.28422021352 -3.30031717613 -0.184776356608 -0.161108716311 
4.7192934774 -0.216984823175 1.49190862073 -3.88327427889 0.00944363363853 -1.51445913279 0.958196980251 
3.23687335228 -1.21023953238 1.2022007497 -1.82718883012 1.45209213831 -1.89917471983 0.473560638547 
3.78202881943 -1.77397684206 -1.63249608794 0.231901375056 -2.33079254551 -1.87238746833 2.89411122067 
5.46728790056 0.914658555291 -1.90483547074 0.326889228501 -0.171935490641 1.62440236036 -0.0379530334134 
1.42817069993 -0.285929170647 -2.83723620097 0.690432406336 -1.92894141492 -0.454700540144 2.23048111562 
4.96072743053 0.618751118467 1.96126422885 1.14412735134 -0.703955792369 -0.155930326982 1.52109556853 
0.585172594458 -1.43838179722 2.55455889572 -1.00751975587 0.0289568456197 -1.27216589617 -0.361290313058 
2.30055691228 1.41596652358 1.59572340416 -1.17725276229 -0.727588586418 -1.69436245095 1.91831492664 
3.51379700518 0.391404102727 1.87662608678 -3.97211376198 -1.94583248326 -1.18098208926 1.04405187093 
2.12648464409 -1.98959769764 2.08526690501 -2.79596954215 -1.6202993268 -0.484864478834 -2.04375551037 
0.00367740532129 -1.57312659999 -2.78846275871 1.70732971764 1.27700067936 1.64488467378 2.0538058254 
4.22876485463 -1.8065114209 2.18126526545 -0.41775321696 -0.448945411398 -1.90261667509 0.334359734045 
4.04419018015 -0.37741718738 0.694495551502 -2.47906484612 0.389616775082 -0.489087367228 0.247922566088 
4.00855541196 -0.98824104408 -0.239355606506 -2.25333172345 -1.57754054962 -1.62626203617 0.270895650505 
0.702120097469 1.90308124145 1.0039104805 3.15362362502 -4.73355014145 -1.66904489313 -1.10660044462 
4.12676005676 -0.75060950801 2.05873027304 -1.28726988945 -2.97542344328 -0.52119168052 -1.01795286589 
1.84835782653 -0.946640554681 -2.1825652518 3.3984130662 -3.12105104585 1.03290171433 -2.12665667752 
2.51499997318 0.476813178152 -1.93175102461 -1.43486020213 -4.55909115664 -1.84399417074 0.0882591529767 
1.69300417374 0.692319344975 1.90529840304 -3.1803283659 -1.8623079724 0.661051937977 -0.0614374829779 
3.70553966643 1.18080147147 1.7066586205 2.73847408717 1.75114538572 -1.44032713228 2.82946759121 
2.89853668593 -1.69035068701 -1.7077782809 3.05503485442 -3.88691797925 -1.36174504028 2.90933877926 
4.41538620972 -1.66849435061 1.13998014326 -1.71892378804 -1.14265802121 -0.94241359356 -1.65020563095 
4.5334877244 1.11931335218 0.516183650162 -0.272546003754 0.784398348996 -0.0116882890467 1.74966375629 
2.38605075315 1.00023374001 1.23155988427 1.38814013587 -0.579640820761 -1.60146271182 -1.2462692012 
4.89817728613 0.304028531337 1.00638834491 -3.27934412682 0.290235087415 -1.38530451451 2.70861459285 
1.3621625316 -1.08199825381 -0.988950098213 -2.6072176128 -0.844565276925 1.99647028919 -1.14425988276 
1.62703575296 -0.297261747111 -0.220250686496 0.767509008921 -3.70250525498 1.80931542614 -2.27854233911 
4.3522361206 -0.16387764134 -0.702255419958 3.7896923198 -1.78165177052 0.613466796336 0.271756487867 
5.55229697266 1.39584335181 2.37618181074 0.234929164593 -0.792591734099 -1.38657345695 0.449429678708 
4.11032900351 -0.94635240271 2.08392726127 3.09402140405 -1.74494070474 0.0524908483883 -1.72753491212 
5.93385452234 -0.205561667285 -2.13140580245 3.58606385994 -1.11362084021 0.513283881543 -2.45542451638 
5.50362460638 1.90145248168 2.06574075264 1.42733753047 1.23571084142 -1.32831441998 -0.735102516867 
3.60837221212 0.311826848088 2.91979456304 1.91019273095 -1.90947021419 1.02940030978 -1.10971594734 
4.66158989728 -1.93896940877 2.04772143504 -1.53584212645 -4.43800285122 0.970199039885 -0.739098459915 
3.81080969616 0.923769382858 1.94255219528 -1.85212691602 -4.515179848 0.526999397657 2.98336329272 
4.32124979513 0.771492215879 0.628738564787 -0.914228991535 -1.04701424763 0.262132717549 0.499862059885 
0.784815741494 1.54064535234 2.02551093492 -1.91948390504 1.41113572519 -1.53584461923 0.260525449736 
5.48998467832 1.14330078903 0.267846320427 -2.65984290734 -0.0806400136505 1.48900306655 -0.723478243481 
1.89190576027 -0.763891464135 -2.018734991 1.4013619345 1.36077632916 0.30202902413 -1.94397739283 
1.64989876472 0.187871137409 0.493244530441 0.482178247642 0.0609605404094 -1.1146413059 2.28125109065 
0.131576325945 -1.92448118444 0.508692414721 3.82794915796 -3.26771983044 0.486896393743 -2.32437582213 
5.07989474578 -1.33399437533 0.630496077876 2.6725108073 -0.410904977346 1.5505353762 2.50534299022 
3.63975411511 1.43760497959 2.93775574339 0.0460114980809 -3.26446651788 -1.44074198766 -1.85077676674 
3.00590435294 1.27357063597 -2.23073335964 3.11826557293 -2.31565532588 -0.526341560939 1.09534040943 
4.72414335202 0.276740810071 -2.60975760586 3.6881198073 -0.0550210110648 -1.2525491168 -2.41087879647 
5.58244025532 -0.614471744317 1.73506622058 -3.82391915659 -0.395603730735 -1.92707385932 1.65231173867 
4.6190999201 -1.78923819931 1.457934362 -1.40259912195 0.579464621696 -0.531354494764 1.05656822094 
4.36169634177 1.24554755522 -0.449346645772 -3.85766853601 -4.59074933928 1.70458287805 -0.421788586239 
5.60952204488 -1.0401485217 1.66832758701 3.0815922554 -0.828516842727 -1.9278245994 -0.512353676617 
3.92929264685 0.207323758834 -0.88791469804 -1.03382142868 1.45491844026 -0.770155215677 -0.163240362156 
0.264922377964 -1.86169100589 -1.15977969235 2.7057385516 -1.94807864055 -0.948344821925 -2.56013809656 
2.24356301196 -0.237729210276 1.34996945975 -2.15004474839 -1.62823675866 1.20768633798 0.97657522021 
5.4007681689 1.69481427759 -0.237237674885 2.2119882708 -2.00498078029 -1.03069410398 0.15226196007 
0.493737760558 1.68733790321 1.65998089067 -3.9871728623 -3.89373063932 1.31173607193 -1.92676264476 
0.197105612825 0.00612838429626 -1.92075644475 -1.71978217433 -3.43045985897 -0.252059392921 0.838192715956 
0.642717971621 -0.834364749215 2.27258034461 -3.15943959926 0.554062587977 -0.466745622906 1.00800171753 
0.657429581914 -1.50438990726 -0.375393350937 0.201152149982 -4.54441573649 -1.86797987132 2.51446058987 
0.500864319864 0.284028839052 -2.97121896321 2.69039784023 -1.22821869012 1.88627973994 1.71519786447 
1.99241150395 -1.43182461642 -0.22745635206 2.92205892141 -1.58489561775 0.199702660918 -1.40141311438 
0.684498155711 1.22288367145 1.85453391436 0.62163085714 -2.83420037494 0.905996326653 2.86894164357 
5.9673792571 1.72992257598 1.25447708072 1.38617781209 -4.00383243692 1.7662411708 0.789636958227 
2.7268406619 -1.32607674797 -1.28870812977 -1.90677027381 -4.29321533762 0.653588703057 -0.0738695760275 
2.02544781577 1.35510148021 0.28663747248 1.55152188145 -3.05003400941 0.109043907117 2.31047070704 
3.19763713588 -1.80833468719 1.05636084686 -3.20653199006 -4.09394617546 0.549509337994 0.0348071501943 
5.14890000227 1.7270089758 -0.508197973302 -2.31210264902 1.22811397474 1.00138404985 2.98955807035 
4.79384496637 0.32031984538 0.494722950118 3.83817932135 -3.33257601486 1.97921642763 -1.35588871919 
1.40691678264 0.315511158242 2.62102384418 1.25942947665 0.576007826763 0.329940784272 2.69128755706 
5.47967133513 -1.27389864346 1.53618287076 2.55676994465 -2.88759943856 0.221536883757 1.7295164599 
3.86941610143 -0.790238871307 1.19601057812 3.79175700355 -0.345895738456 -0.66118342957 -2.253137898 
0.526417720302 -1.70582354314 0.323409999607 3.61487062225 -4.3227426391 0.00645415945329 -1.71004439602 
1.39587439182 -1.64387527268 2.13665508907 1.385096146 -4.03453353418 1.24514735703 2.6178884167 
3.63683645504 0.168130834874 1.07480588586 2.01957918849 -4.40711104145 -1.50628700767 1.32022686735 
1.74474984892 0.540014644748 2.24712805248 0.704695728856 -0.296488854548 -0.139326374319 0.657522193893 
5.19160445398 -0.253969040551 1.69755795359 -3.42571271801 1.60098343704 0.1452400193 -1.57368652736 
5.32766024018 -0.15519963284 -2.11554119299 3.98418747325 1.35500907696 -0.219120935427 2.9214809964 
0.148315466115 0.0598946424236 0.619774511651 0.690855449671 -1.97102171058 1.60229796321 2.86040915876 
0.976377136508 -1.81795713325 -2.3992566108 1.88291273074 0.397036722745 0.614531912436 0.593745799219 
3.56908650067 1.9691043508 -0.489151495038 1.78275246067 -3.44069929179 -0.817186700947 -0.792438302156 
1.30197033714 1.85820770421 -0.47309984634 1.80815084536 -3.66424852911 -0.759793422875 2.92666529549 
3.51136406861 -0.730014979166 1.58331732304 0.478103120128 1.55544165052 0.864236126463 1.52445453412 
4.65297261811 1.30381592601 0.995536467187 0.16263349153 0.00416397739708 0.0951116634713 2.37627721706 
4.35298979729 -1.51707526986 0.296608248167 -3.74296356219 -0.128576851133 -0.451924959411 0.763798849252 
5.74000211553 0.138980371356 0.750857126666 2.37345659448 -1.87749693362 -1.75971708398 2.74348420223 
3.33085346266 0.794738204615 -0.0132758932487 -1.58963142312 -0.105478551356 0.561088400119 2.86105501064 
2.13329488632 0.622210339302 -1.553206166 -3.48347504924 -1.86022267229 1.4728409881 -2.77793038171 
0.57600146189 0.82931349692 1.80437570108 -3.88026032813 -2.59188058292 1.18184525625 -1.56634185515 
4.94578111597 -0.0574463111823 -1.40313914985 -1.13885457738 -4.33037470852 -1.1467721213 2.98785959111 
5.44495292953 1.49809211843 1.83955356973 -3.66763105435 -3.59485814072 -1.78052858664 -1.86333587098 
2.84060522023 1.77065890418 2.14531739229 -0.366659667407 0.565284459313 1.26357813587 2.68000334646 
2.40555791413 0.631583636112 -1.0010360242 0.255387410291 -0.865143933359 1.87892064727 1.72812340555 
0.908981757246 -0.60663465731 0.516132989168 0.99462558612 -4.47563663001 1.34408902948 -0.0673553791073 
2.25428133613 1.50177952002 0.670398555221 -0.76127422283 -2.67832093927 0.982549109314 0.284626776302 
0.949796461462 1.98868818653 1.64501310932 -1.44508163591 1.1045100399 -1.09175947498 1.37494368224 
4.76743613673 -0.15300020738 -2.38946539184 2.43050243244 1.52375329981 0.534021226104 2.78775504413 
2.25646310179 -1.42810638448 -1.12605424261 2.99228003687 -2.30434816268 0.530478321744 1.05384160505 
2.28754174461 0.397975456343 -0.804103747644 -3.8991852415 -2.71534888505 -1.86078790983 -0.227311806709 
5.28715031359 0.238228375253 1.73252294268 -0.950627762873 1.87406896196 -0.679145442671 0.95212142605 
0.16717860981 0.753882463578 0.337533659369 2.58158763856 -2.39393155565 1.75396749329 -0.311362669314 
3.10004045681 -1.67831084161 -1.96639390387 -2.63320872449 0.797588232714 -0.815974181093 0.135274477199 
2.31422970207 -1.19929608821 2.70950204982 3.48038034154 1.13377146688 0.603197240726 -1.44846387409 
5.89034997356 -0.874098589647 -1.22316644611 3.67741981236 -2.95349339953 1.71238377395 2.79849424407 
1.24689862017 1.63889108314 0.457804858867 -2.97203379376 1.47170393249 -1.08441221829 0.179371138141 
3.50766728271 -0.778019275482 0.0901387956402 2.52123433823 1.6443763611 -1.64544489962 0.321648938669 
4.21976323235 -0.877282179289 0.183801878681 -2.55138099788 -0.158232713852 -1.62167226725 -0.477938507581 
4.25039659288 -1.35610159796 1.85395193154 -3.13846928866 -3.75267194526 -0.312104538252 1.97883166141 
3.91039300553 -1.48901029209 -2.14426330823 2.75736595181 0.0876820729201 -1.24246391468 -2.60288241661 
0.680558120025 -0.193407403204 -2.42200551211 3.73649806451 -0.50687835117 0.263043906612 -1.96915485364 
3.40007956881 -0.256635670195 -1.91550426093 -2.03100740199 -1.96485854553 0.138836425746 0.111451627202 
1.24470144952 0.832796857659 -1.4220305691 0.16338967988 -3.36417857724 1.85366275989 -0.574135347521 
3.22017591832 1.42849067 1.62597610857 -1.28360750185 -0.236313559302 -1.27393062473 -0.414494994462 
1.1996148844 0.358327334065 -1.25968688961 -2.42842155214 0.683122795241 -1.76007118244 0.520093673157 
4.3193809708 -0.884007715151 -0.746878779482 -1.84276661521 -4.57679052221 -0.22702710084 -1.9006276207 
4.14536379746 -1.29298810037 -1.06667979995 3.74062939716 -2.37423800535 -1.41765005779 1.06190011205 
3.69945326218 1.07721605961 2.22388702414 3.23501531395 -4.28168867723 0.264221647736 -1.53502320031 
5.13908116048 0.128704488154 0.188797532464 0.398447459389 -2.61548707858 -0.168748472325 -1.37859540612 
5.47039585811 1.78974927196 0.571326582285 0.716161858343 -4.86983484306 -1.77378244436 0.450587724228 
5.52980202137 1.33305615563 1.95369284184 -1.14986173777 0.418498174189 -0.430387902743 0.966307660745 
5.47214920528 -1.79443746142 -1.16884694373 -1.0276987301 -3.60569430949 -1.06439715689 -0.723992015199 
1.68708237324 -0.751143481345 -1.51993240476 -1.7246134371 1.72251506419 -0.163638629881 0.542506871252 
3.76434498388 0.974501760514 1.28591629763 -3.28251983889 -4.86007630741 0.0286251854266 0.0316727835989 
1.45135109566 -0.474011528526 0.855446886834 -1.04686448456 -3.67933903084 -0.262658809545 -1.82607403275 
2.70672945483 -0.493135056808 -0.478787770163 -3.64345342164 -1.97174429265 -1.22600412466 0.523046991166 
2.47642637571 0.760882504705 0.0265969659527 3.68475154028 1.45066656126 0.842953767597 0.887139149078 
1.47144960233 1.3414350881 1.14990448259 -3.30049446306 -2.59523850461 -1.93420496952 -1.05011150816 
1.40428244395 1.13002194007 -0.537972431531 1.3082347052 1.49886757902 -1.76779790362 0.571005602377 
5.2563103507 0.566960818983 1.50198782469 -2.36448994212 -4.2873488129 -1.11863646014 -2.06161068749 
3.69258871756 -0.227697186068 1.72362695407 -0.989938864081 -3.4566842131 -0.0120376148969 -0.549038022096 
1.70004852797 -0.416826919908 -2.20640035343 1.09062055647 -2.1135769827 -0.889718733506 2.06536942124 
5.29723454811 0.19338887588 2.72174670622 0.778487030515 0.734190510189 -1.42552037901 2.56575225712 
5.41960039898 1.35209884578 -1.62134610144 -3.16313154506 -3.88730236972 1.97281408261 -1.02625568358 
5.24243071624 0.664868613994 1.64250562947 -3.13301178983 -1.92988630113 -1.03436090359 1.81092970919 
2.20242849905 1.624913038 2.96487604546 3.42289630696 -1.89954333203 1.08429711127 -1.5576922468 
3.39118930128 0.112428018539 -1.50357957928 -1.35234691147 -3.52266673302 1.98659785009 -0.965048305062 
0.25364118533 -1.83096140958 1.14355000137 2.56305792027 1.60096410484 -1.57802606921 2.67520408954 
1.77761346491 -1.67514299994 -2.86443607322 -2.47199984925 -0.539723500026 0.131787510097 -1.65592513126 
3.16975609685 -1.06997401862 -1.8633246085 -2.15395019928 -4.19934340784 0.382875104187 -1.13658184456 
3.58786510507 1.23569952628 0.287356343151 -0.419077973841 -2.36356311259 1.5271859305 -0.247163022756 
0.0756198233347 -1.13002691034 -0.312600485675 3.35755938185 0.981929112793 0.769830175722 -2.66257837226 
3.97406142176 -1.85489822707 0.392423201031 -3.51111084922 -1.80008450254 0.0486284044335 1.10669225502 
5.95427217704 -0.819422409376 -0.934631398637 2.99309209014 -3.49650304546 -1.55418284335 1.46507346767 
3.27507763075 0.54131718024 2.06644108733 -2.34205834928 -0.737443866933 1.40871704052 -0.248409600637 
3.08659421589 1.89848998906 0.206379454801 -1.55700699014 -3.34607165307 1.67730209866 -1.14343266271 
1.61787358742 1.4027408096 -1.22590825604 -3.95124693609 -3.80321086062 1.74435061878 -1.73841387114 
3.03650267673 -1.4426575865 -1.41131095014 0.678805689913 1.31937519076 0.540542349568 0.502577184783 
3.40545206143 0.525084295774 1.29635158386 -2.94660114836 1.38016172778 1.02800651555 -0.632003475248 
2.31180694531 -0.888125806871 2.89404451133 0.342659774537 -2.26371556686 -1.41845917561 -2.42551151667 
3.39546265328 1.11541238014 0.12845369755 0.356396242194 1.90020950935 -0.59461039268 -2.83735618888 
2.47315868822 -1.19916738193 2.29040844575 -3.57753501418 -3.52133327155 0.969637214444 -2.696456818 
0.162120083456 1.42160059993 -1.1656331978 -3.1846609456 -2.68607722029 0.63848810078 -1.54036801805 
3.72671488003 0.508629137931 -2.24514267962 0.341375767575 0.99741959494 1.30559722318 -0.0756728005645 
0.877140728839 -0.565092333766 -1.76122450813 3.78908408076 1.97967287229 -0.64809524513 0.0393971540692 
0.562840444406 0.609494398509 -1.92484182041 2.30278087623 1.17723007259 0.161075239862 -0.777242113037 
4.02663403482 -0.145138694484 -2.77825305096 -0.78981461739 -4.33256316307 0.338000522732 -1.06383299389 
