1.21379352492 0.67857276597 0.134775705239 3.60977412415 0.66945695596 -0.121994786723 -0.951782675767 
5.78717598181 1.11770650562 -0.944383157972 -2.48683044443 1.261983901 1.05583785436 -1.33780395173 
4.24293389338 -1.42285120485 0.509771536923 0.299262000779 -2.70027971864 0.732613952115 -2.67413486659 
0.0769388958943 -0.0710658401809 1.53195903077 -1.98848658333 1.57323276456 -1.71190894877 -2.13738269698 
1.24072156092 -1.36386897518 1.10857243959 -0.0846846963896 -4.04650262332 -0.286847530613 -0.698210610705 
1.14937358448 0.267352299975 2.26616079755 -2.27172702257 -1.20680237874 1.11443780841 -0.404498053862 
2.92138861247 -1.40785569142 1.84820100248 3.07871031143 -1.76245142689 -1.74883115867 2.35156390546 
2.62975819449 -1.45024542545 -1.67149521066 3.48257114937 -4.00658603749 0.801153247181 -1.49062675165 
0.784774487549 -1.44727228335 -0.888466988255 -2.94986067635 -4.75967059258 -1.81594173113 -2.78527836112 
1.51782645092 0.30154213877 0.631083702625 0.737687821882 -4.38007993873 -0.721276725573 -1.42121011626 
5.69501170603 0.531552287956 -0.213688471347 2.24475473908 -0.74940297867 -0.202327173513 -0.129183689537 
0.082077989367 1.3503123031 -1.68059070216 0.108767514327 -2.71867172141 -1.38158070194 -0.0948230831187 
5.4105735749 0.0207694413103 -2.60829208061 -0.746022798172 -4.61380331461 0.209826077209 2.83548542545 
5.24635871022 1.86755748004 -2.49090532596 -0.403501077774 -4.72505727719 1.08098431457 1.49341339868 
3.10631702518 -0.0789849052074 0.145134174144 1.2434677756 -0.7585111069 0.759735808047 -2.75544693923 
0.389326523762 1.23081054139 2.94143553994 -1.60192700184 -2.56192437624 -1.75250292624 -1.5464683417 
3.19485012469 0.438232475869 1.87571576095 -0.857160638426 0.11144575859 0.442942257966 2.94183793185 
3.62055180531 -1.88237829592 1.86147821473 -0.935205092634 -2.42710044054 1.60216709107 -0.753513862871 
3.32933297636 -0.998116849692 -2.52005927088 0.364167484293 0.505637556478 -0.464513130994 -1.7778073076 
5.62666774113 -0.161322588415 -1.64776470937 1.41634646653 1.9970902031 1.97454571006 -1.42419049611 
0.982350997368 1.59266021168 -1.63413622528 1.2251977567 -3.89311242761 0.437998263494 -2.63367114137 
5.99312952075 1.10470398201 2.39689198193 -2.19981821063 -2.6534717666 1.41009332315 1.03844009824 
1.21157569138 -1.63223453321 1.8020092489 1.59831133814 0.0882927314838 0.221120709623 -1.00940282234 
0.350943172076 -0.052449951597 -1.71749238743 -2.17290951186 -4.95446961758 1.41189541138 1.29810904786 
4.33385882998 1.21971597893 1.63769613984 1.5537043501 -4.81091231248 1.10780328445 2.43820307382 
1.53224426362 -1.77605535705 2.57901957242 2.41494824488 -2.03468300111 -1.71416088567 1.13005579258 
1.15612298554 0.462554649185 -0.494206140158 -3.60479217707 -3.5392639528 1.98908280395 1.25471880362 
5.59791586109 -1.61802708632 2.8474585731 -2.90406103061 1.4862146647 0.381841012895 -0.890842334252 
2.36783456966 -1.51465309259 0.148707442433 -2.90243857223 -1.06141612374 -1.52768611396 0.466857791338 
2.51621130823 -0.0346660678411 -2.39348050312 -2.99041475684 -1.03230131687 1.97848879516 1.70437575611 
1.37932322925 1.17268800926 0.414533138862 1.02727648815 -2.41202414219 -0.178261510238 -0.421165913683 
0.253052969416 -0.107135824459 -0.568210070765 3.25859921832 -1.97382358624 1.50227634596 0.348126650544 
4.60021852871 1.18922496113 0.0925157205531 -2.69494568104 0.656579383738 0.950589834415 2.2789916688 
3.59177768636 -1.11887804617 2.32646836085 -1.13768226876 -2.0448057328 -0.778029689496 -2.10960852511 
1.56777020713 -1.33384376141 2.73338263683 -1.938453154 -0.750224367809 -1.13835899603 -0.806851060211 
3.52445668087 -0.432923612202 -0.983532401347 0.875921925756 -1.53287874279 0.0200607547258 1.3923406983 
4.28207186105 1.59885035564 0.757057275663 -3.61142141748 -0.165512620147 -1.10383003275 -2.15022903952 
4.20788877218 -0.173269092186 0.243966386267 0.365054591669 1.39838045382 -1.22245251541 0.121100363359 
0.570854279473 -1.29033653253 0.560768436343 0.511665973725 1.39602195337 -1.40014704726 2.37334723204 
5.22387493184 -0.776776878604 -0.913073368565 3.69599184772 -1.74631892469 1.75975095884 1.85850850087 
3.16234145427 -1.63128028936 -0.569850463243 -2.96167081299 -1.17947038375 -0.0949088061234 -2.81232629668 
4.43254915071 -0.773736009656 1.4553071187 -0.378728608056 -4.79283008991 -0.657384682895 -1.03130637778 
4.2309309623 -0.500287104819 1.8171550999 2.13058041983 -1.88768024345 0.557431232299 -1.28969580571 
4.75972605267 -0.969328320353 -1.68802594878 -2.71036207432 -2.15584387241 -0.298655625855 -1.63744701311 
3.35298621903 -0.346343301548 0.820750849733 -2.11263727116 -4.62494126087 -0.26061248376 -1.57762305091 
2.49234610107 1.97927858755 -1.75664382569 -3.10557131113 -1.23885434268 -1.4249042271 1.18112621912 
4.63802409264 0.783337988277 -2.34145608881 2.17774858977 -0.838401250562 -0.624077060701 0.602835777134 
3.41801698982 1.5459060531 2.524433164 -0.333436200188 -0.936426565854 -1.58677939757 -1.39180154759 
1.54210822346 0.664672363148 2.4048695318 -2.01413149747 -3.12619191216 1.28238197122 0.75141858563 
5.67651602999 -1.93725187704 0.302088166761 3.10846890888 0.711713651204 -1.74275220834 -2.35575730584 
4.69913517234 -1.76067265858 2.1767349092 3.26293854793 -0.102986449725 1.61369666264 -2.54330059942 
2.58125689035 -0.822195763798 -0.285895292578 0.127480993699 -1.37685592942 1.44631695315 -0.888703679105 
5.10917769287 0.784015287637 -2.73887917455 -3.06122635761 -4.34995704823 -0.643726939244 0.622686184625 
2.39551579487 -1.88100126483 -1.25000795953 -0.490568623881 -1.66847542163 -0.0889202411587 -2.86824750868 
3.58023604433 -0.744106841322 2.70117980141 0.875695545109 -4.53313564474 -1.03392208666 -0.41124455 
0.763576448205 1.00662577796 2.94266436632 0.324178744321 0.226511896153 1.73481406567 -0.153682599146 
1.10800847294 0.0154594648545 2.92401091328 1.78283984414 -3.61521888913 0.591789246805 1.46186281374 
4.1941540501 -0.302454824432 1.06338212263 2.73115556019 0.528023511504 0.184924302228 -1.99409106058 
5.16598330328 -0.475407122946 -1.68833283054 -3.85803608387 -1.48447280705 1.96221761508 -0.210924450772 
0.40134442941 0.150539271186 -1.40736295084 -2.46736147247 -2.82959531539 0.588785250138 -2.92190259468 
0.589585996751 -1.62140226413 -2.70100027938 -2.98219893071 -4.57393200908 1.89089104321 0.386554171713 
1.47456490815 0.253150475182 1.10716696724 1.27826779158 -3.10796290431 0.718087470135 2.02085173343 
2.93011261057 0.0949298690556 0.631846686019 -3.6699532361 -0.0811245304352 1.65515043166 -0.965732862715 
3.06059810858 -0.14583271492 2.55691340611 -3.06288658045 1.20381922613 -0.745862252837 -1.72690977745 
3.02757648529 0.403507059304 -1.59327978605 -3.07146041162 1.88574563102 -0.884161638061 0.310390428984 
0.665335667031 1.64803240059 -1.90212759876 0.149526151445 -4.6589124633 -0.493076426317 -0.902901968336 
0.783668792773 1.70518280972 -0.313953938754 -3.01993156763 -1.46237706283 0.741264328448 -1.74090787738 
5.94452444318 -1.86273070955 -1.88931983225 3.37298453607 -2.08284543916 0.942843085064 -0.989682803743 
2.63933099422 1.65976904921 0.378567377362 1.21848227525 -2.16290928456 0.129096450183 2.6298605386 
1.3853459267 -0.349718625068 0.563896422905 3.9864684684 -0.857842714723 0.0601619393691 0.977807244519 
4.87486227558 -1.69082314217 2.19881040197 -3.86797831491 -1.21732249307 -1.73169446969 -1.54824721847 
0.429459645306 -1.88552762435 1.48255134253 -2.87460635717 -2.29697936824 -1.036434074 0.794139217787 
3.33820208508 0.042093684161 0.453473040336 -3.58420183938 0.900125149816 1.86714635894 -0.153698300092 
4.15219495295 0.229904333984 -0.114341992609 3.8520327958 -4.27560764776 1.21499383803 -2.2880996276 
3.55380030085 0.804826692811 -2.5728013232 -2.87789199378 -3.3888597212 1.87263602935 -1.30611274614 
2.38229687841 -1.71451039542 -1.73114236415 -3.42492103958 -1.34168790534 0.0521054848782 -2.2076075821 
4.20677999795 -1.57828028477 -2.0377814097 1.99065765961 -3.02597713982 -1.99376176742 -2.7018606043 
3.49358299743 -1.74656550397 -1.15248888623 -2.69247674836 -0.280945839074 -0.685963462848 1.05996714041 
3.93781794742 0.25647422225 -1.01533657341 3.20017263728 0.840003276388 1.87938960798 2.77479824337 
3.28115735128 1.24791925811 -1.50418644058 -0.562182408628 -3.76049875973 0.662937359775 -0.290204470725 
4.7318544229 -1.91450361072 -0.411609632998 1.90036087982 -4.35321304369 -1.12269033415 1.67687206116 
1.78226936811 -1.33002873142 -2.35203699305 -0.985036026912 0.36469610285 -0.785440013622 2.99209409228 
3.81199185394 -1.642967616 1.21643242093 1.51610335509 0.0698862623481 0.232275624867 0.511695769133 
3.39053779558 -0.327712233704 -2.82003809779 -1.7483465952 -3.3089244601 -1.43234283126 -0.925656045694 
1.43240717506 -1.04145939268 -2.47744283927 3.28787504132 -2.22633501024 -0.506097151151 0.97487843575 
0.934731480234 -1.5072044183 1.97068914672 -2.5895651756 1.23298429913 -1.33185565735 0.775380156797 
0.190934814337 -1.89106661396 2.39727230216 -3.97243540819 -3.38536107981 1.44298816477 -2.71837667183 
2.26122288051 1.18182280474 -0.650943849431 -0.888171775967 -2.80667755566 1.64070089669 2.32410585278 
5.33316856954 -1.95495529699 2.37309396832 2.13044740331 0.310661670662 0.907049736182 2.18866548422 
4.72901455912 -1.0629188447 -1.81536490392 -3.91757866182 0.446745093177 -1.0986873355 2.73050306201 
1.4962479939 1.17370291915 1.0171886947 1.84262033296 0.942974656078 0.996134365205 1.75938726729 
5.54778559401 0.401074504159 -2.04309808586 3.70990230294 1.71850311531 -1.2393012778 -1.95526852745 
3.14360129498 1.35507768143 2.37786502063 1.41463509751 -1.07528287928 0.572188657709 0.560115542037 
3.51825522135 -0.782050375746 -0.378572189534 1.5785931909 -3.27180636477 -0.234552967579 1.82152841318 
3.07629853915 -1.61804075343 2.11184101634 -1.47599203022 -2.99922049146 -0.988237834076 0.888237798279 
3.03993307 0.365881673423 1.86524941804 -3.07429086552 0.35114097798 1.76240954329 1.75877229772 
1.63085148173 1.3471333171 -0.263217863496 2.22863150865 1.25458161568 0.332109132805 2.93124313722 
4.49245949761 1.37554802803 -2.89720235112 2.35449124632 -1.86107820848 -0.865307173791 -0.94335651057 
5.60994987934 -1.2510740528 -0.443211953209 -1.13821209344 -2.64988444882 0.652620255502 -0.835392334618 
1.04076999093 -0.095576948388 -2.28276693259 -0.709758748972 0.647310175671 -1.51786158434 -1.35821187544 
5.6441056505 0.349983908731 -0.503005800395 2.57008807082 -1.35244536068 0.0838754211359 -0.620507744168 
1.20612261831 -1.63955793073 -1.13041117339 -3.90282340262 -2.05100688844 0.808389853604 1.34872849177 
0.562558418224 -1.1731249156 0.608978393297 3.15057792287 -4.11681563988 1.97448004613 -1.27765290182 
3.96263335906 -1.117073208 -1.8306373778 1.30373296159 0.0234425718441 0.0491493214136 -2.97629436105 
1.70878572325 -1.53270586845 0.801829484581 3.77353221367 -2.44606738827 1.00149662487 2.61903018322 
2.96732518592 1.40698377383 -0.555146205099 3.61563792604 0.887984837279 -1.87610954645 2.35885568972 
1.80096935513 1.76353382918 -1.54986482571 1.89520508644 -1.00723939113 -0.272013349249 1.10736098437 
2.94743764009 -0.949457223309 2.60194099043 1.71498448999 0.530070735618 1.94732203174 2.98970518923 
4.0900019345 0.749274650363 -1.5966791005 1.63429771297 1.38216797946 -0.89431129859 -2.04576022883 
4.8378552079 1.92785674524 0.334161386085 -3.67942481083 0.645657506453 1.92940470424 1.36471532052 
5.1334853464 1.22077067101 -0.813503727192 -2.93722061248 -1.34951177745 1.88615621091 -2.69736353365 
2.4327023477 -1.27306793323 2.4391095727 3.72628766055 -0.80870170349 0.529801730522 0.435477317462 
2.02240457913 0.793668209393 2.89716599309 3.63818423495 1.81360805568 1.19073862252 0.945853479984 
0.606778721117 -1.97912872299 -1.50314899309 3.20860649326 -2.28962160521 -1.87256214596 1.17328161819 
5.80323119802 -0.0122306632479 2.16669126828 2.62519828492 0.936767811476 -0.791608509746 2.74133595379 
0.413395080905 0.557532886945 -2.22026252765 -0.455245835903 0.528913506039 -1.25691528068 2.74919963966 
4.11987132116 -0.0657386769478 -1.7893577518 3.22862386951 1.58858403594 -1.8342045221 -2.48727387318 
1.66580377165 1.24741053794 0.10899423599 3.48503896425 -1.39793443116 -0.637648705361 0.302687607957 
2.07025185609 -1.42146365647 -2.9590362641 2.859083384 -1.3262674462 -1.31049843744 2.89417893395 
1.32579866519 0.559095182041 1.37194693179 0.850616064176 0.930730908039 -1.33023538911 1.33822816506 
1.96211260379 -0.00464088556316 0.0231443762814 -3.38060787164 1.93269274156 1.47708291908 -1.20448524023 
2.65085591656 1.22356254625 1.04394842237 1.35445483338 -4.56097054388 -0.932616362858 1.5378104237 
1.8256011498 1.34035609362 2.06623521425 -2.93355012503 0.266067496742 -0.0095095242225 1.81434506967 
3.30709558233 1.24351187289 -2.1831293958 -1.70490526128 0.283362237168 0.54018141871 1.8951520282 
2.50822132451 0.129065623371 -2.35663289187 -2.45527792984 -1.26228458563 -0.234716901268 -2.61799343408 
3.37529145185 -1.08234163922 -0.334388462985 -0.375549050733 0.785094587419 -1.33116054498 1.76434775462 
3.53536731941 -1.86611820802 -1.83353782581 -3.96048573687 -4.65053174348 1.03461604234 2.21182234514 
3.70913768073 -1.3665045388 -0.614220468128 2.35605724332 -1.39160106912 -0.929964790308 1.62518538551 
2.60176311752 -0.772219978592 -2.63670139234 2.4445778808 -3.9123145637 -1.83729236061 0.354888713298 
1.41252399083 1.21233200575 0.269967610255 1.01230031219 1.66803913504 -0.0132557477288 -2.21689062793 
5.03499518578 1.33466621647 2.63846538896 -1.54651800885 -4.95999418675 0.454958212461 -1.66184190621 
5.09111227377 -0.00349750306376 2.04001990207 2.45357332742 -3.82883739058 -0.530965861685 -1.07934706607 
4.77074874982 0.936905321258 -1.68436580952 -1.52466323614 0.754638735073 0.256186105935 -1.48780272345 
2.26842082367 -1.95426978005 -0.441136486234 2.73870060977 -3.03087814588 0.905929881343 -0.266369426125 
3.87853630586 1.74336975368 -2.69879977973 -1.47395312021 -4.4531034515 1.67223665027 -1.05056931836 
0.0562768196696 1.61878831003 0.661849280468 1.75387909958 -4.96618106645 0.195279294015 0.167094314238 
5.31628536106 -1.72944866338 2.93372942241 -2.72053083989 -2.19109783114 -0.313789014623 1.28866461266 
5.50034851534 0.0886515784313 -2.26912758427 3.2332752649 1.52576011077 -1.50803291056 1.80325541595 
4.37308810588 -0.929515126109 1.33482235393 -2.0113419003 1.69471790015 0.873495936552 -1.33628050876 
5.51223312205 1.60245648658 0.647289379831 0.869622004971 -2.9464028102 0.848530110736 2.72595673772 
0.589612612424 1.93615047054 2.12070774114 -2.25139756165 -2.73249126246 -0.387480420723 0.0862492494847 
4.98815922476 -1.55433079789 -1.0276033683 1.98526595881 1.15884971402 -0.937756930937 -1.61609128856 
5.00661574498 0.635954753709 -1.5243438498 -2.05252552135 0.543701256851 -0.126449086146 1.93745300753 
1.72219002993 -0.696378077156 -2.72208125106 1.28824853303 -4.55940454081 -0.794286299175 1.1965872581 
5.60954654462 0.0668624997581 -1.6241598742 -0.917890724821 -0.167912434224 -0.505021159953 -1.40117630627 
5.18703053952 -0.832386734985 -0.706543547296 2.62149297931 1.51790204402 0.144905061515 -0.325487621631 
1.10362716739 1.67756366094 -1.84098552144 -1.77743064706 -4.48960138505 1.83483724112 0.727074654478 
5.4401719595 -1.31207966349 1.53008128497 3.11424966269 -0.731081831608 0.405171239627 1.91285848632 
5.19050629785 -1.29872242142 0.139062471576 -2.0008458381 -1.70705200105 0.814299615965 1.39491878622 
3.61279414221 -0.101847935273 -1.07112976324 3.5250879101 -0.983632029025 1.03677561682 1.43274316023 
3.55724244436 -1.58336253156 -2.71707809013 -3.07351533581 -1.35226124543 -0.657624606819 -0.654924565046 
0.416689212231 1.08900266889 2.36572116506 -3.60562577074 -2.57645035302 -0.642404892128 -0.410647656029 
2.15344643143 -1.5737710517 -1.22024197492 3.86012113634 0.985310681085 -0.587035685192 -2.94092575767 
0.521109797696 -0.625386051901 -0.00770711661783 -1.56991496948 -1.1219121776 0.86825660572 0.983732747584 
1.5972162706 -1.61934946287 -0.654901574936 -3.87245981538 -1.93249547538 -1.35800878989 0.880122323439 
5.17278409622 -0.312737766509 0.513775227296 1.73119898939 0.807902299474 -0.850489270698 -2.28505977975 
1.08619845343 0.143027573088 -1.17590031134 2.55969637853 -3.71530874075 -1.21152211043 -2.05482975659 
3.55230887483 -0.285230924318 -2.01398273284 -0.0813937179853 -3.44017425548 -0.60279686107 0.575790674185 
1.47314226099 1.50834112821 2.90128071166 0.773338866795 -0.0730319013508 0.902066122145 -0.310800268237 
4.83450221334 0.0661071268606 -2.00183400901 0.140354743598 0.386065526896 -1.89366151285 0.0619682629519 
0.514394445638 -0.0225160373032 -0.103898267547 -2.45991280417 -3.43067907387 -0.415623000645 1.60992940025 
5.47793095677 1.44395506298 -1.46313614812 -3.98119256625 -1.00301689293 0.272375851118 2.50530309752 
1.21313890755 -0.269076301882 -2.81969759101 1.22851192797 -0.532114282167 -0.810288872415 2.67360869755 
0.0460651470712 -0.829488383788 0.326674829201 -0.454346018105 1.79707735611 -0.526945702082 2.13011484279 
5.38415964085 -1.00962063289 -0.376147501841 2.57782842218 0.549662326531 -0.274760664425 0.892643904195 
4.69279244535 -1.20491165856 2.88699349543 -1.12448918619 1.69244853945 0.184203492139 -1.92786246976 
5.17420431994 -1.17306571952 -0.534517265289 0.1525169709 0.355695060343 0.944520011848 -2.75793388098 
4.13562153013 0.75694087725 0.821221439688 3.9583082345 1.53246303714 -0.757479695535 -1.76443652252 
1.26724514392 -1.51460554052 -2.47890919234 -0.4880038874 -3.33552766747 0.677115453293 0.644927583968 
5.61987376818 1.89084964592 -2.28231786722 3.18049272367 -3.9354284466 -0.73822493901 2.49117603852 
0.229675626388 -0.00720040453745 -2.62557828902 -0.868943496125 -2.44700431332 0.741795487309 2.56494367207 
4.44908284165 -0.409222880841 -1.81899362129 -0.263535018443 -3.41260629205 -0.541736566199 2.15320441809 
2.85857167155 0.436049089568 -1.99249454706 -3.65060107921 -1.18031857556 -0.56948078325 0.36675073681 
3.1933845099 -0.260518973087 2.36834950729 2.31537861711 -3.48568711252 -0.91918502785 -0.103555260555 
3.36221083314 -0.601031400083 -2.92127337422 -2.4916699454 -4.17605621015 -1.26321965443 -0.247180496389 
0.164378179588 0.104080788279 -2.97100662167 2.34307379771 -1.55762892752 -0.0454270799228 -0.826563537442 
2.18420694193 -0.307829506307 2.32233124714 -1.83726567979 0.845967869999 -0.47356515598 2.22949310167 
1.87523434987 -0.515509913959 1.78682524153 2.69624316063 -0.0805634644347 0.393909086641 2.91417151437 
1.8651582726 -1.99150535484 0.723103720879 1.56370830282 1.37654231831 0.480221527321 -0.914427307657 
2.76790470557 -1.34207684838 -1.80086849415 -2.58182090018 0.161666581303 -1.99820967729 1.96947553826 
5.40385035934 -0.733297000535 -2.06040832341 1.34058773621 -3.21782251445 -1.92040284272 -2.87497572655 
3.27566721749 -0.383607699846 2.21168805843 2.51622767223 -3.97735357478 1.44547760242 -1.81337694274 
3.37205585707 1.11234591677 1.53529545514 -2.53895940416 -1.4408548298 -1.80021380368 0.51203849942 
5.2542568759 0.151845062448 -1.56535967825 2.74677309593 -0.951412532086 1.38040835253 1.10818995502 
3.57493462148 -1.4177279637 -0.569921259958 0.608224714274 1.44650763446 -1.59014085338 0.675114758312 
0.598967665926 -0.614466266675 0.764248815242 -3.68181971929 -4.64223616541 -1.71893205274 -2.53626788191 
5.52961502171 0.957974605777 0.280708651832 -3.02771808468 -2.71502759587 0.958763303319 1.14440034411 
3.8491764331 -0.847004183327 0.130711832691 2.84292266679 -0.92092197781 -1.23906710236 0.144856957234 
4.13828082793 1.99108215177 2.854385073 0.745774900294 -2.64522639332 -0.619927866093 -2.68976862047 
5.77698971159 -0.280594338063 1.43038547475 1.24950488542 1.79806557008 -0.917179474207 -0.536913809076 
5.84677875459 0.986555654578 -1.97518333565 2.63465614351 -4.00670185458 -0.77756430093 0.2028834811 
1.9574652147 -0.1084453031 2.62675588591 0.181214162081 1.36332296248 -1.22726265664 -2.51744296571 
4.50398843623 -1.40459845884 0.380397073257 -2.39702469058 0.825671344577 -1.40376591319 -2.42689423614 
2.92112274041 1.14033545473 -0.0365056615331 0.577777395003 -3.23730297562 -0.845421367153 -1.89020617519 
1.0941068345 -1.19649324153 0.943039214256 -1.67495953547 0.877880776875 -0.312356881009 2.4279194416 
1.91612486286 1.13651619252 -0.351305964646 -2.32286524066 -2.52753192324 -0.854732448704 0.599267285555 
3.22350316981 -1.45926883578 2.31271869419 -1.9361841829 0.0830402257139 -0.638777915353 -0.942574562376 
0.172029493921 0.0864222379316 0.652550588037 3.32577911972 -3.72001895718 0.696047212835 2.67905327948 
4.08552507299 1.92187349897 -0.812830494341 -0.395937361066 -3.81087571731 -1.20186435238 -1.68845612441 
5.53757788158 -1.45651732176 -1.78360440319 3.72748810495 -3.43788749413 1.63754568842 -2.44065897941 
4.00137043859 -0.204990048644 2.73457986746 -0.798911287579 -1.26919791963 1.9843492291 0.204836204987 
5.56516181373 -0.183720868663 -2.97841571678 -0.995680606893 -0.125142991539 -1.95312114309 2.24525018809 
4.28158175778 -1.84029993068 2.2055496218 -1.5049728485 1.66326446662 0.786099388763 -0.496507960674 
5.04180854184 0.643258514584 -2.40644660316 -2.66984762419 -0.0640138755864 -0.771793758382 -1.31456018219 
5.011627986 0.0619655514879 1.69969987287 -2.12498612322 -2.09002672385 0.368603070782 0.329643035839 
2.35214028053 1.919020936 0.411521257126 1.24751422832 -1.3647149298 -1.27939870228 -0.824688836623 
1.1067559877 -0.764025054245 0.942849817643 1.11917182497 -0.822694354768 1.21517269333 -0.18547375426 
2.50907681322 1.64211935192 -1.14230995907 -1.89769654261 -2.11941844002 -0.0710287523053 1.54314409806 
5.42627014561 -0.335514687003 1.70890571083 -0.959065804943 -4.20977292956 0.483616321467 -1.56547933947 
1.16707646291 -1.62611705887 -1.09935590433 0.603118087136 -4.39357552898 1.27786330192 2.82602278841 
5.46814456666 1.01577291231 -2.04199131426 3.50641161279 1.18477009467 1.08080722227 -2.31524043788 
0.717290169394 -0.818646436792 -0.132735317845 3.10733989076 -1.82412603408 1.95213886963 -1.84324177695 
5.18051062283 -1.92042995371 1.70329201671 0.728567313916 -4.51192882452 -0.241133264748 -1.86463534735 
3.05423698985 -1.00942076027 -0.520359883146 -2.23908474691 -2.63237708065 1.51746262604 -1.77519072238 
0.97998557543 1.90545825504 2.55867031439 2.24114133411 0.61009792658 -0.524691742854 1.45707516517 
4.68910862107 -1.99086413925 -2.39208574527 -3.57498822497 -1.14574082187 0.117886102323 0.762881736162 
0.00535620009998 -1.16872259817 -2.61812399734 -0.0142730228416 -0.0529454968858 1.93153414107 2.97178138861 
3.87337064659 1.41732464361 -0.630187743959 -2.31287725356 -3.32933395598 1.60509301538 1.68124412325 
5.38043540885 -0.457033613889 2.32421533141 -0.753156485332 -4.36681221821 -0.140804315053 -0.901167596722 
3.57129318178 -0.293269812873 -0.602439242018 0.116754252824 -1.80539545223 -0.926446209931 0.674417083472 
4.07429037565 -1.01367602981 -0.786313370738 3.01101096296 -4.74104847717 1.43609654396 1.40399004716 
5.40492721777 0.387691963362 -2.36889279452 -0.976599861228 0.781997517416 -1.72708624927 1.44247630123 
5.91908050346 -1.84022601036 2.96849615616 0.54778910488 0.355524618957 -0.409050260452 -1.21749018076 
4.47901247123 -1.15091544745 1.43043776561 -2.20846754122 -2.93526104937 0.917040580238 1.32059633709 
1.17562012791 0.108179683778 0.446888942863 3.56532816681 -1.64345314925 -0.0732531614535 2.67313000813 
5.58712135919 -0.720595991911 2.78873663542 0.811863541721 -4.21642241133 -0.76694382241 -2.17921638483 
4.69832326584 -1.16285197948 1.63264484079 1.56662756743 -2.16351901372 0.0789819701818 0.344058993086 
5.88826804382 1.00737579852 0.0363182189743 -3.41538675209 1.32861164363 1.00750074166 0.257439209747 
0.185071779285 0.242039140261 -1.37947711182 2.63279754459 -2.08641537611 1.68251478476 1.34848533401 
4.38425984348 1.81499472473 -2.28037381538 -3.43311048254 -4.50757062813 1.39515588966 -2.69717185075 
1.85225345557 1.01490479573 2.01368623625 -0.744782307132 -0.574788055243 -0.685347683213 1.88969058573 
3.43717656007 -1.21590003676 -1.34146836905 -3.88201575706 -3.56378394237 0.244763225041 -2.58913563295 
0.400393306363 -0.505002822197 2.84909179378 1.31439028795 0.550746632804 1.32853646242 1.30520373862 
2.63300348258 0.980044896936 0.386072893801 -0.825471280945 -1.91929654902 -0.691397375214 1.19872923121 
3.1949887955 -0.0339780626761 2.39789622341 3.20774599207 -4.79585046325 1.21423031532 -1.46885344344 
3.69816619134 0.366249577861 -1.30313958046 1.02608318269 -3.38569601736 -1.44566190345 -0.0242443858218 
5.42541646867 -0.751412942534 -0.789132225898 -1.29265768679 -0.920516719347 -0.961218275617 -1.88917418206 
2.99187583949 1.7720256028 -1.5001988896 -3.70808400057 1.46082849269 1.75185816695 1.19993264963 
3.56641630786 0.286449723844 2.46630311845 2.50344744823 -3.28798457389 1.16742553516 -0.0850852286561 
0.747379921768 1.36506303543 -0.786215444165 3.5805117588 -0.0530012752509 0.715118453487 2.49744258173 
1.46361049064 1.20060456574 -0.0886256581437 -3.14164748851 -2.69105441193 -1.58189290495 0.0953535788448 
3.94428990333 -1.00061173169 -1.76552869451 -2.96212070041 -2.784500908 -1.0172257236 -0.195530693245 
4.08391813002 -1.06322744464 -0.491625593555 2.44533016849 -1.42076580827 1.50447378758 0.379069181699 
1.69309405798 -1.10387029577 0.113860566364 3.57960809546 -0.346959243592 1.84704920007 -1.17076239804 
4.58921602896 -1.96073981034 -1.00196630868 2.84364203679 -3.6673515997 -0.198141629071 -2.9034536918 
1.31762003717 0.397380535504 -1.95035415468 3.51409507939 -1.3758121667 -0.513929898257 -0.492154899797 
4.12232961286 0.575041894936 1.51370595982 -1.01473919016 1.53859917932 -1.82804550584 -2.94526325178 
5.74634786484 -0.373468612249 0.233738122487 -2.27335758227 -2.5322973306 1.05651827591 -1.61002925406 
4.41440523419 1.51177884372 2.97398580799 -0.0502322631524 -0.58786896981 -1.62684618992 2.72674694074 
2.98186840958 0.510747757763 0.247723367664 3.70297625744 -3.14524309752 -0.632387980307 1.37522846318 
4.24763895816 -1.39852856561 -0.177891296986 -1.29094238688 0.328312607096 -0.323078903603 2.02095407358 
0.609831153017 -0.295558262756 1.80296517 -1.47636885121 -2.23187270499 -0.987878615755 0.90598311919 
2.1338039116 1.72476371405 -1.49796235966 3.00328128581 0.870770203199 -0.243930755115 0.645043747027 
0.377356460709 1.0175952493 -0.545318780896 1.94644445471 -2.0292272667 1.72368778103 -0.608218140907 
1.50582579898 0.94848398823 1.17833417721 2.51162286345 1.76957205837 -1.84705022569 2.65098790191 
0.104258698381 -0.886442945222 1.26375172204 0.913737787285 0.205823089366 -0.789559152216 -2.34433080123 
2.50087479857 0.138685832367 1.88376786703 -3.17956598901 -4.19200375373 0.775309254713 -0.362536451269 
0.824114540446 0.763052530925 -2.20885064725 2.0721582958 -4.47167830848 -1.32819301173 -0.0768921171591 
0.917708680122 1.50094098084 -0.185486254413 -0.82196329931 -4.88595607793 1.53776090466 0.694666736116 
2.49371780927 -1.12067043203 -2.68338044637 -3.54220288445 -0.831873184906 1.32155287485 1.95182164644 
2.3269508934 -0.952681514349 2.81337598997 2.87235783327 1.22010775393 1.36618342952 -0.0701109927772 
0.291805306865 -0.61469185878 -2.12088648123 0.19432056848 -3.69448830125 -0.0218339852694 2.06482771019 
0.894731323076 1.06537070221 -1.59724523886 -2.54113774746 0.466960625808 1.93851315587 1.92013184019 
4.42172392051 -0.510424797857 0.880313860953 -3.10106186117 1.35253282132 0.963113847674 -0.267830287436 
0.719545506628 -0.453763943515 -0.971615583228 -3.30146997103 -0.267640114227 0.165075020524 -1.42211568059 
5.12083102357 -0.195409768064 -1.03928969781 -3.95492869406 -3.44863460678 -1.39976343734 0.694940087839 
5.88273415309 0.0790061545343 -2.13436141699 -1.85036546357 -0.520301609539 1.69114855591 1.73217308078 
5.06559282679 1.70302866244 -2.040944912 2.53228349257 0.32990986306 1.0034126468 2.49128114262 
5.8816029605 -0.519728717491 -0.0787763253722 -3.64501856714 -1.27867423309 0.711927637839 1.11882178915 
1.76343665972 -1.26277062168 -2.9736309347 1.15704023323 -1.92033955562 -0.476531580379 1.28749780148 
1.73557948883 0.887730697626 -0.695072077044 -3.35573778889 -1.19279398761 1.77807312873 2.69010812692 
5.02452724618 1.61774466689 0.894485924024 0.968124539941 -1.14313417398 1.22421640639 2.07174449136 
2.06955985348 -0.346859761407 -0.900189908694 -2.57553181859 -4.07316266567 -1.33477518736 -0.928403221584 
2.58711168451 -0.384360272748 1.1808910053 -3.19726651282 -0.116565663537 1.08223570736 -2.02351838324 
3.40773723168 -1.75520399691 -2.75264919853 -1.45202624005 -3.44586299944 -0.248556184484 -0.205891836564 
4.06064926825 -0.936041359479 0.735344387876 0.389440379681 -4.71418625027 0.460219762107 0.125319845632 
5.36476514201 1.41099488883 0.385547516458 3.3353162226 -4.63185877157 0.344706820945 -2.71125354906 
3.52488154979 -0.177134698766 2.44216498296 -2.63302902699 -2.99254871958 0.315674465923 0.293547337093 
4.12778518818 1.14128585657 -0.817759948159 -1.26857975456 -4.94591577729 -0.875412247866 1.31810457548 
0.885572729312 -0.34659133103 -2.4830079602 3.19237250446 -0.701928013545 -0.295842093182 -2.66961235352 
2.04242575947 -1.71064244581 0.0716006325098 -2.2111688399 -4.30152241818 0.438881022177 0.0496575738079 
2.38056578639 -1.66689974627 1.29945304184 1.46545235023 0.266091183656 1.07751442119 0.302052359045 
3.32445751374 -1.0587525698 0.704972071817 -3.21295651313 -3.68929025678 0.0135427790701 0.71143647314 
1.0222916495 -1.27328189952 1.54724238894 1.74028592687 -1.63399479394 0.398115430625 1.11091845702 
4.33012485607 1.74575863374 -0.735390936912 3.96688588213 -0.919010424476 1.43372461544 2.01799076957 
3.7514927593 0.335436340476 0.879208927144 -3.71379959753 0.289914089648 1.69238688097 2.27265793702 
1.75899762044 -0.764405544884 2.37620301818 -2.36208014108 -2.57927972967 -1.97276871523 1.99009359618 
5.96457743702 0.150338401 -1.6749249676 1.53963258941 0.453621848115 1.0113794471 -1.56728503823 
3.07742378217 -1.64115793664 -1.89526668481 -1.8799926993 0.697767169709 0.464337570052 1.86331303447 
4.73944806895 1.85946222906 -0.631069593969 -3.43523020364 -4.59268907138 1.17426581273 -1.74239365143 
5.56914485839 1.61452496568 -0.245906628356 -3.01878637374 -1.50572647402 0.175325521947 0.651588354443 
5.35449204514 0.150320237988 -2.45337191376 -2.64836843195 -3.57343698314 -0.896263152126 -2.10918020781 
3.69487040558 0.596593146301 2.93997170342 -1.14307364788 1.34353459745 -1.23123059613 -2.99508910884 
3.77313907966 1.58049166807 -2.74798661453 -1.76646585881 -2.27844822953 0.0860886150084 -1.34199360057 
1.2648443319 -0.951411737053 -2.00686504235 0.415561366687 -0.816994738459 0.595183334235 1.37734518291 
2.93915828167 1.38207106867 0.300173439956 -0.257389798643 -3.56699903355 1.61227458596 -0.685133442333 
0.653494945282 -1.46059954163 -2.89588449603 1.61470551076 -3.13015771588 -1.29261116218 -0.0288109340425 
1.93925761357 -0.300395104949 0.420653055781 0.872421946086 -3.66440668343 0.50452891023 1.26571145183 
4.56715643244 -0.502459284409 -1.99771036537 -1.52423999041 0.30143199368 0.689087856485 2.18326388556 
1.51793760784 -0.615774633867 2.3593784081 0.703238431606 -0.308931421775 -1.45913368714 -2.77564068165 
0.316032802543 0.180357804159 -0.684622077104 3.87919560536 -3.39542236342 0.394308868604 -0.156931027503 
3.82101239432 1.95848486247 0.36587407681 -0.0634563557571 -2.83935763976 -1.71119400374 -2.28110386285 
3.39391355219 -0.331060377353 -0.272799336965 -1.76907366736 0.694767515357 -0.0731991408895 -0.966466372107 
5.12200384541 0.468835848497 0.778474801052 0.303362726122 0.477316347804 1.77393511853 2.17793965566 
0.535407573068 -1.56696330751 -2.6084485953 0.400008866112 1.89541264314 -1.83246903004 -0.0847012885674 
0.661600570143 1.00168427349 -0.0520872373107 -1.61416914143 -3.97885240485 -1.55816590995 -1.42251872193 
5.84728579101 0.708439737306 -0.596541124227 -2.44710257539 -3.40434490693 -1.84592564909 1.13756989094 
2.67179593051 -0.617638844928 2.0915328859 1.33445616953 -4.83704218902 -1.54632263356 2.54751657049 
1.34733687578 1.51887416474 2.34451859819 0.653300803739 0.570621929112 -0.267558234397 -0.539945907316 
4.84023737926 1.50545493186 2.46634585219 3.87897999812 -0.900819984463 -0.0723957733527 2.0745622297 
4.35245311848 -1.54264751081 -2.92418059001 2.69977954325 -0.133760137487 0.619147505457 -0.203549347054 
0.460405281622 -0.304501352528 -0.535860415964 -1.14555858083 -3.95590917533 -0.137528722052 0.835267792813 
1.82992091952 1.58948402438 2.70857454263 3.6397812304 -1.60409116606 -0.262751838995 1.02916539206 
5.05379061716 0.882286405899 2.47029672165 3.93628655432 -4.28634205886 -0.426804741378 -2.34469397306 
1.17495314091 -1.35483120515 2.21385468901 0.64218873328 -4.34035893074 0.797115121729 -0.552233963987 
1.80873383276 1.31869866505 0.90942958445 1.85963690938 1.62144293312 0.147632396356 -0.340133481241 
1.78451730368 0.307388440471 -2.34845330737 -0.316597849596 1.45077982853 -1.27852255951 1.4052298504 
0.256333126532 -0.945805451875 -1.71433276778 -1.96513779363 -2.23661650907 1.8927667243 -2.57129547143 
5.95171052291 -1.81185446341 0.040367438421 1.75950910616 -4.17684130471 -1.38022944861 0.594659693794 
0.910584547582 1.08920620936 0.475210907577 1.33355629148 -3.82363078231 -0.715529880571 -2.80810035757 
2.89235194944 0.793767561732 0.355849216199 -1.4759567939 -0.718418429173 1.33198604002 1.68745974878 
2.99023858614 -1.31295070085 -2.50101065883 -3.62389548219 -2.99403577459 -0.809816314882 -2.73476463781 
5.76685636012 -0.165282586292 -1.73711734268 -3.60053410585 -1.51771953742 -0.425598128445 0.681510506135 
5.94538175291 1.11304026621 -1.15235847369 0.743486658274 0.139328799292 -0.459667534758 1.83487378382 
2.75432779051 -0.985556276078 0.861838470241 -0.0368555451171 -1.38547304855 -1.71739811066 1.36441245218 
5.49831207587 0.316136327617 -1.97400422629 2.27865737901 1.40367445844 0.622150657753 -0.924312200603 
0.110632820582 0.0169528161335 -0.685090124004 -2.06922738049 -0.0563470692647 0.64289072647 -2.42288488828 
4.57100260424 0.833616591181 -2.91168968593 1.40292867837 -3.67135803895 -1.93792350718 0.154356893954 
0.383919916728 -0.754111014096 -2.84162750574 1.10710513003 -0.380974863846 1.31083063158 0.911087533264 
5.61465243498 1.28613702433 1.02740560556 -2.93942998973 -0.726071646609 -0.103149370839 2.2412651127 
5.49002964876 1.55261672606 -2.77880956003 -3.14456641493 -0.409441304202 0.173567596347 -0.517121429919 
1.32198732787 0.446094640314 -2.11507834058 -3.74243681824 -3.95385366534 1.83344613201 0.28991732379 
3.01734977141 1.96839771001 1.66834884706 2.41413708195 0.394221237204 -0.93757220187 -2.92209261047 
0.738405512006 1.25026068932 1.47109205163 -0.976127267486 -1.44914063067 1.38672889675 1.87464747344 
0.0246661609349 -1.5893626964 -2.36208985481 1.1519916941 0.00226696443356 -0.84143790858 -2.24718866462 
3.85147706621 -0.84677795755 1.70160868457 -1.90324807713 -4.10707050722 -1.02254235418 -2.61229897622 
5.51460070454 -1.94035039338 2.51166971591 3.75754296722 -0.803414171237 0.595233632088 -1.60661568682 
4.90460248001 0.982808635141 0.894571305296 -0.100189753369 -2.96709941197 -1.9925690795 -0.137014631442 
2.58640905933 -1.69652806334 -0.900019160371 -2.24881916765 0.0672951973262 1.39411644793 -1.05447700542 
5.37255648326 -0.444215731061 -1.00581860349 1.77440205769 -2.92222125384 -1.05410318961 2.62067437258 
4.8317177712 -1.80510253524 2.78127515582 -0.156811770309 -0.718323124664 -1.83412551813 2.10973282762 
0.0211259001511 -0.571173357137 -0.815340588796 -2.36269881253 -1.75680096253 0.612340893155 -2.30449579896 
3.42235727337 1.18940007861 -2.12326459832 2.06203415601 -4.45854090783 -0.190807575235 -0.482894381172 
2.77960952368 -1.59116434373 -2.36739212766 -1.83541183457 -2.17914011587 1.09328599731 -1.52037306846 
1.18067955267 1.73081818631 1.14730585315 1.37007159744 -0.0772901829582 -1.95908622021 -0.967359354088 
4.22085700418 1.38926023595 -0.534696826942 -2.43321992497 -2.23796750958 -1.33409685727 0.145757988803 
3.71619235888 0.883589753307 1.69977296798 0.339505530891 0.707748283171 0.915012671634 -0.222774211484 
1.07071076765 1.60508294152 1.06159212455 2.58634455938 -0.201475468877 0.606567699376 -2.24192421661 
5.04744721629 -0.0426411527265 -0.325323696528 -1.8762041374 -1.34925172709 1.09117431287 0.538082131106 
5.42065117275 1.78850304701 2.87493558009 2.01031441097 -0.365863846953 -1.33935516199 -2.26276580575 
2.50687725343 0.0225296309162 1.44826606824 1.49437184124 0.739688827383 -1.69668052263 -1.54098247574 
0.861240023795 -1.1735656491 -0.899381202961 -0.304212450224 -4.1347266467 0.117092809293 -1.90418580692 
0.754260440072 1.60505628333 0.598474323577 1.72098585698 -0.455084678622 -1.67887386602 2.89829894242 
2.97936354266 0.319282844724 -2.32515081221 2.68527546639 -4.56921214794 -0.23945685165 2.00029152608 
1.78916310713 -0.136356101435 1.19654353001 -2.56258332624 -1.59102155685 -0.513592433839 -2.58196671226 
1.4602028449 -0.639966468891 -0.261264117203 -2.68557969457 1.76454220038 0.377148140973 1.6236194736 
2.39785869386 1.72376329261 2.39416690608 0.504783666478 -3.05777270443 -0.913968211854 1.71486801907 
4.62392112292 0.405221370791 -0.85411052996 2.47530003091 0.304188308912 -1.33490930716 0.809073337851 
0.984183273395 -0.489970242097 -1.20219629833 -3.25343167422 -1.84461525877 1.10933961202 -2.0517145218 
4.20510408771 -0.653884425956 0.993820982669 -3.72670739443 1.61021160928 -0.451254194488 2.33585971933 
1.10512451508 -1.90958427886 -2.64606862291 1.83561749908 -1.60742702144 -1.27178041118 0.56486630647 
2.14176416124 -1.59562277542 2.86955255285 1.77218189396 -2.65362411553 0.670105286022 -2.9943105134 
3.72046972142 0.0826157042527 -0.746476856282 -1.62142282063 1.45564824604 -1.03651793256 -0.0663047155102 
5.16707434721 -0.903569361009 2.63049092628 1.75944359541 -0.873595337611 1.6312502291 -0.904796934214 
4.24215360154 0.00342426406714 -1.88693437917 -2.13211434858 1.95555132598 -1.10761070831 -0.125648278563 
4.04068391331 1.39851705085 2.23842263149 -1.13836683501 0.82170143811 -1.45584860089 -1.16029755664 
2.2666505 0.588844237999 0.0818509292951 -2.26612551553 0.72840906172 -1.4079926898 0.627899211012 
0.0180914413894 -1.73444564206 2.24845582638 1.15464202074 -4.46801065538 1.29967296629 2.04205436746 
0.90423353663 1.87351060654 -1.15491466537 -0.142067364231 1.51246991703 1.86415703114 2.84660319235 
1.50880275836 0.627377877854 2.60941341095 0.330056258192 -2.32504659225 -1.05712612969 2.23354526347 
4.77911928831 -1.63869573741 -1.46139145124 1.54226343681 -1.47518709452 -0.623259870651 -1.24782121547 
4.81908568426 1.95207195133 -2.42426451427 -1.82897743841 -3.42869860188 1.84707758427 1.86054208689 
1.17339326133 0.612170274688 -1.3199703288 3.39695974455 0.27720956487 -1.48927717684 -2.75542507252 
4.19491510987 1.67656851975 1.54790547262 0.946079776532 -0.903642702857 -1.30530736197 -0.108587577145 
4.54690947809 -0.839095159253 -1.90754558591 3.88481387513 0.210998762625 -1.81439978301 -0.83044376346 
2.86477645639 -0.0535192634573 0.880226769095 3.13755961495 0.100034765068 0.367766592762 -1.28063594426 
0.004433668747 -0.560058314399 0.85085134947 -3.15858824989 1.7084196893 -0.0252321239297 -2.98076647407 
4.3107967883 1.19951961203 -2.64107200563 2.52582809068 -3.3235049396 1.33512861683 -1.61525494168 
0.224179108211 -0.370307201087 1.74595944851 3.06180994318 -3.20978467543 1.66088949765 -0.907080615902 
0.777588862174 1.45255220677 2.28582108044 2.03435441514 -4.75501961667 0.377401245449 -2.60434024094 
5.2638216619 0.327524006003 -0.406855408701 -3.03651814531 0.889678113081 1.45163691412 -2.35591322751 
4.298873941 0.766570271283 -2.99015977028 2.26443774207 -4.87615047516 -1.79373465718 1.14501545812 
3.42951223228 0.485735462342 1.88718054861 3.15300515057 -0.396548862992 -0.501490225739 1.32916681101 
5.9474269004 -0.243464391522 -0.362075444958 -2.48611310919 -3.73919006701 1.28168811457 0.944624900037 
3.91113816222 -0.670202002627 -0.228600266553 1.21041770939 -2.99533017263 1.27817000975 -0.362659852607 
3.75150254061 0.796693841943 -2.89821112539 -1.42289335222 -2.15927633747 0.545089408468 -2.91546097763 
0.0229203908245 1.07779256808 -1.76758156544 -0.999083945598 -4.48140952967 0.274776651955 -0.988665584576 
3.14232955349 -1.22730031773 1.81908493125 1.77058758819 1.1006589192 -1.74752682163 -0.299133850719 
3.01593003942 -0.521011352129 -0.941453375201 -0.090639754103 1.8784104939 -0.062444389297 -1.12573841035 
1.29518012439 -1.41927130312 -0.588082071644 -0.0809113821598 -3.33578250315 -1.25904308889 0.668526832807 
5.28608328889 -1.85464503492 -1.14634531766 1.93107048909 -2.92621153898 -0.0899863507473 0.439913152838 
5.34379654685 1.88838204994 -2.78845612337 -3.12970687908 0.560201897402 1.77796149732 -2.53629615513 
5.39616640019 0.606540771865 -0.562574716827 1.20233933773 0.777531399309 -0.21690263624 -1.59206331341 
0.76833122963 -1.50410300768 2.62843191288 -3.67929380645 -4.4246605324 1.77127517238 0.990510169504 
3.3965163639 -1.86640837657 1.8816708242 -0.0131262116072 -0.611662850937 0.00204950989891 1.72778097465 
2.47108210415 -1.74347375717 -1.07747979901 2.96544887747 0.582010901085 0.929865367099 2.30897116672 
4.57189186519 -1.86117614137 -0.412065602862 -1.99986178274 0.272613720537 -0.279771281022 1.36806298699 
0.68033632943 -1.49222209743 2.2972405539 0.135760458689 -3.57536719219 -0.730338765284 2.32544863319 
0.896881419772 1.2874014683 1.48087453302 2.56793263748 -0.632916463504 -1.7434011329 2.14265034128 
0.808673864036 0.239855330374 -1.75292130642 0.492007522089 -3.56292428373 -1.15556028825 -2.54779030101 
2.8744429337 -1.51286724706 1.3747333158 3.13909624682 0.988824702679 -1.26310808344 1.25274661397 
3.23491398457 -1.11316037231 -0.125963571615 0.915476961639 -4.85281077614 -1.59091495763 -0.0156423994753 
3.76988060443 -0.651087128062 -2.57503730291 -0.347463406745 -4.86124669541 1.7114594115 1.09616258804 
4.6102048049 -1.51297981755 -2.49406059909 -1.57455188759 -1.80134730127 0.893330191319 -1.0474908308 
5.86136640961 -0.587762182917 2.69639481853 -2.33586625194 -2.72421574094 0.167462515167 1.30844967337 
1.06719602664 0.813374271556 -2.39045837258 1.86135667573 -0.0569230756572 0.951472302634 2.95176423009 
2.31546808658 0.181628460544 2.11561627222 -1.66104562244 -3.81429805019 -1.49039980934 -2.96429467648 
0.435092245438 -1.22731255617 1.67389017771 2.74037574423 -0.115219304536 -0.522563671016 -0.0804958173517 
2.94667635427 -1.78747764977 1.59408086894 1.71113101699 -1.46458109888 1.17304934593 -2.88979027065 
5.73083261432 0.905422684798 2.19727252302 -0.641669213306 -4.42988977652 1.79978135509 -0.828520990308 
2.82930152264 -0.578312138917 2.71704506287 0.948519345463 1.09809665048 -0.105522568732 0.928299549378 
1.85029083689 0.0980693017936 2.35907830246 -1.9057309231 -4.04660529015 -0.156455433562 -1.88349682562 
3.96761884756 0.443393458081 2.28366947357 -0.90372613189 1.34570135641 -1.31708345369 -2.23433168424 
4.71177889192 -1.2591952609 -2.97370050352 1.48519417105 0.302915433148 1.67381758644 -2.01204263683 
2.5517895384 0.287330628209 1.60621670937 0.037819783686 -2.01857807599 -1.80376134257 -2.0795452391 
5.54588309688 -0.900900568782 2.49615478858 -3.7474021672 -3.24755334203 0.278352957851 -2.39283277751 
3.10675070454 -0.40719883458 -1.24488725264 0.779202991684 -3.55396355614 1.89934956441 -2.69405580506 
0.0849891033025 1.78753487936 0.0803657438401 -1.44789263422 -1.05564922212 -0.176714234392 0.609163532045 
1.62202274678 -1.21227301887 -0.632127995545 3.03599687051 0.103901603197 -0.556731399045 2.13258564894 
3.47769739708 1.38204375447 2.26333468512 2.28932914539 -1.22813084546 0.0789009308692 2.67898026063 
5.53162773457 -0.72039850035 2.94007102806 3.0213443048 -3.04069937056 -0.224134627719 -0.428075457762 
4.31184049028 1.65402512722 1.35570297633 -3.7119501488 -1.96241768755 -0.493216869825 2.07785174086 
4.42625474773 -1.82012869085 -1.08285020137 -0.934697367333 -0.461336951429 -1.79298075438 1.9619536933 
5.44484825699 -0.334939562119 0.490559843971 1.0468234092 -1.86232994071 -0.568241560289 2.73300918947 
4.56646149108 -0.962465930542 1.39959019916 1.08912769547 0.810619346877 -0.886306314746 0.234783018443 
3.68270411191 -0.211754800583 -1.05879279177 2.0338013059 -4.60027044449 0.326121090154 0.359332899744 
5.99023267801 -1.51764127588 -2.71099622305 0.541607515943 1.26402522182 -0.628734161715 1.68024681347 
1.78073900038 -0.880558409411 2.78930513653 -2.26871847237 0.212858684119 -1.05950849833 0.398130653825 
4.40186477674 1.86210933643 0.870756316715 -3.56756563432 -0.410473300624 -0.0436478871325 2.2556697447 
2.52672955448 -1.5458432735 -0.473512242028 -2.29216568724 -4.26463731648 -0.730352108372 -1.3138378623 
2.09003187694 -0.592420493262 1.67196064798 -2.29472206634 0.0241950714628 1.41565753394 2.78745397323 
0.705193598788 1.87199153405 0.451897678362 3.06663296357 -3.68385446992 -1.90416850394 1.91893926212 
3.2436064565 -0.361887846236 -2.6378965785 1.73408917087 -2.94713092239 -1.54686040985 -2.26494518499 
5.07584955398 0.553537447771 2.64882228323 -2.76035250075 1.91433323528 0.854785648582 1.66378025032 
4.5902245471 0.895201860981 -0.71254944331 -3.21514391041 -3.50851723986 -1.88154835843 -1.65950533418 
1.94420495342 0.559288920612 -1.8645213725 -2.93490181894 1.53273174027 0.4648241343 -1.30302617938 
0.725138414336 1.54313476014 -0.211504420992 1.20429562558 -4.33474930721 0.358556097947 -2.73579724833 
0.269955578403 -1.70008279469 -1.5306164649 3.90262594471 1.13010113658 -1.44996911889 -1.86205880661 
3.1666765653 -1.94497808838 2.39525620045 -1.47542902852 0.376022891847 -0.0223966429716 1.78090182221 
5.1446377995 0.677866893082 -2.30170176158 -2.79553504969 -0.801059120919 1.8580272588 -1.63226377911 
2.12729784168 1.69446642936 -2.91400261266 -2.83299068518 -0.900975851093 0.478028448716 -1.23788965402 
3.28256708426 0.435617240992 2.80944364807 -3.64274887768 -3.05221640476 0.776832126958 2.18364753961 
5.25955226745 1.07100098261 -1.58355894933 3.77717328527 -2.07500340932 0.511370282493 0.121255697149 
4.39184038723 -1.22474923324 2.06704321025 -2.04887889721 -2.34476292408 -1.51060359278 2.12616746674 
2.80422737518 -0.284770797846 -1.10433393079 0.330213944782 0.350562661536 0.0654011689964 -0.877967965107 
3.53197360244 0.633304077357 -1.06695102647 -3.41948804583 1.58870118627 -0.258975976869 -2.38925423026 
5.58009372371 -0.305377744977 2.05647788952 -1.55802881742 -4.26590460004 -1.14311600813 -0.617344207328 
4.16376184679 0.109896624605 -2.99597429778 1.6891690605 -0.663991425406 0.920144707626 2.94153161171 
2.78659279031 1.75524271166 0.883278133691 -1.81570132392 1.47663830596 -0.513906552475 2.43285726799 
4.07633069362 1.93391041154 0.183507431885 3.99800276436 -4.36096954494 -0.0370660556176 -2.57218369627 
2.23788335778 -1.50349523872 1.16491238087 -3.8278815486 0.401748351846 -1.83716389832 -1.99001287882 
2.9397010286 0.934805515185 -2.71491467032 2.27645546265 1.78604207667 0.365575164954 -0.859680241602 
1.10895150779 -0.712346969545 0.869337994936 -1.88128009989 -2.23442314099 0.563674264608 0.76570679801 
1.48062595227 0.636499769673 -2.65378177712 2.23119265563 -4.50197804274 0.957902861449 1.6724067623 
3.21781424442 -0.99170660777 1.42413362652 -0.701058666252 -3.21928422935 -1.16850713539 1.99367994062 
4.38800444643 -1.80966937905 1.92723163846 -3.81005790194 -3.94912694683 -0.461176567476 -0.936859139329 
4.84634783588 -1.13528120846 -2.81290943112 2.56759747389 -3.03322108149 0.813001022795 2.40120456593 
4.55153014209 -0.514957959067 -0.85697171481 -1.50933538046 -2.75610801717 1.25052049611 -1.46426618544 
4.79759839134 1.15563107029 0.113064758574 -1.3654153776 1.57607880887 0.470999479835 0.689097540766 
3.55336740655 1.06886732632 2.40685142068 -3.00775599262 -4.11787221781 1.49200837081 -0.924302009617 
2.65122942885 0.740409472788 -0.796165781906 0.536994461564 -4.68749032664 -1.994283355 0.679295708207 
0.705614933936 0.45914393327 -2.02939407731 -0.475172341536 0.349969918161 1.77371992884 2.27171889703 
1.64125136559 -0.576140295968 -1.86051891386 1.85734210934 -2.87855236037 0.448374349863 2.00536569446 
3.38320590474 -1.33854490432 2.14799866733 2.32438681609 0.371558251036 -1.78416502023 -0.131887733242 
5.8034128823 -1.06191531761 2.8417906751 -2.66020895234 -1.87998264126 1.76247390233 -1.98586451592 
1.32893924609 0.843451504897 1.27892554973 0.984064300087 -0.736705355842 -1.87506539954 -1.08953131987 
3.88171713798 -0.972725565937 -1.45032833225 -2.58149106638 -0.161880008173 0.322144702675 -0.615757507345 
2.45412674749 1.77759841186 -0.823844809301 0.0673863991555 -3.71941852374 0.409776752608 0.503006428574 
4.41790052315 -0.208545348749 -2.62846650908 -0.405436281748 -2.98089111412 1.86520301614 -2.847030436 
4.31978480729 0.139513414136 -0.12681484028 2.75014486348 -0.0783625086112 0.617267240985 -2.56405442357 
4.14512303552 -0.382358422266 -0.449265003406 2.8711393744 -0.0399427217549 -0.329349462841 0.912872921598 
1.78809124117 1.54954186352 0.124143859416 -1.04864266539 -1.01784288462 1.59522084376 -2.15923116584 
0.198040494367 -0.536953817204 -1.10876601616 -0.861572823105 0.158239870676 -0.452814692043 0.859809945801 
3.25594971431 -0.188479298747 0.579791731177 -1.22815065872 0.843761498556 -1.63517321515 -0.992712613972 
5.39074893519 1.32899558558 -1.7139984703 3.11773488078 -3.28068053009 -1.62152758894 1.65321816725 
3.25138248267 -1.62943613736 -1.03175044188 3.75741348507 1.39604564944 -0.356151420716 -0.299283506734 
1.14211796368 0.904773069953 2.76349108335 -1.41597297113 -2.14829132002 0.764158986922 -2.39272274963 
0.870207952865 -1.34072566504 -2.25823597258 -0.264841654549 -3.87633052369 -0.109529354773 -2.92463513282 
3.82368962805 -0.658090485037 0.701814602755 2.99247227278 0.500631530693 -0.324999142547 0.79042828687 
0.949496524545 -0.755510102887 -0.147847705692 0.623831021673 0.0576418610338 -1.54809132564 2.43531823392 
2.10770131577 0.993676121708 -1.9445567209 -3.46413224644 -4.49472070488 0.276795697286 -0.0775499946112 
1.03774566516 1.48890101809 -0.302218743962 2.21631779009 1.87116053573 -0.657510393661 0.141942810224 
5.25299514409 0.866905474598 -0.991268766483 -2.81604429287 -3.7380583834 -1.43744196682 -2.13648184699 
5.92263064649 -0.774773331423 -1.09451852437 2.70320200473 1.61558093883 -0.437569577542 0.743228054317 
5.99399567614 0.9151094654 -1.43726434685 -3.77947949086 -4.49255077901 1.61597388293 -1.04998628865 
2.26836410339 1.26313270308 -1.60743719533 3.37629183723 1.79378064059 1.83442751858 -0.485690500289 
0.139583269071 -0.357580428923 1.54749807214 1.40785009222 -3.51091028654 0.685732095392 -1.68049665664 
1.55871230098 -1.91807405813 -2.71705827152 3.90849120334 1.60543083566 1.45387696384 0.58396569954 
2.936683169 -0.387180489925 0.251224226514 0.15974680427 0.268443133986 1.43153254386 0.242303111272 
0.837408862604 -1.53144240586 1.26605332887 2.75327112221 -2.03569564533 -0.563381468556 -1.73239965169 
1.65031132131 -1.51339287693 1.66304491276 1.18813966939 -4.13213034485 -0.492353489721 0.379932921375 
2.18191040003 -0.428129368052 -0.682883446548 1.25714471558 -4.35938237407 -0.961977365605 0.659066813384 
0.364955901022 1.21640670319 -1.10614805555 1.31678010104 -1.42686663148 1.34270287588 -0.132499234038 
3.3652097606 1.58951489504 0.807907812689 1.65968841185 -0.58214514781 0.845189588172 -0.358171518411 
2.93590663031 -0.906719117118 -0.56449789284 2.37141924924 0.929176715349 -0.399973970853 0.0442222262115 
1.36233066351 -1.43886342037 -0.774711224527 -2.61222531986 0.950880381062 -0.974309550207 1.51961818858 
5.38394216798 -0.593743290694 -2.99634741186 1.41918051316 -4.81180809222 -1.21633404946 1.04013677479 
1.49327656316 0.181207850433 1.89418352414 2.19360760155 -2.71796857916 0.209748630174 2.99350573653 
4.66788894238 0.232377047766 2.2572099118 2.22732398566 0.0173751145542 -0.103613656641 -2.67132994532 
0.214813941689 -1.27053246673 2.27951676945 -2.38148825722 -1.58683108697 1.4090342599 0.952321887381 
