2.93635690417 -0.579879839822 1.64406116903 2.76420029923 -0.245950221278 1.56449038222 -1.60158848986 
4.41762118586 1.81567549189 0.213376786902 1.42824941209 -3.5858628196 -0.283119231935 -2.03202366465 
2.2295172978 -0.312665262697 -0.217849124456 0.762246284697 0.249857916128 -1.77462032284 -2.88806128675 
5.6784364611 -0.356980379658 -2.07595294699 1.52385864575 -4.4044490929 -0.594798413784 1.08344778926 
3.03581118202 -0.932571916788 -0.941496057701 2.01919062376 -1.23295966734 0.960694852989 1.01326555121 
5.42812725857 -0.645921513951 -0.428347513689 2.09566153076 1.06314702037 -0.225699432333 -0.198237105363 
5.34022898892 -1.62230682577 2.06851077774 -3.58650379259 -3.32822420542 -0.0499124878138 0.739105534111 
2.31145707058 -1.71876564619 1.8683183919 -3.52469567343 -2.10431767743 -0.142590257214 -2.13427444494 
2.69207749521 -1.80233129482 -1.71187041129 -0.769482125206 -1.32560596016 0.598821586846 -1.76926964196 
1.18742339328 -0.9798502986 2.94964099467 1.77368894648 1.37223850326 0.37029675274 -0.430818800297 
1.29350398344 -0.406685334794 0.187583668803 -2.13066774694 -4.05678259592 1.12582791459 0.437968560722 
3.44304803475 -1.91521079598 -2.79394279922 2.76301953987 1.62740761825 1.87672246104 -1.71140628014 
2.39603630362 -1.48176095195 -0.213012178289 -2.32395072615 -3.65370340239 0.0699853170254 0.436209275925 
5.50337143638 -0.173501909541 -2.13332424694 -2.79422224966 -2.0327965485 -1.44272017277 -0.710322965261 
3.75472541576 -1.24918670954 2.06582168581 -1.30456698906 0.247829013221 1.46457560484 -1.27701828508 
5.97066979632 1.02870890756 1.33432801156 0.258128814765 -4.26094883032 -0.999402408487 0.913681254336 
4.4415678242 -1.86634545293 0.247184060736 2.47113964903 -0.237121888398 -0.0986952481438 -2.00327164134 
0.287951511552 -0.760871098644 0.178963656873 -2.50866813466 -0.104269541608 0.360864502404 -2.91035538132 
3.18232979942 1.11234766233 -0.770766655943 1.32318213084 -2.80122683226 -0.688119653015 2.77561564382 
5.72490314575 -1.27325913715 0.231466293269 -3.34971167751 1.12465930538 -0.417386010837 1.41215206 
0.790914437858 -1.14370357862 -1.24722632032 3.85668261322 -1.15721605225 -0.202446319831 -0.157561855576 
0.684850682647 1.6112648324 -2.82378370199 -0.108608206892 1.13062006879 1.88871942372 -1.00736771597 
0.243329182057 -1.71661282486 -1.59289840536 2.36012969716 0.618398400434 1.92739361992 -1.46553827183 
4.25634711735 -0.464069547475 -1.92772996927 -0.843783085262 1.81964030706 -0.295971151516 -0.00109489510776 
4.70053427575 -1.3890982585 2.00413838214 -0.705707489521 -0.658350881946 -0.671539087756 -0.112749360959 
5.32968712142 -0.0602530762365 1.25286164148 2.59413600317 -1.31275262681 -1.35399347308 2.28340698627 
1.76955090942 -0.177230831175 -2.01581117209 -2.68989010677 -0.278614364607 -1.79627023705 -1.23759097819 
4.28963921651 -1.6838763102 -2.69998572794 1.20641835553 1.84316191649 0.576352984906 -2.63676492382 
0.799330236052 -0.0376735391761 -2.66354438404 0.332605625658 -4.62713905302 0.103780196484 -0.969185860275 
5.43679550339 -0.44856864974 -0.719974525906 0.723921241051 1.7552705923 1.39683635458 0.470216900227 
0.995023614498 0.875928653718 1.95398210568 -1.11853043914 -1.33744191741 1.7153341578 0.663538549292 
3.7638576062 1.42008244269 -2.89868987362 -1.07401822074 -1.44776958486 -1.93444635318 -1.92375577429 
5.12491095369 0.755957107105 0.975857375415 -3.87641926482 1.47794930757 1.85115975405 -1.95616621264 
1.65014521084 -0.691777458381 -1.84290494353 3.45244184991 1.36718315464 1.26042826871 -2.68306772886 
5.15984863226 1.44232523345 -1.30390619847 1.88487210567 1.32420738207 -1.00614973815 2.80248575023 
2.28145351183 -1.74245942222 2.79569055861 -3.76310217901 -4.93292743564 -0.141011556735 1.10041544455 
4.88018585187 -0.149398149122 -2.7170243801 0.960391039452 -1.51410796397 0.454371193416 2.00503997315 
2.52986277869 -0.217888425524 -2.13071792794 3.64722888791 -0.726717700933 -1.60317734322 -1.12886401986 
2.50244530478 1.97742297843 -2.39925508363 -0.487086421685 -0.0897399137452 -1.93294050555 -0.522644935913 
3.12462277497 -0.296291204034 1.92141885848 -0.0295555550647 -2.96668244839 -1.68606361486 -1.84164874202 
4.85554668259 -0.53840672487 -2.78777858101 1.49572374357 -3.16774336039 -1.38510094143 0.927106783457 
0.732115801729 1.30241380108 0.143995780131 2.21004262924 -0.550332240932 -0.753536497147 1.05532193438 
4.86204195609 0.0474243143722 -0.913263701943 -2.91555151065 -1.38302507778 0.814040277394 1.28301993018 
2.79660484333 -0.308060830307 -1.71569986686 2.71335375566 -1.78286655284 -1.34027928008 -2.386632694 
2.03572379271 1.67443678808 2.02887736203 -0.0111013055807 -3.30539622751 -0.601003234981 -0.0186297350531 
3.3601326572 -1.62125786525 2.31185851169 -0.0933691741181 1.25119422298 -1.70028621156 -0.985363141867 
1.79443809082 0.953772434957 -0.066727388298 3.2745339832 -3.53056539142 -1.14619483795 2.44564051059 
5.29030277184 0.298874485717 -1.93031250489 -1.89476992925 0.790674438164 0.940077971526 -1.09779496976 
0.600691767514 0.82584053064 0.2927246305 0.463476361863 -4.81170847641 1.89034002294 0.718282558981 
3.73724014149 0.0518624073668 0.326447594901 2.20121927191 -2.00038693293 -1.16859135277 -2.14767581346 
5.84139383428 1.35029742574 -1.66996910674 1.78344067548 1.35797363606 -0.659424127421 -0.118935828663 
2.11219970657 -1.09415989826 1.41656715251 -1.77919426906 -0.0123920036392 1.34610887523 1.00626584563 
4.99649733599 -0.24334977604 0.956482331678 -0.587638240858 -2.35001479578 1.32470852058 0.393569613619 
4.83951200762 -0.872870345621 2.15370873698 1.02426907211 -1.0762817506 0.622774811184 1.26109834509 
0.777035594821 -1.22712891738 2.96706682505 1.08639018614 1.17622354047 -0.935465004662 -2.65951956456 
1.65617947661 -1.84790015263 2.49245602497 1.97183149882 -4.76129513705 -0.0799293628745 0.594438150982 
5.23409463162 -1.13171293176 0.717511247358 -0.698116710013 0.3911631289 -1.34969784059 -1.51520169308 
1.93810769913 1.23155514487 2.78491365656 -1.16895873151 -0.507823502417 -0.26491181546 0.312739657749 
2.99220664752 -1.46892277074 -2.45363520899 0.563664786911 0.249609246925 -1.33664499348 -0.563699799545 
4.20709764882 1.9107542065 -0.308730181229 -0.834598282205 -0.0766390676983 0.125630204185 2.08671882192 
4.67834746082 -0.347183791078 0.956654382126 -0.391482815189 1.46689609325 1.54057559165 -1.44588237117 
2.08350148132 -1.69025763567 1.89336032249 2.06475433793 -2.74424789274 0.133276065373 0.241630830112 
0.0518899676398 -0.280696510524 -2.84320565746 0.102501140873 -2.22747813235 0.175482151216 -0.315509270845 
0.820548432177 1.52157663723 -1.32737450187 -2.36896007076 -2.94054701526 0.580329533472 -1.73199645716 
1.44874424433 -0.141186883646 -1.12972430293 0.0678849713356 -0.508545647605 0.932973816032 1.00178922675 
4.06068214671 1.83745499424 -1.29735316245 -0.542595422439 0.867957753595 1.364589347 -1.53561657253 
1.84762951524 0.738413829876 -1.05448617535 0.891685299854 -2.80208078364 0.475730451798 0.312898993243 
2.30923800684 -0.396155911591 -1.61523893736 -3.48627733088 -2.92021082092 1.06968821814 -0.392571830578 
2.60616992586 0.614737152366 -0.617107364543 2.06396623719 0.201452752181 0.307686968254 1.91849725749 
0.10025941161 -1.91167842792 1.5038062805 3.37117410594 -1.04350816762 -1.60603778033 -2.78219718948 
1.05856926546 0.379548248397 1.1495539201 1.05698777214 -1.21436639777 1.42594865295 -1.69337269188 
1.590542707 -1.68596793299 0.0558154459359 0.62967467449 -1.60871962553 -1.05101597439 -0.430350472302 
0.756478695878 -0.601732980467 2.55030068577 3.59748191557 -2.24241415346 1.58374838515 1.48289526571 
3.23389666903 1.32439554657 -0.00223751260575 -1.06053676083 0.0103146671586 0.953641890588 -1.36282924497 
0.885568674359 0.71507471485 -0.0221743820121 0.0133904752335 -1.95133891492 1.87046540859 2.31839488552 
2.7979880762 1.78610253539 -0.984292556428 0.978522812634 -3.76340161561 1.56300933048 1.0235264261 
2.21917293391 -1.46418952635 -2.14563066503 -3.38351548401 1.36609445385 1.17808251168 -1.71683615623 
2.02203620132 1.11982460469 -2.81048451451 -1.18777657926 -3.09144503177 -1.33008741157 -1.68305800985 
5.16563896509 -0.535772237082 2.26033564296 2.47143507167 -0.619775928234 1.79122491964 -0.248717188435 
3.90225493388 -0.713030794062 1.05029367988 3.84997080959 0.170190120377 -1.21571414553 -0.0507019744991 
1.94500050025 -1.11311494555 2.86269689356 1.0005723801 -2.2348233623 0.0605291190937 -1.72760181018 
2.99101105743 1.68698535038 2.75137038413 -3.15270322617 1.10054141607 1.05084965924 0.0243704654142 
5.54485053611 -1.63254079995 1.35267157289 -3.81099276423 -1.74322960639 -0.792330829467 -0.227184236029 
5.1528017152 -1.05302367048 -2.83399318117 -2.15441706229 -3.46816079467 -0.149629186893 -0.862733449409 
0.64072567273 -1.16552590111 2.00661532298 0.00326641541141 -1.60742574896 0.0581993925119 0.284777696665 
4.72357092071 -0.678905085921 -1.80282891751 0.612191201928 1.30822373858 1.42398913458 0.149954298461 
5.1477081724 1.4765398652 0.993066410135 -0.831543102396 -3.03083350611 -1.59282268792 -0.0511510628209 
4.1483945014 1.47890306146 0.989810336737 3.3319671936 -4.36816312223 -0.319471568839 -2.17748292614 
5.30179096036 1.46869318592 1.07619507543 -0.90479456366 -0.599872546584 -1.499965953 -1.2673708711 
4.41587721382 -0.353646514239 1.67089733807 3.50658068752 -4.01999523434 -0.220675886723 2.51700058596 
4.84596376139 0.356236296961 -1.12857376031 -3.72004059412 -4.89260005965 -0.40065870809 1.51061936028 
0.50197876051 0.722810122469 -0.0771459939159 -1.09098900909 0.85220209744 -1.8910992488 0.963728021024 
3.29050622415 -1.32459065361 -0.428352463921 -0.784945422893 0.482953144971 0.921051549422 -2.11162060264 
5.57534918698 1.53072937398 -1.15505049667 -0.758704560142 -1.95653015815 1.98863363408 1.13487012973 
5.55703369888 0.124864025033 1.22800444025 -3.20563854433 -3.68093151472 -1.13648854521 1.24141833339 
0.220827574313 1.31882167637 -2.57735638568 -2.39700208795 0.324541885157 0.369258343203 2.57034609634 
2.0200372582 1.74401724968 -1.43937428616 0.0210133893379 -2.2754207441 -0.831022778078 1.53431426257 
1.53081787337 1.92693688495 0.122228226647 -1.6771196528 1.67442668505 1.24556140628 2.52128011221 
2.5742055927 0.811705291941 -1.39176091156 -2.39617406839 1.02818274812 1.60008237201 -2.64962469942 
0.902269724284 0.0468291372927 2.94633128169 3.71716816103 -0.678551306347 -1.18527942671 -0.246890549427 
3.92522942373 -1.50522125592 -1.6872329553 -0.199560395939 -2.19017905605 -1.27099234269 -1.21208929873 
0.218153310016 -1.24572994661 -1.60666856355 3.28545606753 -4.62372947794 1.80693015801 -2.81356017728 
2.40377567363 -1.21326382363 -0.12012834556 1.36269415567 -3.77705661466 -0.770866969686 -1.63327992048 
0.724177782862 1.59979182956 -0.875859126438 1.02159123893 -0.560022044753 1.79585725078 -0.681306835252 
1.7359795591 0.685181198454 2.94985919166 0.634528310999 -2.18650860474 0.646265176144 0.362822376902 
2.94586895139 1.07555166504 0.685850357556 -1.16463176401 0.80961058889 1.98750945796 0.927783190082 
3.04035098494 1.52643076979 2.00324323756 -0.279035632512 -0.0028473234689 -0.686504209673 -2.87090307216 
4.16615231468 -1.18761197981 -2.50342560592 0.523087383192 -2.75652105471 -1.13590371258 0.476123568925 
5.19443028241 -1.86895274202 1.64844470025 -0.809315364528 -4.61840512645 -1.82082958186 0.245919438908 
4.06385045276 -0.260259786319 1.61934681643 -3.85704020956 -4.82874795573 -0.77836420755 0.778572807583 
5.26021061718 -1.83591165619 1.52344409427 2.79261227773 0.541675183855 0.968390206047 2.40619970814 
5.65635743993 0.539085567833 2.37223551971 1.02557431962 -3.80609879298 -1.45925091193 0.928957029683 
3.97105346146 0.67928604252 -2.88624826407 3.22778668788 0.00890881089727 -0.754759418347 -2.42565783148 
2.06785739595 0.283593922656 0.803298997501 -3.76172831714 0.418007389806 0.859723903692 0.444348207521 
2.67433753946 0.597129830358 1.19140565372 1.57916664345 -1.10500522165 -1.48862022906 2.52951559684 
0.246692203526 -0.777883150542 -1.43628153596 -3.66699678044 -4.31977606113 -1.31184088315 -1.76075367899 
0.771134509858 1.84601426925 -1.80165774515 -0.0500718295236 -3.84382021081 1.5449659859 -0.592468040008 
0.766254484869 -1.28398047298 0.311481790861 3.65110482529 -1.02433090073 1.54244365426 -0.671006923371 
2.83576510533 -1.41115397883 0.302013243659 -1.44285921204 -2.7042480571 0.474095068381 1.15787492494 
5.40085943612 -1.08055628932 -0.0742131534055 -0.918728372695 -1.34643297382 -0.76553953313 -0.785297591119 
5.97049928274 1.70554223523 1.22942048887 -0.396065300881 1.33444619457 -0.961314943436 -0.187556516798 
3.90860414545 1.87093180655 2.01287395143 2.38799724224 -0.406597547269 -0.97158362311 -1.05968949667 
1.04910008354 1.42379174749 2.83260833902 1.61750106965 -0.696102830118 1.74149992845 0.197792765691 
0.948357497361 -0.691477740034 -0.308123905405 3.8683449114 1.62458611278 -1.59521057398 -2.88027488305 
5.61997377393 0.844862385501 2.59306552386 2.17818763039 -0.663109161839 1.33189105466 1.34280875289 
2.31648724759 -1.62271725896 2.00726525037 -1.69870909721 0.566456354997 0.717980041831 -0.464634647659 
4.32889905353 -1.69530374955 2.77381003569 -2.90277045079 -2.23971297191 -1.95025627278 -2.70988266122 
0.632049595599 -0.734446055335 -1.47076114434 -2.48267773397 -0.69874485063 -1.60180500243 -1.032228273 
4.26452414312 1.02908351713 1.24460150416 -2.79540807022 -0.545297936865 -1.14860508148 -0.2172443979 
4.13125237295 0.586781607369 1.64933060132 -3.78098335396 -4.79045798587 -1.87383956323 1.08247310981 
3.92777866074 0.878228144899 -1.03694515546 -1.58315205154 1.04918446386 1.41612063141 -2.82973728447 
5.00789862105 -1.61583617203 -0.48724781224 -3.49455784174 -0.936202940692 -0.106782608719 -2.17911286639 
3.42614996648 -1.84890274769 -0.69981522382 3.32215533089 1.94730368129 0.11401322894 -0.439946544197 
1.36500500026 0.430726332559 0.0661741550032 -3.41222586807 -2.42200518845 1.97766418217 0.232936547189 
5.7446406175 -0.256068513656 1.36092965368 -0.822115552501 -3.1775134703 -1.15749454142 1.44405232812 
5.76344854115 -1.4619300511 -0.840160214188 1.0788122202 -2.74207560048 -0.250737926387 1.73346390096 
2.34586917765 -0.247078375512 2.44932117713 -3.41680806903 -0.121738230619 1.8158740482 -2.76581716455 
5.55760447737 -0.929935073749 -2.33903213462 -0.743560706349 1.33886286504 -1.32628159867 2.91758811701 
3.60448030088 -1.97765536205 -0.0346196883775 -0.73696563128 0.438178202836 -1.85970677638 2.36571608758 
0.418448631058 0.193952918593 -0.116399516285 0.391402022884 -0.535836197255 1.72997333357 1.59721718736 
2.14343153901 1.32157244501 -2.84669348052 -2.29070397955 -0.768935997221 -1.44366740082 1.21721434155 
0.178835805615 1.98284024062 -0.905255804634 3.49417587897 -4.60631860285 1.88733468347 2.05064388029 
5.08269999224 -1.63746776099 2.17183890723 -2.2379717741 -4.32240744836 0.796533212957 2.13289631745 
3.29154204531 -1.2791556849 -1.19231506574 3.42519778611 -0.289924765805 1.81600554292 -1.48083555454 
2.68916082223 1.06783096967 -0.628139217031 -0.201130910126 -2.27919881219 1.78785728034 1.35002647359 
1.55620950587 -1.65844256733 -2.94250176743 -3.08508099185 -1.41780103094 1.09553803245 2.83257284728 
3.26833153463 -0.586459407379 0.3365349434 -0.584647261072 -2.04475632532 0.835946959407 1.91051425527 
2.0614986856 -1.60606521541 2.07260763763 -1.14829378426 -2.59381333986 0.533361704809 1.85604489496 
3.70541167703 -1.43944124532 2.44212858423 -1.91550101397 -1.02550083694 1.02589033191 -1.86035902869 
3.28547120719 1.86108464573 1.88475507014 0.0079726557598 -0.461390482153 1.06700670396 0.0575906625881 
2.28563318853 -0.900408683391 -0.508507049649 -1.82701671278 -4.43493754768 -0.335570148052 -0.115738693285 
5.22785691331 -1.09169430945 2.16741858046 0.416488719003 -1.47372260692 1.51833122236 -1.80139257984 
0.203932155534 0.951048505749 0.373824333047 -1.25791656407 -4.25723387772 1.7063938615 1.64375597116 
2.58790254681 -0.394029103366 1.44482377977 -2.17626149474 -0.280122266414 -0.211308572835 -0.100866260002 
4.21963953219 0.619859908621 -0.201268808336 -3.26843841106 -2.06128482057 -1.20278767739 -2.78301524712 
0.710255878742 -1.65879790949 -0.0530682875274 -3.78504727393 -3.22739573875 0.39119677729 1.64054477881 
0.92222763149 1.31486432725 -2.80136260687 -2.30551393785 1.63306154138 -1.84515820686 2.80975183563 
5.73297856943 -0.419314296947 -1.6595493482 3.43467240068 1.99865146494 0.943139441208 1.96465358984 
2.61011867063 -1.22219135082 -1.65798959867 -1.31706636061 -3.1848162176 -1.21524121054 -1.91297636848 
0.70503557995 1.16933157349 -2.82654732903 -3.90751769826 0.148524045966 0.403229823449 -1.24424201785 
4.80607680995 -1.30555698259 -1.80194643837 0.934804157914 -0.693460326342 -0.291810515364 1.25655148883 
1.01469119137 -1.03823183989 0.755993050991 2.69060985986 -1.1712043414 -0.993670470466 0.884355332629 
0.472318254161 1.89424402911 1.01949048599 2.13098373313 -2.05321538396 1.16245841254 1.64089956439 
1.4216890913 -1.98755167656 1.0735922099 0.664974174283 -3.49727039787 1.41662402811 2.13584667303 
5.26008609038 -1.57120613557 1.0388793833 2.72741042064 -2.36647403772 1.17050516113 -0.600123672649 
2.66386765777 -0.930043141651 2.57572737375 1.87860570241 -2.20758532498 -0.910713394748 -0.0458475520465 
3.99960093279 -1.32309696006 -2.50644502453 3.45073734992 -1.9596039722 -1.96759198172 -1.12084921549 
2.70703587626 1.31872638969 1.20687482424 -2.19639547833 -2.82924187666 -0.584841631712 -2.06565248203 
4.98160372668 0.867897879823 -0.261528373464 -0.20760591886 0.43068341107 -1.28007421516 0.981574887058 
2.34211814383 -0.222532806106 -1.71980158625 -0.546868339402 -2.8044629402 0.047808092338 -1.99377726504 
1.28168174177 0.951822924895 -1.78846649517 0.63217646023 -4.94512527406 0.459120132776 0.107288679347 
4.96441839556 1.04533050861 -2.74217510911 0.0467087835226 -1.8439940572 -0.143366501066 -1.54700475389 
3.02444596316 -0.835641284698 -0.467197517585 -1.84098778716 -1.78970244387 1.79278443332 2.13057933305 
2.56279220522 0.128084518639 -0.632675852242 0.319893602268 0.672933461203 0.682082716523 -2.77471115375 
1.62766850513 -0.567437433973 -1.6759102868 0.239091779054 -4.47237973924 -0.560162219207 1.97905000459 
3.45621044846 0.692371879858 -0.986942301295 -2.00226431467 -2.72081389876 -1.36697998735 -2.46445947775 
2.67819982549 1.91068754476 -0.76595060838 1.34304077345 -1.32377491539 -0.0334667091111 2.2276366345 
1.49222227742 1.13664643737 2.05064791832 1.88851701369 -4.87526421536 0.86984426231 -0.593247838354 
0.284998002125 -0.208767397486 1.85104503456 -0.395327541849 -4.79303076404 0.160772497139 -2.7582969569 
2.43238944445 -1.82304901939 -2.35954960895 1.864460494 -2.44442309248 -1.57629621195 1.17390709673 
3.03991119774 0.061992288531 -1.17656042153 -3.64126719519 -3.61787255171 -1.10751523351 0.0591240753619 
1.90874444638 -1.32222739702 1.74209257191 0.134026862825 0.723679795536 1.40440356891 -1.03750346445 
2.07871266896 1.88089102704 1.41020963174 2.61595925038 -4.2554945299 -0.249464751054 -1.65113842511 
4.17740203412 0.507268083428 -1.3651556873 -1.75429426036 -2.55356816136 1.19356187478 -2.50878238979 
5.3051624661 -0.694533124845 0.47523722261 -2.47685291924 -2.35382909338 0.826980864991 2.14386917795 
5.05527357542 1.92998819218 -1.89362257101 3.03755253376 -0.83952875194 -1.17832720933 2.7727721942 
2.70177499846 1.82039882933 -0.765606440346 -1.44826353407 -0.462524605534 -1.49331519471 2.04398732879 
3.54765719782 1.66064732782 2.12427150484 2.26470166376 -2.69663887559 -0.438327077047 0.600272962185 
1.87937048413 -0.188361335718 1.41374731698 1.47983461623 -3.69445471795 1.63490449721 1.07169962595 
3.47469586689 -0.953788133693 -0.711983140342 -1.952444062 1.58526108736 -0.53811507392 2.36320100631 
0.460374394819 -1.24678776367 2.21344551373 0.767498764737 0.0340647197167 -1.37007639029 1.10586031906 
2.99473460817 -0.911986989341 0.615109161404 -2.11180263329 -1.19411986714 -0.0726100995816 -1.14857400588 
4.04959321174 0.729596141095 -1.48580833271 -3.90134552398 -2.20139404919 1.73044543865 -2.64008023287 
5.40556900899 -1.33905490022 -2.35304134778 -0.595834587423 0.508193549011 1.84502521668 -2.9004429062 
0.560281763763 -1.44832926384 2.7176337596 2.20874473163 -3.7058718662 -1.89263010361 -1.03078534019 
4.87297452514 1.311441976 0.696838489433 1.93558902351 -0.895591896233 0.461437140397 -1.52977276867 
0.564826127119 -1.93281320302 -0.544281126482 1.48641752311 -2.13330482648 0.558398903806 1.62666550561 
3.99219633984 -0.487067850959 2.6259827678 -1.1708364753 1.26389612465 -1.12758906957 -1.1583767768 
0.85082219125 0.7086696792 1.130390319 -2.37693152219 1.80144491549 1.12347699675 -1.25145606594 
0.657684583135 -1.95375279552 -1.36119728925 -3.65423455144 -3.27427286334 -1.50996609239 -0.524025651401 
