4284,7364,13824,16749,22413
90,16394,18164,4788,21092,15296,6861
11466,4172,26118,29484,1080,15885
16914,5034,25704,11493
12018,28188,12173,27693,23493,9129
25698,14358,21938,18572,27308,8708,9149,15609
11466,24116,28316,20736,21177
15732,212,18452,25592,3492,621
7146,21546,14252,28652,29808,24453,1353
29826,7880,16448,14733
9954,14594,17024,6573,489
19782,21378,588,9324,27068,3848,7929
156,23256,716,21596,8352,25488,9813
6762,29862,21258,8168,22973,1029
22122,14828,1892,13772,17138,24872,3213,4809
21834,11174,25538,10508,19517,20637
11298,20034,24404,11468,1472,5553
17766,3402,972,16988,2624,15869,21225
5082,5916,3978,2822,18122,19892,12312,6957
23850,3060,1940,9234,8948,248,16704
4458,5292,15512,8352,10341,29361
11970,24620,1400,25304,19508,16637,13557
12630,25434,23004,21848,17348,21429
25986,29066,23402,9038,16178,29268,29709,6489
23490,24764,17604,25184,16749,13824,25605,1701
16569,5909,17348,11684,14114,27050,15114
14889,19125,25704,10184,21524,11954,29244
21357,25592,11228,1778,17298
4941,18032,22532,21258,1098,17114,5180,25410
21461,16821,25677,8352,7196,27986,17766
20637,5832,3402,7482,28362,1062
18885,5949,8093,10733,5924,27428,828,19274
17757,14832,26613,25184,11444,7364,12020,8940
10809,4725,7364,10004,20664,10380
26181,16016,5852,14708,18074,14994
13581,17816,1512,6152,20516,10506,12102
7461,24752,17172,26028,12938,29394,1290
11289,24093,4424,27644,17634
6021,19112,13028,20322,27462,24746,2646
5553,1472,25508,482,11142,21306
13545,12389,26600,6098,10908,18642
14733,16448,22244,16394,4460,7826
9813,25488,24368,15800,26460,29826
17141,14216,28616,14252,28652,27378
3717,17928,7268,16124,6554,11910
6105,13685,309,25488,2268,26172,5382
4809,3213,24093,9288,5922,8562,828
25173,5504,6624,24368,15512,5292,26402,10386
22829,884,24194,1094,11754,11468,1458
16101,27540,84,23988,678
