7364,22413,13824
6861,18164,21092,16394,4788
29484,26118,4172,1080
16914,11493,25704
9129,27693,12018,12173
15609,14358,25698,9149,21938,27308
28316,24116
18452,212,3492
29808,24453,28652,21546
7880,16448,29826,14733
6573,14594,17024,489
27068,3848,21378,9324
21596,25488,8352,23256,9813
6762,22973,21258
22122,13772,24872,3213
25538,10508,19517,21834
1472,24404,20034
15869,2624,972,17766,21225
5082,5916,19892,18122,3978
9234,8948,3060,248
15512,29361,8352,4458,5292
25304,11970,16637,1400,19508
17348,25434,23004
29066,9038,23402,16178,29709
25184,1701,16749,17604,23490,25605
11684,5909,17348,27050
10184,29244,19125,21524
25592,11228
1098,5180,4941,21258,22532
16821,7196,17766,27986
28362,3402,20637
5924,8093,10733,828,5949
12020,14832,7364,11444,26613
4725,10004,7364
14994,26181,5852,14708
6152,20516,17816,10506,1512
29394,12938,24752,17172
11289,27644,24093
19112,20322,24746
1472,25508,482,21306
13545,26600,12389,10908,6098
22244,4460,16394
25488,15800,26460,9813
28616,17141,14252
16124,3717,17928,11910
25488,309,2268,26172,13685
8562,24093,9288,5922,3213
26402,15512,5292,24368
11468,11754,1458,24194,884
23988,84,27540
