3.294999839999999958e-03
-5.970276170000000045e-08
9.999945709999999988e-01
8.610700011869999448e-01
9.999945709999999988e-01
-5.950636419999999726e-08
-3.294999839999999958e-03
7.190610997349999867e-01
5.970276170000000045e-08
1.000000000000000000e+00
5.950636419999999726e-08
1.193785280000000082e-07
0.000000000000000000e+00
0.000000000000000000e+00
0.000000000000000000e+00
1.000000000000000000e+00
3.294999839999999958e-03
-5.970276170000000045e-08
9.999945709999999988e-01
9.723051697839999452e-01
9.999945709999999988e-01
-5.950636419999999726e-08
-3.294999839999999958e-03
-4.499034902779999734e-01
5.970276170000000045e-08
1.000000000000000000e+00
5.950636419999999726e-08
1.088722324219999926e+00
0.000000000000000000e+00
0.000000000000000000e+00
0.000000000000000000e+00
1.000000000000000000e+00
