3.294999839999999958e-03
-5.970276170000000045e-08
9.999945709999999988e-01
9.080548147310000262e-01
9.999945709999999988e-01
-5.950636419999999726e-08
-3.294999839999999958e-03
-7.507745397609999483e-01
5.970276170000000045e-08
1.000000000000000000e+00
5.950636419999999726e-08
1.193785280000000082e-07
0.000000000000000000e+00
0.000000000000000000e+00
0.000000000000000000e+00
1.000000000000000000e+00
3.294999839999999958e-03
-5.970276170000000045e-08
9.999945709999999988e-01
9.659008958450000515e-01
9.999945709999999988e-01
-5.950636419999999726e-08
-3.294999839999999958e-03
-3.917987191249999723e-01
5.970276170000000045e-08
1.000000000000000000e+00
5.950636419999999726e-08
8.277992554699999950e-01
0.000000000000000000e+00
0.000000000000000000e+00
0.000000000000000000e+00
1.000000000000000000e+00
