3.294999839999999958e-03
-5.970276170000000045e-08
9.999945709999999988e-01
7.442002637319999891e-01
9.999945709999999988e-01
-5.950636419999999726e-08
-3.294999839999999958e-03
-1.020768128080000059e+00
5.970276170000000045e-08
1.000000000000000000e+00
5.950636419999999726e-08
1.193785280000000082e-07
0.000000000000000000e+00
0.000000000000000000e+00
0.000000000000000000e+00
1.000000000000000000e+00
3.294999839999999958e-03
-5.970276170000000045e-08
9.999945709999999988e-01
9.826945891349999629e-01
9.999945709999999988e-01
-5.950636419999999726e-08
-3.294999839999999958e-03
-6.101798265750000283e-01
5.970276170000000045e-08
1.000000000000000000e+00
5.950636419999999726e-08
1.188452892289999951e+00
0.000000000000000000e+00
0.000000000000000000e+00
0.000000000000000000e+00
1.000000000000000000e+00
