1.4151493 -0.22561462 -0.3736228 1.4269011 -0.8022529 0.6892884 0.33478644
2.5039978 -0.8224257 -0.20154835 0.8016083 -0.96701634 -0.17513715 0.3640273
2.2348626 -0.61281013 -0.62415034 0.17765057 -2.180266 0.0138361035 1.1201233
2.237164 -0.22370254 -1.343785 0.91733277 -0.97187376 0.7550092 1.7459544
2.726264 -0.91864604 1.3304901 0.11289779 -1.3885504 0.8368238 -0.7508071
0.26927906 -0.069153264 -2.1551876 2.3884614 -2.4074953 0.63441265 0.49181822
1.6444036 1.9399246 -0.9920212 1.0424924 0.09756651 1.2561538 -0.10643837
0.9226928 0.23371084 -1.4156268 0.8732721 -0.017376997 1.8195947 1.4705281
3.5043464 -1.16436 0.70263565 1.0828825 -1.6083455 -0.92573327 -0.4837033
4.646112 1.3753446 -1.2703315 2.6455405 -3.8424904 0.89987755 2.946641
5.9580126 -0.3618744 -1.750497 0.18923262 -1.1334075 -1.853447 -0.33390948
3.8598943 -0.62617034 0.589285 0.028972894 0.5498613 -0.9805655 0.7815816
0.9496467 0.27232474 -0.88157666 0.75871176 -0.79673994 0.8282483 1.070084
2.3159523 -0.55489296 -1.0246518 0.21253778 -1.9720556 0.41983798 0.19525686
2.6753314 0.99367064 0.3493769 0.9790478 -2.8536744 -0.72961247 1.5739043
2.019978 0.58276325 -1.1886337 1.7786694 -0.88002825 0.45031008 -1.096971
3.6533484 -0.8241493 -0.6626559 2.3840086 -0.029954292 -0.012939793 -0.8630046
3.859994 -1.4399581 -0.8414669 0.86087596 -1.7389015 1.0295633 0.6564638
3.2779903 -1.301777 0.16382842 -0.21256442 -3.2256815 -0.4829646 1.6419561
1.4013385 -1.0973645 -0.18134572 0.14591019 -1.1009959 0.51058614 -0.31836566
1.4752003 0.3136781 -0.09723689 0.5869884 -0.72518396 0.1695353 0.09895828
3.030905 -0.378519 1.1612077 1.5879642 -4.019827 1.7105148 2.8848758
1.2859546 -0.7345571 -0.2504554 0.9092385 -1.3562678 1.2369031 0.075853854
4.240704 -1.3705543 -0.66418517 0.8793609 -1.3686248 0.3693315 0.45108894
2.81973 0.15106623 -2.097809 0.72942126 -2.3014867 0.6637032 1.3829424
0.99367297 0.34302557 -2.0745502 1.7867794 -2.146584 -1.0268694 -0.16704628
1.0086491 1.233423 -2.9149997 0.56919765 -2.5673103 -0.80274296 0.10602525
1.7391604 -1.0235995 -0.7906436 0.536732 -1.5810145 0.5824566 -0.6674506
2.1281867 0.84136254 1.3839923 0.25796065 0.19507612 0.111457124 -0.40140292
1.575473 -0.16465648 -0.80085385 0.9632621 -1.6166061 -1.4624555 -1.4842997
1.008336 0.4359489 -1.3222337 0.71077824 -1.2328933 0.60880375 -1.0908484
2.886798 -0.24030945 0.48370203 0.40100792 -1.48986 -1.4200757 0.8320077
4.371612 1.4159439 -2.1666274 -1.0973718 -1.9326069 0.16995914 -1.6763251
1.3605515 -0.09954877 -0.92814374 1.3901222 -2.8512747 0.57921803 -1.4004961
4.7066092 -1.0705261 -1.3374014 1.4706421 0.41680756 -0.28846118 -1.0215044
1.7417214 0.19987313 -0.9721385 0.28290263 -3.2541323 -0.44281027 0.5580109
4.106524 -0.4410609 0.6409261 -0.13049576 -3.743716 0.551082 -0.36806706
3.042716 -1.1739804 0.3716959 -0.13719985 -2.7338414 -1.3000247 0.8999118
2.6608825 0.5818867 -1.2726078 1.2622116 -0.89231265 0.9550864 0.051664148
1.7403332 1.3664771 -1.7715888 -0.07073662 -2.501389 0.2402754 0.96457154
1.3335316 0.56148213 -0.08922233 1.3758051 -0.6071607 0.49658695 0.949781
3.0994115 0.37988544 0.7647289 1.157471 -2.1523716 -1.1507748 1.3480465
3.3807702 -0.41518363 -0.29622546 1.2476082 -2.7251148 -0.1046284 -0.9989945
1.5475813 0.72587967 -1.9032845 0.9692664 -0.8177204 1.4635091 1.8605766
2.08845 -0.61506 -0.7848089 1.2176543 -0.9775449 0.15070821 -1.2361765
4.382468 0.12187295 1.0690169 -0.41701844 -1.5940894 -1.4963042 -1.078373
4.4697165 -0.18102773 0.5584959 1.7199094 -0.9865806 -0.43732986 -0.35879186
2.2620938 -0.7367952 0.08859824 0.08977756 -3.420683 -0.8566779 0.64009744
2.0530696 0.16406403 -0.2715197 0.9971949 -1.1831173 -0.7798567 0.70721704
4.47558 0.48337048 -1.67479 0.4796776 -2.000488 0.20793037 -2.0101447
0.342829 0.27180034 -1.7354658 2.4505517 -2.6451006 0.47893992 0.9818248
2.9234252 -0.63769454 -0.25842646 0.40575138 -1.8829868 -0.25491154 -1.6367617
1.3092291 0.9729374 2.361776 -0.308589 -1.8587235 0.37657657 0.87385184
3.0479405 -1.0788174 -0.33687243 0.2802649 -1.9745029 0.26350275 0.1389871
3.4332526 -0.5816266 0.11151408 0.5890242 -1.4812571 -1.1935074 1.2732154
1.2823678 -1.8941994 0.76410484 0.46953732 -3.0522838 0.93081236 -0.5129473
3.122188 0.13297634 1.2211474 1.3828607 -1.9528798 -0.5494731 1.6228495
2.699471 0.9973066 -2.1022248 -0.29964027 -2.884673 0.41326073 1.5293465
4.5916114 1.6443844 -0.5368165 -0.33283922 -2.5064971 -0.38745853 3.2804608
2.0275624 -0.6901042 -0.6099527 1.053292 -1.358961 -0.13806392 -1.1564047
3.8536615 -0.7226254 -0.9127792 1.2756386 0.26210657 0.19488372 -0.2787697
3.1888604 -0.7738781 0.15981601 -0.24428931 -2.5492063 0.3306565 -0.23228058
3.8471684 0.3988915 -0.48597708 -0.21135904 0.78346694 -0.7829119 -0.026008096
5.3782797 0.8449946 0.18581127 -0.3162332 -1.6603396 -1.8488573 -1.2067964
0.9128034 -1.1024919 0.1762862 -0.16283742 -2.4624147 1.7559191 -1.0489955
3.2926993 -1.8873856 -0.31267667 -0.15652744 -2.7746694 1.0351834 1.3172368
5.165447 0.044552136 -2.5002267 -0.38655016 -3.4037504 0.69312954 -2.0919805
1.4399602 -0.23738302 0.8590596 0.28315046 -3.5025349 1.0585713 -0.20214528
2.856441 0.36378342 -1.5733395 1.0707822 -0.1942526 0.5783627 -1.1676073
2.5556707 1.262622 -0.22632672 0.4786746 0.44527736 -0.5896051 1.0077541
2.9615674 0.1296262 1.0058285 0.041495174 -1.4293237 0.06109633 0.5647916
2.3027203 -0.9820432 0.2917404 -0.3314732 -1.0955969 0.40552106 -1.4505389
4.277847 -0.3646141 -0.5289297 0.8596128 -2.648842 0.852307 -1.1861032
4.4700923 -1.2106376 -0.865553 2.1357605 -1.7110826 0.25133672 0.49953774
3.6006286 0.21124129 2.205857 -0.21852013 -3.545083 -0.14562105 -0.39821306
2.0476909 -0.5770788 -1.413305 0.57147616 -2.1397223 -0.3750672 0.2673662
3.2528095 0.5966783 1.847393 0.96832275 -2.499995 -0.051199894 1.5997338
1.1088477 -0.39461058 0.2668645 0.56407404 -0.9897938 0.74693924 -0.29024646
1.8028777 0.4039026 0.6735277 -0.40175778 -1.9505104 1.5232095 0.71636087
2.798818 -0.16180338 -1.1619099 1.4068577 -0.20714842 0.9408264 -2.18655
3.276936 0.48410624 1.3888476 -0.06678757 -1.686058 -0.11868279 0.6705336
4.3486867 -0.1363929 0.05345617 0.2666457 -2.0335212 -0.091545805 -0.7183297
2.2920465 1.1619406 -0.9538295 1.0859622 0.3007442 0.9935443 0.2723842
3.5116377 0.017360855 -1.7715855 -0.12723908 -2.4559774 -0.365463 -0.65838075
1.9155049 -0.66686636 -0.83975244 0.84358215 -0.5984695 0.120252624 -1.1427971
3.2431571 -0.027622055 -1.6406447 -0.15867513 -1.8118855 0.31894806 1.9812164
0.0503986 0.47086006 0.98139787 2.3131826 -1.7402042 0.20207943 1.0109662
1.2447138 0.5538619 -1.6785355 1.5435891 -1.07015 1.2648935 0.38629022
2.7127 0.52001566 -1.1572274 1.3677621 -0.8758904 0.7169478 -0.33764645
5.409297 0.60014814 -2.00922 -1.3818926 -0.8236264 -0.16059707 0.106738836
4.697059 0.3077088 -0.91294885 0.2988721 1.1278399 2.4563644 1.8002708
2.2655358 -0.21427532 0.37042853 0.38759217 -1.6579757 0.62265134 0.28637388
2.2771673 0.60866684 -1.2694781 1.2069843 -1.8998157 -0.31153277 -0.84961337
1.892464 -0.5914867 -0.36222127 1.0363817 -0.72304165 -0.7232601 0.33874944
1.8423316 -0.4164588 1.223311 0.06590065 -1.1844842 1.2177857 0.28080472
1.5896617 0.39360237 -0.17132856 1.4959993 -1.1820432 0.7065704 0.58443123
4.862642 -0.508959 -0.6431384 1.4216194 -2.4386692 -0.13997786 -0.7544015
3.7604403 -0.049722116 -0.40044978 -0.9633844 -4.5671163 -0.34682748 0.7679812
4.6278706 -1.0441761 -0.89801306 0.9549676 1.2977434 -0.80468106 -1.5311534
3.1694221 -0.6632269 -0.23118566 1.498454 -0.28629455 -0.31108877 0.23129609
2.5387542 -0.12493153 -0.07183249 0.1486783 -3.4915855 0.09105863 1.5862298
2.1788385 0.115054175 1.7910688 -0.079873055 -1.4448154 0.7698989 -0.75420713
2.151261 -0.68487126 -0.1510802 0.04660973 -3.0149958 -0.67953956 1.3745332
3.6548717 -1.2686591 0.9333621 1.3286226 -1.7052168 -0.7577859 0.77239794
0.5615423 0.6127768 1.8693652 -0.4723692 -2.1231759 1.1571082 1.3108495
3.2451224 0.3018607 -0.9778124 0.4220049 -1.0863532 0.54903114 -0.56585604
1.5431398 -0.3153082 -0.7896297 1.2269689 -0.23494254 0.4667512 1.4736521
2.7214818 -1.1580341 -0.5728674 -0.20904443 -2.6154816 0.28772488 1.04955
2.7025533 -0.59881973 -0.4142951 -0.036679476 -3.58364 -1.3685449 0.64203775
2.272399 -0.05632932 -1.5601785 0.30530205 -2.0110958 0.44981268 0.37695554
3.2162578 0.32261854 1.7595578 1.9547131 -2.8905067 -0.011348945 1.845398
2.6120539 -0.17063673 0.393923 2.073713 -4.6253314 -0.73573124 0.8731562
1.1374043 -0.21222885 -0.4129291 0.6398085 -2.8998957 0.2149712 0.5747461
5.7784195 -0.8725687 -1.6876652 0.66525257 0.07032218 -1.5497417 -1.4177732
5.399069 -1.6090897 -1.5990312 0.61382926 -2.0308874 -0.1077144 0.93463254
1.0067372 1.326166 0.9601245 -0.39228234 -0.061773635 0.5312979 0.26387194
1.0488466 0.7573032 -1.6248411 1.187216 -1.2791659 1.0323484 -0.4118472
1.0597824 -0.94043773 0.16000174 0.9264602 -2.6614358 1.8359525 -1.6300029
3.1435823 -0.92490417 -0.17980476 1.925601 -0.19004355 -0.47118607 -0.97523326
1.6366699 1.1730542 -1.557898 1.0907588 0.015607499 1.6617918 0.73361856
2.0753198 1.8916185 -0.6270559 1.1156723 -1.5736393 -0.4223728 2.180501
0.71753913 -0.6967911 -0.72002316 1.070833 -2.1943026 1.0129129 -0.38527343
1.3391906 0.3334735 -0.766117 0.34858024 -0.13783799 0.26089165 -0.8716061
3.9905734 -1.476028 -0.46884418 0.71610403 -1.7363226 0.21576823 1.3992908
2.3597817 -0.98946863 -0.026227612 0.60825 -2.5437608 0.6752962 -0.30482158
0.7642785 -1.2223091 -0.00031258538 -0.11659178 -1.8552774 0.7002319 -0.59106326
3.269504 2.3566093 -0.102091566 0.4456885 -2.083949 -0.49356338 1.7311542
2.3528008 -0.53229874 -0.41389003 0.57601637 -0.6090325 0.23008831 -1.8863628
2.1065323 0.20134246 -1.3009094 0.8170726 -1.0638576 0.5027249 -0.13496539
4.101665 -1.050306 -0.1478702 0.5877818 -3.0728078 0.66412866 0.9791119
0.4827755 0.57541853 -2.4864628 1.8251934 -2.036823 0.25787917 0.6195472
1.6911134 0.67890626 -0.71028507 0.40836564 -3.769999 -0.13825332 0.5789221
2.7500677 -0.061965894 -1.94771 0.33020398 -2.4864726 -0.26513597 0.7898728
4.0720687 -0.73038405 0.94042635 1.1418515 -1.0104033 -0.3586296 1.8468423
1.6178442 1.135757 0.09719442 0.46422225 -0.25016937 0.14187767 0.2588046
0.9711369 0.036638904 -1.3190273 1.2349803 -2.6241941 0.28321937 0.97678834
1.3267645 -0.35060245 -0.19753148 -0.13802716 -1.0137635 -0.25936857 -1.6592002
1.9885415 -0.11817155 -0.092123285 0.07377973 -3.3413844 -0.73837864 1.3651994
0.9712912 2.155775 -2.2542107 -0.35219696 -3.4623222 -1.0274343 0.12613538
3.2952197 -0.9583503 1.6099352 -0.12401721 -3.0267735 0.42865804 0.53770334
1.0755657 -0.27291268 -0.9728433 1.2769388 -2.69061 0.57197154 -0.73111594
3.0759711 -0.058644723 0.28973088 0.83990985 0.36619082 -0.7051482 -0.9042846
1.2566402 0.9305075 0.13759468 1.2786549 -1.452095 0.7954385 0.67148966
2.0875652 -0.19459388 -0.2799165 0.12643345 -2.7870777 -0.53868806 1.4801522
2.579856 -1.1965655 0.50722766 -0.3486018 -1.3724428 -0.30515227 -1.0221679
3.170848 0.16890804 -0.37195405 0.3338088 -0.3271216 0.665297 1.059029
3.1388934 -0.027337264 1.3421688 0.17405072 -2.9015796 0.36541513 -0.98557776
1.4028755 0.26146418 0.31749484 2.0896504 -3.0708034 1.0616233 -2.1462045
1.6009496 -0.6188642 -0.72361946 1.2293868 -2.1232347 0.41649222 0.17938605
2.8265169 -0.21688099 0.39658543 0.49662712 0.07840028 -0.4810309 -1.1278934
2.3065271 -0.08474706 -0.585047 0.47063044 -1.6069971 -1.113018 0.8512588
1.386996 -0.10161151 -0.9783975 1.0478929 -1.6175646 -0.15316068 -0.8623572
5.0323358 -1.4235358 -0.91081905 2.1344192 -1.8442444 0.18822385 0.58355254
4.275108 -0.33112043 1.3596698 1.2940218 -2.7344613 -0.013810855 0.72798556
1.8703228 -0.2758921 -1.2083328 1.2244418 -2.209052 -0.17846708 0.035324845
1.6531109 -1.4569775 0.86321545 -0.11402474 -2.8059144 1.1504128 -0.23782074
0.8035003 -0.19410177 -2.2407439 1.7457252 -2.1247115 -0.08728944 0.68540317
2.394702 -0.6858892 -0.34643206 1.5162675 -0.8058046 -0.5071121 -0.64922637
3.3114748 0.18379442 -2.1062944 0.29219338 -2.023904 -0.82082605 0.20350257
4.111816 -0.31091613 0.99367535 -0.40253204 -1.9409817 -0.6680941 -0.6422767
3.5495687 -0.917941 0.804947 -0.1299038 -3.537669 0.052212615 -0.14612922
3.0256078 -1.2436726 0.36298606 0.12738892 -3.735887 0.5707319 2.0667388
2.5180998 0.9270591 2.0486243 -0.20089445 -3.4106505 -0.5403414 1.8507056
3.505596 -0.42485636 -0.32465148 0.58038485 0.49157563 -0.49022242 -0.191758
4.191766 -0.30804962 -0.78462017 0.7835001 -2.3045437 1.2571771 1.8005822
1.359285 0.3226905 -1.7410879 1.2759738 -0.58723557 1.8067132 1.4972465
0.31181931 0.45748287 1.1630418 1.2895727 -2.5296795 1.4051689 0.70037925
4.304372 0.031377424 -1.5333564 0.50452423 -2.2773395 0.563386 -2.0455656
1.3131769 -0.0035096528 -1.2105639 1.842269 -1.9830123 -1.2776792 -1.5999075
1.2898872 1.1238679 0.21774004 1.4644903 -0.6927904 0.005077618 0.9681315
1.1094334 1.0707787 -0.09715344 1.7140872 -3.318987 1.1301119 -1.1108392
1.6778508 -0.94858825 -0.80040777 1.1453156 -2.2132287 0.17133375 -0.5122152
0.8545358 1.3362595 0.32294962 -0.19988367 -1.268691 0.7546219 1.7224097
0.8612873 -0.27033204 -0.86113715 1.7857502 -2.4772713 -0.059329372 -1.3896279
2.616542 1.2124494 1.5290446 0.26356 -1.0296863 -0.82069594 1.3231926
2.0428987 0.57827234 -1.0627313 -0.57580274 -2.1815984 0.27104154 1.9066553
2.423925 0.13602035 -1.6904073 0.22397175 -2.0113637 8.47755e-05 0.52804404
1.3284376 0.4641686 -0.51117015 0.13253215 -1.2319297 0.74855936 -2.756686
1.3078376 -0.32835335 -0.85617924 0.6008323 0.0456573 0.6113574 -2.139955
1.1075854 1.1954331 -1.7242084 1.0527633 0.13593496 1.9059081 0.6486333
1.5478555 -0.65233594 -0.4583079 1.0889796 -1.0117433 -0.29967257 -0.015551891
2.9910834 -0.85540754 0.49324313 0.005544543 -2.5555851 -1.5413489 0.9184213
2.084073 -0.29505652 -0.09583236 0.6024307 -1.9444464 -0.9216502 0.58795655
2.265445 -0.40588355 -0.26421073 0.75477964 -1.241353 -0.54652953 0.35269788
4.628195 0.44601816 -1.5802834 -0.48541415 -0.866634 0.25398365 0.6145213
4.86346 0.15318303 2.3484018 0.23192003 -1.4759822 -1.5449352 -1.7998834
4.803624 0.04772084 0.65971124 -0.1437892 -2.8077178 -0.5354929 -0.33152762
2.3718581 0.20211457 0.532683 0.3700049 -2.0732465 -0.120148525 0.5659882
2.1146805 0.72656757 -0.9670636 -0.32201567 -2.90601 0.02717473 0.66777486
2.2603276 0.41481882 -0.25836948 0.8859401 0.36638728 0.5417967 -0.253006
1.9179486 0.32823628 -1.6332521 -0.21291797 -1.6637858 0.7272123 2.2234564
3.5263672 -0.51207536 1.3876734 1.0368394 -0.09289906 -0.123365745 -1.1378529
3.5913467 0.023302872 -0.7152928 1.4484065 -3.1036997 -1.1925193 -0.8517988
2.1539357 -0.72861046 0.5907383 0.5229577 -1.1702968 -0.44954613 0.0026138758
1.627461 0.71914 -0.507596 0.50776 0.3649234 0.38830295 -0.996175
3.7430916 0.57409334 -1.1965528 -0.57038355 -0.08522306 1.1305839 -0.028087582
1.0886614 -0.1595362 -0.019877452 1.7411377 -2.0672095 0.08536263 -3.1169536
1.0895015 0.9515412 -1.2056135 1.0051695 0.18838586 1.923852 0.8523446
3.428015 0.7287911 -0.55236506 0.41555932 -2.309255 -0.48038992 1.7858129
3.0232987 -0.5755592 -0.3540838 2.0572922 -0.4474691 0.8877454 -2.0653894
1.3649704 0.10536246 -0.31872216 1.3512232 -0.67568314 0.34964344 0.8969777
2.5494843 -0.73573536 -0.008392829 0.4319722 -0.61164474 -0.66744936 -0.95580715
2.665801 -1.1628108 0.08409093 1.801942 0.17005862 0.38349262 -2.573389
2.5114908 0.20384865 0.63908684 -0.21667296 -1.0053538 -0.007361633 0.17846265
1.6430193 -0.17360468 -1.0212871 1.3598017 -1.0695862 0.5952883 0.24702254
2.74791 -0.9373843 0.4014226 -0.36324602 -0.99502575 -0.076980695 -1.343385
2.7742586 -0.6383186 -1.9533246 -0.010187358 -2.6394348 0.2531896 0.64013875
2.2848449 -0.6273509 -0.8158289 2.1362393 -0.2120236 0.4336175 -1.1253779
0.80845386 0.6597504 -0.68445754 0.8754074 -1.0516669 0.96827126 1.3550056
2.6284995 0.7891014 -0.9782188 2.058557 -0.027855016 1.026016 0.7800178
2.7291775 -0.39737576 0.36519644 0.1661161 -0.7140782 -0.4001203 0.83145654
2.0714033 -1.2666769 0.817417 -0.20167449 -1.2184464 0.9284283 -0.5797981
0.9931804 1.541332 -0.7765138 0.1412336 -4.4629765 0.25991622 0.42440942
1.0617436 -0.6822564 0.8564143 0.07960966 -2.6698909 1.7447095 -0.0790593
1.4379798 0.15076236 0.46759173 0.2919521 -0.86420417 0.8932606 -0.028762426
3.4282837 0.030310918 -0.7788793 1.2804931 -1.5328542 0.19432397 -1.769989
2.5767307 -1.3687298 0.8122686 0.35257947 -3.7211933 -0.17424725 0.1157957
1.9926642 0.76725197 -1.7445452 1.4402722 -3.3159218 -1.4918113 -1.0205344
1.556154 -0.37071413 -0.18642212 1.1400054 -2.3546238 -0.020519834 0.705169
2.9209924 -1.1960275 1.1045663 -0.2652966 -1.7131894 0.40874186 -0.4519623
1.8661593 0.035510946 1.4999228 0.461062 -3.0860343 0.8800132 0.90591836
3.0800767 -0.5402145 -0.3821269 0.09511837 -0.84603167 -0.28309807 1.1484786
5.834308 -0.80579495 -1.7085984 1.3792667 -0.6939477 -1.5996494 -1.1395142
1.9381481 -0.5864613 -0.633682 0.86102104 -2.9454 0.19135727 -0.98033965
2.5406404 -1.2319456 0.51315236 0.43726388 -4.484342 0.14022245 1.4015647
1.7767415 1.0525451 -0.85243046 -1.1861145 -2.8865242 -0.2708821 0.7952009
1.9545687 -1.2699838 0.13881753 0.40253857 -2.5086339 0.95217127 -0.16546354
1.7385164 0.6601333 -0.32102636 0.37857094 -0.10752139 1.2850466 -0.7449779
3.514501 -0.47335523 1.2344909 -0.5273842 -2.3403873 0.036586303 -0.7049945
2.1620784 -0.63584584 0.3173462 -0.101846926 -3.0618653 -0.98337746 1.4186649
3.1383924 -0.97321576 0.3300695 -0.37572178 -3.072043 -1.0787194 1.2331717
4.2024703 0.6512506 -1.7352741 1.843923 -4.3955083 -0.84986496 -0.24745259
2.9090574 -1.0254773 -0.5740761 -0.15765864 -3.2434015 0.26404336 1.4369159
3.4308937 0.071192294 0.0092820935 0.4556965 -2.2403731 -1.1115904 1.6497891
2.685318 -0.7239172 -0.69059026 2.427501 -0.19851194 0.4378012 -1.2928047
0.9670986 -0.29266942 -0.91681933 1.1273818 -2.2591896 0.21217068 1.037414
1.5199963 0.54575163 -0.55585766 2.1529787 -2.5777116 -0.14073716 -3.332119
1.9435234 -0.65944964 -0.18185975 -0.0077862446 -0.89666855 0.17507769 -1.6193564
0.4834265 0.32839936 -1.4137857 1.7229333 -3.150117 0.9860899 0.4721842
2.5110948 -0.9879923 1.0134976 0.17319442 -2.214654 -0.8536179 0.33231428
4.2456684 -0.92293435 0.27224836 1.7263081 -0.91552114 -0.25134298 0.20045748
2.427194 0.16907072 -1.5485826 0.4668676 -1.1849245 -0.042232137 -1.834827
3.6262856 -0.5365676 -0.2664877 0.5164166 -1.6655966 0.29328898 -0.5480527
1.6425163 0.24682193 -0.36735442 1.8024297 -1.4690326 0.58186173 0.49306098
3.5596843 -0.5088209 -0.33677316 0.5682523 0.32093254 -0.5163665 -0.15610859
2.5306 0.8937944 1.376854 0.31978306 -0.7327447 -0.09516995 1.8894093
0.5462347 -0.33075565 -0.09916164 1.6220098 -2.1753254 0.7220541 -0.26087478
3.392778 0.30094564 -1.0849295 1.9017854 -0.6541842 0.5527084 -0.5281605
4.8033924 0.058966 -0.22166301 0.82276964 -2.6542196 -0.2820991 -0.30046412
2.8040566 0.73993814 -1.2432356 1.3806434 -0.40664443 1.2788795 1.0800133
3.5826004 -0.5855776 -0.51054704 -0.7062583 -3.9004774 -0.26286826 0.12925377
2.1216252 -0.16869886 -0.6681676 0.35456914 -0.22697674 -0.61597157 -0.48201236
1.4934016 -0.22560503 -1.7136905 0.063231565 -0.4041879 1.1960206 1.9910321
0.097591236 1.3679714 -0.050489683 1.7274644 -2.5113714 0.5421111 -1.1404207
3.12681 0.38789785 0.0998448 0.25870708 -1.1417125 -0.59835577 1.1179081
1.1863523 -0.82508427 -0.32802203 1.5423067 -2.8049076 1.3525943 -1.3842547
2.3503613 1.1714084 -0.66075426 -0.5705752 -3.1745515 -0.8180964 1.4351562
3.12262 0.10967408 1.2005719 1.3903589 -2.0952513 -0.9580763 1.2606984
2.9857783 0.2008848 -0.92199945 0.69956726 -0.9322752 0.79340786 -0.5007872
2.0115552 1.1427985 -0.3014635 0.993973 -2.0797873 -0.6203499 1.5065624
3.5025017 -0.98758906 0.26620945 0.08287571 -2.5192904 0.199506 0.2610214
2.883811 -0.71996015 1.3155305 -0.094598114 -2.0750768 1.0526597 -0.6474597
1.404078 -1.0540565 -0.12224747 1.639152 -2.7665267 0.81553787 -1.4414449
1.2518641 0.8783509 0.40023062 -0.034131393 0.4542102 0.9836198 -0.4449198
2.3553276 1.6239923 -2.0104148 1.0634413 -2.4432473 -0.43778202 0.7915521
3.0672224 -0.80184436 0.60072994 -0.47270364 0.05111327 -0.14458762 1.0035226
2.6582818 -0.5823328 1.1175183 -0.043893903 -2.5482578 -0.5416932 -1.743824
2.4123833 0.91032034 -1.8850621 -0.15245786 -2.4127152 0.8120271 1.4196935
5.064524 0.52101237 1.2365513 0.34275845 -2.781069 -0.109599575 -0.5456952
1.7838713 -1.4161731 0.099329814 0.15100321 -1.8308247 0.7920191 -1.0928731
3.1167316 -0.3136779 -0.83042264 0.88194644 -2.357268 -0.04708944 -1.8094163
1.2524261 0.81271964 0.82648635 0.66436994 -0.9981389 0.7187295 0.64558786
2.0417573 1.1205153 0.18634067 0.990018 -2.0736704 -0.37043783 1.2284291
1.2670584 1.7486968 -0.9350188 0.83527863 -0.89687765 0.8734878 0.51077086
2.1746206 0.16904359 -0.69154 1.0108418 0.21324243 0.76442635 -0.48933765
2.4967666 0.8178206 2.423635 1.417203 -3.9549088 -0.3884594 -0.03487214
2.7886858 -1.1287735 0.26662335 -0.47893882 -4.0148163 -0.04523049 1.1930059
3.7995028 -1.4114789 -0.11067845 0.8293606 -0.84331965 0.1767837 0.886045
3.019328 0.82001823 -0.760524 0.54682547 -0.35883817 1.0120739 1.1977825
1.1104491 1.7634537 -0.71636987 0.55791545 -0.7072133 0.82035667 0.5794602
2.9622536 -0.8919303 -0.14879026 1.3090601 -0.9946208 0.53387105 -1.7092313
0.59918493 0.23506407 -0.6213093 2.1960104 -2.3514876 0.335803 -2.3625543
3.212081 -1.2341318 0.34562036 -0.8391769 -3.8515625 -0.1987345 0.5319128
0.27933407 0.07927705 -0.33617058 -0.08275336 -0.26650557 1.348318 2.183008
2.5799875 0.46387827 0.0865957 0.65714395 -3.119943 0.044097025 1.7561108
2.156786 1.3501062 0.3844609 0.25308135 0.16333903 -0.08117293 -2.0468197
1.9517069 -1.5404286 0.81523323 1.1140043 -3.5366163 0.69771135 -0.49298665
2.4171019 0.58286214 -1.988487 1.64784 -1.7280937 0.7906518 2.082024
1.6068329 0.11151351 -1.4258869 0.09466185 -0.6914213 0.7428845 2.1418834
1.2228094 -0.4269405 -1.2359165 1.3145508 -0.075488426 0.9216835 1.6209166
3.516748 -0.37933558 0.98716545 0.41449022 -1.2639366 -0.78418696 -0.89257485
2.1565194 -0.33775604 -0.8201771 0.40700713 -2.8684585 -1.1894561 0.80999875
3.4606786 -1.4840605 0.9611764 0.59382653 -2.3259518 -0.9815183 0.813442
2.4545789 0.66671115 -2.2453547 1.3066545 -1.1743159 0.6091726 2.1092591
1.5505613 -0.6609232 -0.59803355 1.1034522 -2.3154445 -0.40401232 -0.8549733
3.9612198 -0.82827866 -1.3862064 0.19099143 -3.1756797 1.3555334 -0.21734211
3.893406 -0.22423537 -2.0991132 -0.38519746 -3.207743 1.3922613 2.8124328
1.8294617 0.67735475 -2.1808548 1.3787445 -0.9130372 1.225595 1.4697113
2.276317 0.06067579 -0.43035457 0.66463816 -1.3521413 -0.9468897 0.5986864
2.389583 0.36391175 0.91941845 1.3735334 0.121976994 0.23124947 1.689986
