1.1732167 0.03309088 -1.1188831 2.5957706 -1.6894321 -0.39830098 -0.98571163
5.3101144 -1.3679231 -1.0713619 -0.013966337 -1.6756046 -1.5942819 -0.109495014
2.6869912 0.42192107 0.12804697 0.6440357 -3.7087255 1.1112754 -2.2179632
2.0524666 -0.5690688 -1.2961448 2.8993342 -1.5199846 -0.34439406 1.4702419
1.037071 1.7197559 -1.0218399 0.99043167 -2.6193342 -0.85695314 -1.9793551
2.1978676 0.4303472 -1.9815971 1.2281368 -2.3963566 -0.5095146 -0.380066
2.0185785 -0.34789962 -0.61700547 2.7528512 -1.4829746 -0.3556609 1.5495868
2.5049481 -1.1527281 -0.26372758 1.0803139 -2.4090557 0.34369537 -0.21814558
2.955391 0.6169624 0.18493699 0.8074783 -1.2584157 -0.068622455 0.4422005
2.6017308 0.5679836 -1.9077253 0.12014097 -2.1864703 1.4816916 2.562324
3.1747694 -0.9807079 -1.2615459 0.23353884 -1.284392 0.33312514 -1.3285034
3.571435 0.19747363 -0.559735 0.4785357 -0.57536733 -0.20438002 1.9602537
1.0965266 1.6682203 -2.3579993 0.9598901 -3.1098738 -0.3331773 -0.17430648
2.6758635 -0.021232974 -1.3313417 -0.5470464 0.9307233 0.9748853 0.16686442
2.2210681 -0.7980692 0.42397884 0.21352722 -1.1578956 0.38594368 -2.1902077
3.7194118 -0.12946601 1.3111882 0.08359527 -2.7869492 0.13200857 -1.1001629
1.9876751 1.6559253 0.7733588 0.30835208 -0.5495125 0.2643557 -0.38137934
6.4707527 0.82674235 0.970207 1.4203959 -4.2636485 -0.6481068 0.5319155
2.6526742 -0.22011548 -0.95535374 0.012595028 -1.5501819 -0.13175546 1.3208144
2.380587 -0.45899683 -0.96721447 0.82152534 -2.7094505 1.3154016 2.5703785
1.261085 1.8295354 -2.1197712 0.27358347 -2.8613653 0.10726 -0.18607876
2.6961873 -0.4723959 -1.0463237 -0.6222174 -1.7661985 0.119430676 -0.2820945
0.89556694 0.50182647 -2.0914896 1.4163845 -1.1845726 -0.47375295 2.530364
0.9370625 0.89359623 -1.7385923 2.7393446 -1.9446987 -0.34390363 -2.1521327
3.3329282 -0.7788561 0.5378746 0.8439754 -3.146242 0.28263846 1.900335
1.9696053 0.38122445 1.2201391 0.49873993 -0.5199621 -0.50923765 -1.2120813
2.101305 2.1546397 0.018527966 -0.58694375 0.16276874 0.1572633 -1.4012171
2.8897786 -1.3304298 -1.4213582 1.1424928 -2.2055862 0.56009734 0.5400078
1.8342526 1.673379 1.5457511 0.19219121 -1.5856903 -0.28848574 -0.14971969
4.3804555 -1.3702401 -0.94095516 -0.27574524 -1.3779724 -0.1503856 -0.22925064
1.9949225 -1.2532967 -1.0350869 3.0606892 -2.9460306 0.64294744 -0.2806913
2.4738963 -1.3002639 1.1082742 0.3069341 -0.08385024 -0.55474377 -1.6505104
1.3858838 -0.5936913 0.8486917 0.05291389 -0.8387271 -0.72908473 -1.9346067
1.6575495 -0.31858414 -1.1157316 1.4985048 -2.4092197 1.0435795 -1.1480658
1.5681162 1.5693045 1.2558992 0.68523943 -2.5275295 0.844462 -0.7345383
4.4174767 -0.37187493 -2.4884443 1.2445471 0.17288269 0.8727391 1.5043784
1.0662098 0.7319884 -0.88975465 1.5139078 -4.016362 1.1018512 1.7329006
2.8438673 -1.4814306 -2.0151489 0.7792659 -1.5582168 0.89151824 0.49896637
1.6745108 0.113082334 -0.8320571 -0.037792772 -0.8889463 0.6914797 -2.5056882
1.0453378 -0.62890106 -1.2519608 1.5593219 0.1774918 -0.22184406 1.9491717
1.0619247 -0.010108185 -1.1139563 1.6649302 0.19812681 -0.15701102 -0.8945591
2.8282845 -1.3287773 -0.19334967 0.8661823 -0.43936095 0.26971588 0.9292652
1.109454 1.0451263 -1.0677189 0.90044534 -3.1655223 -0.31308183 1.2811315
1.8126034 -0.65221083 -1.7515125 2.7051353 -1.3312002 -0.18682645 2.8019543
2.0079358 -0.078691155 -1.2657933 0.21843708 -0.51560414 -0.32297465 1.8566601
1.0177493 0.663081 -0.8323411 1.0869719 -3.2412968 0.35125473 1.2024611
2.0131893 -0.50047374 -2.0245228 1.56482 -2.0460026 -0.65406394 0.25380614
4.843619 1.1419294 1.1860332 1.6825428 -1.4808129 -0.67610645 0.22170904
1.8342322 2.0758915 -0.31525543 1.1777952 -2.8820338 -0.46117637 0.15095869
0.86268276 -0.17000987 -1.8487024 1.7362154 -3.1406782 0.10635783 -0.30278966
1.2720209 -0.08225675 0.5143159 2.5324943 -2.5563374 1.058738 1.2705876
3.428923 -0.66785127 0.527948 1.2566799 -2.9456491 0.39841917 1.6153944
2.0298269 0.71258265 -0.4048212 0.91908026 -1.4360365 -0.519258 0.24810353
2.39427 0.93344337 -0.45735505 0.888377 -2.9021578 -0.7550938 2.3619537
0.9054953 1.2134161 -0.8000753 1.1768713 -0.27413878 -1.4028687 0.91971153
1.8091608 -0.41303378 -0.6628435 0.1768609 -2.129478 -0.021056395 0.65103537
4.471001 -0.3626801 -0.93918246 0.50643134 -2.357458 -0.10256575 0.06495437
1.0941128 1.4121127 -2.1517665 1.5765859 -3.7997108 -0.23616414 -0.49747106
3.7124226 1.1150309 -1.404319 1.5042481 -1.2538005 -1.4840328 -1.6113873
1.1509326 0.47043043 -1.7246666 1.8721269 -2.1223576 0.11230947 2.5417993
0.6476032 0.30332762 -0.69922805 1.4548668 -2.256506 -0.23858915 1.6238929
3.687885 -0.68749565 1.4538721 0.55392164 -1.7754648 0.18147548 -1.2987068
2.9096088 0.981529 -1.6081147 1.3610637 -1.3931388 -1.0700934 -1.548177
1.7743713 0.10141079 -0.3511112 0.48826754 -2.2912788 0.2600173 -1.877953
0.7381989 0.344135 -2.0231376 2.0296004 -1.7796179 -0.9965832 0.25647047
4.673037 -1.4026548 -0.3632351 0.25589934 -3.6773083 0.6508689 3.1323302
2.704051 -1.4075397 -2.2343328 1.1456959 -1.767533 -0.67433953 1.5421879
0.9287815 -0.6989451 -1.8314502 1.483192 -0.060043313 -0.64797187 2.57071
1.4874842 1.2721021 -1.4582542 1.4293602 -3.7034767 -0.77557015 -0.8305877
3.9534752 -1.2584062 -1.7938232 0.65479404 -1.1153859 1.1440387 0.01812223
0.53470516 1.2115593 -1.3370205 2.111511 -1.4571943 -1.1898384 -0.9987652
2.7226582 1.4135288 0.3719878 0.08292171 -3.7344234 1.4050564 -2.4754162
1.8822045 1.594178 1.6077325 -0.32411167 -2.9121323 -0.19955681 1.8447502
2.1101234 -0.74013287 0.26975295 -0.37854144 -3.292994 1.1095952 1.8965622
1.1496923 1.2343829 -1.7072945 0.7422402 -3.7476823 0.95056725 0.9706878
1.6003399 0.18252245 -1.3169975 0.37549725 -2.0022788 0.2892379 2.7595046
1.9134318 -0.3965909 -0.47022972 2.074144 -1.6965468 0.037545938 1.8367927
2.3869276 0.6929857 0.12705801 0.035188228 -3.3107276 0.7860168 -1.1931031
3.7540898 -1.5213028 -2.4177704 2.091268 -0.8828248 -0.30199072 0.8838363
2.2416923 -0.5520385 -1.0140784 0.09639223 -1.7966962 0.6163376 0.7238303
1.5127512 -0.21952982 -0.39459822 1.5187979 -2.560921 0.43884805 2.5935194
1.6361575 -0.7159113 -2.3292735 1.3741941 -0.61138654 -0.61957884 2.5444617
3.3120863 -1.5935631 -1.0258594 2.045539 -2.8339813 0.6741636 0.39726642
2.144895 0.8393999 -0.2168714 -0.124162495 -1.3751576 -0.12569104 0.41519895
1.5306898 -0.05481417 -1.6444298 1.9607366 -2.1660259 0.5871138 -1.2877073
3.4717062 -1.2015784 -0.2740133 0.08083871 -1.2017949 -0.105762586 -0.015341129
0.7476875 0.533487 -1.8851498 1.8557647 -3.6634026 -0.42604062 -0.3005105
3.0105062 -0.62776214 -2.9463818 0.57981086 -2.6147413 -1.5396669 1.509767
4.504622 -0.5144356 -0.732721 0.5616057 -1.53856 -0.19414829 -1.8771889
3.3097758 -0.21224158 -1.0816554 0.35921553 -3.529125 1.153517 2.4724648
1.5603987 1.1418712 -1.2758764 1.5130789 -3.326809 -1.2591875 -1.2777959
4.6991744 -1.3786402 -0.35061023 -0.29637337 -1.9145867 -1.1558794 -0.0837377
2.5167124 -1.0843744 -0.57727796 2.3122895 -2.444202 1.2412941 -0.5571322
2.7304983 -1.1008888 -1.7212012 2.4557316 -3.4838912 -0.54337406 0.7902357
2.5046637 -1.2576784 -1.1674438 1.8162637 -2.3564641 1.1122974 1.1032193
1.8344883 -0.3066314 -1.1163734 2.5326536 -1.5169319 -0.6209345 0.23582831
2.2702785 -1.0392643 0.6779017 1.2480834 -2.671856 1.0499672 1.008961
1.1134425 1.2537687 -0.18572368 2.048979 -2.6726058 -0.28207633 -0.50858504
3.5903535 -0.52258104 -0.09676148 0.97815454 -3.2039137 0.9974747 -1.7341436
1.0095037 0.49948627 -1.4438477 2.4943368 -1.8626126 -0.33169314 1.7275555
2.8727922 -0.58097655 -1.3607249 0.08841196 -1.8582841 0.7738105 1.8574018
2.3758175 -0.8888995 -0.8250997 0.25466588 -2.1360567 0.18241598 -0.28205416
1.5747507 0.9459477 -1.2812057 1.6706078 -3.3916154 -0.800658 -1.059659
0.66249484 0.7402156 -1.3806723 1.3949958 1.0297524 -0.45931515 1.2672566
3.149581 -0.7960568 -0.6998973 -0.62323415 -1.4519091 0.2243718 -0.4600226
1.3752156 1.2673634 -1.1476996 1.5164111 -2.2245667 -0.05955563 2.5730112
1.7113061 0.07856898 -0.18327512 1.3466312 -1.9865643 -0.25504014 1.0689592
1.1467108 0.6974109 -1.9650296 1.7621374 -2.5700407 1.2950847 1.5519636
2.8508394 -1.1678454 -2.1353898 2.4316862 -2.8933861 -0.26301262 0.7647604
1.6429819 -0.75444 0.070033416 1.2180319 -4.4834375 0.95882046 2.2602952
2.7809114 -0.96551126 -0.83512557 -0.56736195 0.25846604 0.84392226 -0.8222767
1.5067574 0.17682378 -1.8416817 2.348628 -1.3731319 0.23146744 -1.5898478
0.62867934 0.8958047 -0.9583088 1.9504731 0.1536435 0.58165824 -1.8711591
2.5939326 -1.0599115 -1.480085 1.0378327 -1.6338493 0.47216013 -0.74898726
4.202955 0.022337604 0.44141027 0.14294651 -2.0874631 -0.48208907 -0.115864724
0.9727866 0.3674267 -1.2373724 2.6825554 -1.2139584 -1.1589038 1.7923013
2.0041013 -1.0637394 -0.40716785 1.6372116 -2.3234851 1.2662126 1.8061523
0.8002007 0.6433709 -0.5998452 0.80210215 -1.3747845 0.5091536 -2.1424432
0.5918861 -0.038996886 -1.4032346 1.819722 -3.1603112 0.9546367 0.44970098
3.581251 -1.4898698 1.1792262 0.407595 -0.5544125 1.2737234 -0.95260173
3.4880795 -1.014646 0.93654895 0.8754191 -2.6921475 -0.15282153 -0.72106594
1.6462315 1.632577 0.17084835 0.7007768 -0.99858105 -0.54694104 -0.6412221
3.997076 -0.51359886 -0.4442065 1.0790675 -3.4067473 0.5706179 0.5518852
1.606175 1.018126 0.5226345 0.93618566 -2.7549887 1.3262821 0.58405423
0.4844432 0.25605112 -0.8240187 0.8795688 -1.5996529 -0.64538836 2.3425055
1.5239486 -1.058313 -1.0344105 2.708833 -2.371663 1.1571269 0.07447508
1.6049963 0.28252876 -2.3781836 0.35155806 -0.43548283 0.008501905 1.5564226
2.3433878 -0.8970818 -2.1999042 1.1903095 -1.3472816 -0.0828235 2.112042
0.99915445 -0.008462262 -2.1502225 0.43305033 0.5433403 0.10018279 1.3648933
2.1179876 -0.2873181 -1.832061 1.1406054 -2.8274083 1.1491055 2.037725
0.80675495 0.55771905 -2.0953808 1.9371073 -2.1026688 -1.0258005 -0.701173
2.4069448 -0.0735019 -0.44771925 -0.30824962 -1.2791959 -0.014930707 -0.25360593
3.152105 -0.60221654 -0.12973113 -0.17207941 -1.4009637 -0.098113164 -0.40715232
1.7076194 0.9367457 0.1476383 1.1437225 -3.0258627 0.8460512 -0.5708632
1.912944 0.42318165 -2.2713296 0.090623006 -2.4975946 0.80042756 2.0492215
3.0425014 -1.3100448 0.99079627 0.17244172 -2.0430498 -0.058080655 -1.066684
3.3136823 -1.8020145 0.3050535 0.16933839 -0.97267807 0.44475296 -1.2956088
5.126984 -1.0300925 -0.42187092 -0.53070813 -1.8178672 -1.3510684 -0.36999866
2.5557494 -0.5526787 -2.5111692 1.0041763 -3.637744 0.6314919 2.2114036
2.0851755 1.1141875 0.43379745 0.27925038 -0.7100326 0.14617182 0.45407775
1.5884784 -0.5852365 -0.89016664 1.4477401 -0.4525803 1.1541355 -2.3146446
1.9293091 -0.57485235 -2.6011412 0.8079262 -2.9774475 0.13289358 1.638635
1.4562829 -0.29634553 -0.7136041 1.4041905 0.33773223 0.18650188 1.0023286
1.9064498 1.2286931 -0.47843674 1.5476501 -4.361904 0.6235484 0.8451502
1.8030195 0.58646566 -0.5241355 1.6881605 -2.577139 0.26986435 -0.47415683
0.84790087 -0.06479354 -1.3017455 2.085788 -2.8314912 1.190494 0.83574736
3.2045937 -0.54730254 -0.7044759 0.32504064 -2.2166674 0.06204321 -0.7958025
2.3564498 -0.27977163 -1.3947685 0.21904948 -2.1811163 1.1834338 -1.2508888
1.0406975 1.312651 -0.7446425 0.94713265 -2.4697561 0.14661123 0.6567927
4.035483 -1.7202554 -0.92496693 -0.44095698 -2.369711 1.0061337 1.4095023
1.3894931 -0.1529419 -0.8337908 0.6327038 0.5158149 0.10694064 -1.2217402
1.5036832 1.4019269 1.7570937 -0.43619213 -2.2909386 -0.63146186 2.241581
4.132591 -0.83471596 -0.7219913 -0.042898968 -2.4611266 0.22045518 0.616875
3.0203974 -0.7276702 -0.12480576 0.14712729 -2.1701608 -0.18351547 -0.68530005
1.751246 2.016219 0.4462299 1.1417497 -1.5277356 0.2450402 -0.38665292
1.4298669 0.02448063 -0.41175452 1.0036104 -0.6237396 -0.019043785 0.6317026
0.95561576 0.51800936 -1.011099 0.87302136 0.6429459 0.40671828 1.7919812
1.0692906 -0.32955366 -1.4106166 0.6192552 -1.6101733 -0.27666458 2.0538638
2.7155893 -0.23294134 0.5510626 0.32930422 -2.6601014 -0.32774922 -0.7953478
1.9315312 1.2318642 0.55119777 0.9867128 -1.9442654 -0.092639074 -0.95167047
2.9315531 -0.8969044 -0.43586323 0.25751352 -1.9367588 0.13439251 -0.88720804
1.120877 0.17506342 0.5367273 2.1162798 -3.0657024 1.0134836 0.5880563
2.4435163 -1.4810569 -0.93582 2.6270459 -2.7486897 0.7418034 0.64293176
4.7570434 -0.6044132 0.7969854 0.12062648 -2.108613 0.040439148 -0.57532203
3.2542672 -0.15112801 -1.9451337 1.3999096 -0.68623245 -0.054221254 -1.3495646
3.7619724 -1.6398773 -0.55495465 0.672856 1.1260839 -0.25403997 -1.1169275
0.8080609 1.2433064 -1.077281 0.11132339 -1.1271976 -1.0785513 1.2251072
1.7119845 -0.1266026 -0.33230403 0.05779524 -0.09741197 -0.39877722 -1.0367553
5.578569 -1.0001856 -1.7043018 -0.48365882 -3.3995829 0.7775161 1.4912533
5.555349 -0.45764703 -1.6159033 1.3991015 -2.961289 -0.258409 -1.3439505
1.9984344 0.34203666 -0.21815063 0.349402 -2.1712031 -0.13549279 0.5279507
1.9712422 0.0068209646 0.84439814 1.8016762 -3.2485778 0.6314101 -0.13803744
1.1833698 -0.60619384 -1.8258891 2.3026516 -3.001318 1.0072842 1.772563
3.4136047 -0.19219841 0.39236763 0.5080829 -2.1344264 0.34148017 0.7920522
1.7989649 -0.6126341 -0.79329145 0.37051326 -2.2837176 0.268047 1.1464465
2.6383948 -0.3916368 0.33191785 0.6843211 -2.6843839 -0.16306852 -0.25948587
2.5435193 -0.718513 -1.9167556 1.8582733 -1.8874673 -0.45860484 -0.47321102
1.9848844 0.54971784 -0.43767092 2.3885562 -1.945474 -0.4506255 0.54258865
2.279732 0.31568867 -0.036317486 0.24516991 -2.3068638 0.015547055 0.37628862
3.6594532 -0.18907423 -1.8302476 -0.18561879 -2.8301864 1.1494038 2.6768978
1.9981049 1.8625236 1.3908002 -0.3912774 -2.5294173 -1.2408803 0.4807271
2.2931473 -0.65585023 -2.7264223 0.71965206 -2.9446888 -0.47780976 1.3073987
3.6474254 -0.3290568 0.30553505 1.5799103 -0.6039877 -0.7664881 2.0891016
2.4481394 -1.2371631 -1.9009722 1.0541996 -1.7407044 0.6701691 1.217748
1.6299201 -0.51392156 -0.78979313 2.1798422 -1.2863561 -0.92766494 1.7852008
1.4928428 0.18862961 -2.574684 -0.02303335 -0.48528203 0.34177807 0.82967097
2.4144788 -0.89285195 -1.5367131 1.1336734 -1.7502643 1.3828201 1.9819536
0.5527581 -0.32260805 -1.1843083 2.0175767 -3.1527467 1.5324761 0.78570235
1.6166781 0.56018025 -1.9179518 0.62277186 -1.4182339 0.15000059 2.015059
2.0512042 -0.34938437 -0.80906093 -0.22583283 -1.0191907 0.04893406 -0.6106294
3.9415946 -0.6629725 -0.7090488 -0.3170103 -1.6892492 0.11770137 -0.8791583
1.6723179 0.43699932 -0.99612665 1.648292 -3.308145 0.43914667 -1.0524986
2.9697168 -0.6849414 -0.49745396 1.4242518 -4.413401 0.58000803 1.9215479
1.9715046 0.2743985 -0.22933234 1.3242308 -3.179884 0.911771 -1.524972
3.4655137 -0.59722036 0.18600477 0.05719255 -2.1052742 0.31504634 0.62247497
1.9494749 0.3212635 -0.99870706 1.3089461 -1.9031693 0.12478389 -1.0908103
2.4086986 1.7605746 1.175368 1.3242853 -0.85566986 -1.0093157 -1.0936947
2.8634572 -0.37533468 0.7110051 -0.49607763 0.40262845 -0.008411151 -1.4862758
2.4127693 1.1091847 0.7388061 0.9277363 -2.3164785 1.0453004 0.1699611
2.3123407 -0.690762 2.3574386 0.60610735 -0.45197567 1.1576898 -2.500165
2.820816 -0.9097896 -0.49588463 -0.26772794 -1.3163693 0.36561754 0.087129146
2.726876 0.95107716 -0.15253843 0.40141982 -1.7371572 -0.41089055 -0.09467712
4.792081 0.09402363 0.3446202 2.0167356 -3.32622 -0.31692 -0.15296707
2.3507318 -0.6905953 -0.33349958 2.2743268 0.6848961 0.64769924 -2.4669957
5.1945605 -1.1091282 0.050360184 0.4819232 -3.330916 -0.108028516 0.90245867
0.79764247 0.19095664 -0.51290023 1.819243 -2.944794 0.4811677 1.1636788
2.6250288 0.57467777 0.71405375 0.9556551 -2.4386165 0.21282126 -0.43908656
2.5268576 0.013115334 -1.5759963 1.5099014 -0.09931455 0.38635406 -0.6341843
0.5525961 0.23551552 -1.4202675 1.6715648 -4.4801884 0.16231157 0.57292205
0.7736663 -0.076064065 -0.40043822 1.5669125 0.27128258 0.21049406 -2.5929513
1.5858455 1.6578188 0.4194238 1.5862226 -2.4551883 0.41171733 -0.21302366
2.2662418 1.8521156 -1.7564987 1.0755959 -3.2090778 -0.36718902 -1.1018417
1.1200877 1.1732059 -1.853362 1.1394155 -1.9278079 0.2683777 1.5296204
1.5144936 1.4897766 -0.24243118 1.6815035 -3.6960242 -0.013365549 -0.18117745
2.0885963 -1.0669074 -2.373846 1.4099393 -1.1744477 -0.85893214 1.7855201
1.3769746 -0.47459137 -0.02886941 -0.5479487 -4.4283013 -0.18961428 2.106987
2.234463 1.4003874 -1.5756543 -0.16887024 -1.1802325 -0.4193158 1.8430936
1.5552377 -0.8449275 -0.7104656 1.3789976 0.19302727 0.068791166 0.9510276
3.9061763 -0.026149701 -2.3163736 0.49985167 -3.9229429 0.62379575 2.3411925
2.308694 1.6022145 -0.06084289 0.914654 -2.4745493 0.3896244 -0.31209615
1.0101936 0.34993047 -1.3111075 2.6980777 -2.1227303 -0.97614276 1.3167367
2.3173513 -1.1858882 -1.7829186 0.5047388 0.056535147 1.0374273 0.80752414
1.2801327 -0.53445077 -1.523413 1.9084862 -2.4135363 0.52336 -0.9008159
1.4667331 0.7974654 0.5849886 1.3072693 -3.414887 1.4620847 0.1478756
2.6921678 1.8206574 -1.7416773 -0.33188137 -3.066918 -0.1603132 -1.7741882
2.2732763 -0.7068657 -0.6639012 -0.20415811 -2.275136 0.70769185 0.29103163
1.3089917 0.78141254 0.10331236 2.5157678 -2.3404999 -0.29283354 0.59341747
1.2798227 1.8840256 -2.0014086 0.45233986 -2.5954502 0.5956814 0.48382714
1.634663 0.6370649 0.30027792 1.6673392 -2.9805322 0.76950777 -0.47989148
2.1041293 1.5016055 -0.41771808 1.29147 -2.7001472 -1.2719648 2.6686842
2.1516259 -0.10476501 0.048262578 1.6153955 -3.853393 0.58687025 -1.4429038
1.2269992 1.6573703 -0.90427923 0.4334264 -2.9787455 -0.016042452 -1.0789423
2.034878 -0.8677188 0.14168762 2.6133249 -3.8204198 -0.43419763 0.24722764
0.5086243 0.71093065 -1.6082587 1.7901955 -3.5511906 0.16456701 0.0030939912
1.5295831 0.12631726 -1.348014 2.3986027 -2.3203113 1.4781064 2.3577063
4.3151264 -0.5885569 -0.7942412 1.4376471 -2.2954702 0.6847552 -0.75140965
1.9537117 1.407454 0.08722089 1.4577954 -4.2571416 -0.18702672 -1.1348021
1.9260722 -1.28136 -1.1868529 2.095467 -2.133622 0.7811013 -0.78853875
1.2959987 -0.06547673 1.2662096 0.97581375 -2.8326268 1.1310136 1.5662287
2.2710073 -0.86359996 -0.5753176 1.0207868 -1.2446994 0.51587963 -1.3678727
1.6430315 -0.28740352 -0.39976427 0.7074347 -2.2108548 -0.061819892 0.9817165
2.6406224 -1.068326 -0.16369785 0.30798608 -1.5549582 0.73283815 -1.7867472
2.1363308 0.58123744 -0.58398414 0.26664507 -2.6234388 -0.4100921 2.3574064
1.5310599 0.13627176 0.45974204 2.3300364 -4.234183 0.28428102 0.5202581
0.9790582 0.6710711 -0.047751445 2.3429782 -2.4280977 -0.48170516 0.7676766
0.5797073 0.44355756 -0.42214647 0.98561 -0.69681466 0.5938083 -2.2818568
2.8388922 -1.4236903 -1.7646707 0.9304615 -1.9900916 0.86990845 0.7743449
3.2855735 0.11752279 -1.5376062 0.99794245 -4.214159 0.8109069 2.208542
1.412227 0.21529572 0.64145714 1.9553072 -2.53898 0.8878073 1.082067
3.914633 -0.989515 0.01464526 0.6356311 0.05328145 -1.5000634 -0.6907281
1.701845 1.6386302 -1.1311585 1.8469541 -3.221413 -1.2814974 -1.6974785
2.0273535 -0.20669349 -1.2126698 0.20018432 -2.365026 1.2702525 -1.360405
2.3066611 1.7672443 -0.090721026 0.9539169 -1.4344045 0.0020551858 -0.028361943
2.1615832 -0.88605756 0.10838388 -0.48554817 -3.384964 1.28792 1.9728082
1.9899122 0.2825573 0.3234882 0.4689409 -2.5602174 -0.25579485 2.5184412
2.0890365 -0.5894495 -1.187051 0.83493936 -1.763668 0.5737473 1.5436232
0.51907 -0.1516505 -1.0495917 1.5199738 -1.8070359 0.97134614 -2.6434145
1.8728775 -0.4115736 -1.1204829 1.176727 -1.2146333 -0.18320237 -0.3659965
1.2873979 1.6649389 0.33630726 1.6829977 -1.6972643 -0.30197975 1.9048996
5.728615 0.62224954 -0.5654946 1.004989 -0.93114936 -1.3092079 3.1122417
0.5032536 1.2787104 -1.1886138 2.161524 -1.7627031 -0.72426844 -1.8490767
1.7708421 -1.0516778 -1.4867648 2.0858295 -2.0665684 0.11531605 -0.26664683
1.4343003 0.86955583 -2.2669644 1.2517593 -3.1346605 0.19024839 -0.08841154
3.3910208 -1.3303442 -0.70012265 0.21955234 -1.3184726 0.045900125 0.8018785
3.4515347 -1.4159391 0.64233506 1.1811459 -1.105741 0.6285839 -1.9296416
2.6088688 -1.2393591 -0.5002 1.3960841 -2.5292025 1.0710984 1.3088437
2.4390857 -1.4093008 -1.274142 2.7136214 -2.4130986 0.6053251 -0.23957643
3.413454 1.385458 -1.6973326 1.218341 -1.2833558 -1.6407754 -1.6480961
1.2723082 1.063795 0.34187135 2.0608308 -3.0395083 0.40968302 -0.55601054
0.9439544 0.6671155 -1.2064967 2.1452243 -0.47541437 -0.7323241 -0.21871325
0.62207925 0.92840177 -2.3393981 1.4892875 -3.8417683 0.86032987 0.5141224
2.7450933 -0.73121774 -1.3089962 0.79564834 -1.3802243 0.30633488 1.7523946
1.275119 2.4525392 -1.2211769 0.58966017 -2.8720121 0.6193608 0.6658469
2.1171558 -0.99185145 -1.2640293 1.1073278 -0.69666874 -0.0493748 1.3338931
1.5316054 1.7374656 0.22355042 0.7292342 -0.8032601 0.09963323 -1.2512383
1.4930898 1.7585566 0.053324204 0.8857018 -1.0246698 0.25272205 -0.7250398
0.55623597 0.38202256 -0.68341136 0.69774455 -1.5835379 -0.67130494 1.7254664
1.208881 1.663921 -1.9568202 0.6406679 -3.8271332 0.53469086 -0.41243884
3.349764 -1.2611691 -1.0140758 0.6702385 -1.1706102 0.75939417 1.4042306
1.4330171 0.5817884 -2.188981 1.8451446 -2.785339 -0.79441774 -0.06924912
1.584734 -0.50985605 1.3080611 2.201868 -3.8069525 0.99190676 1.5166409
3.9911504 0.20969586 1.3159821 0.0976447 -2.784708 0.6166116 -1.2230272
1.88938 1.7920487 0.5342772 0.22884765 -2.726335 -0.4598162 0.45434335
3.1365886 0.039518107 0.5779214 0.7557533 -2.0054688 0.1863252 0.98816806
3.0649343 0.0064220903 1.4729586 0.8254019 -2.7260947 0.5808184 1.8138523
2.068061 -0.70175886 -1.1701787 0.731235 -1.6866627 0.7564379 0.86586374
3.0939398 -0.63098085 -0.16389011 0.6016866 -1.8694168 -0.38686416 1.8589575
3.0084834 0.3053996 1.8827378 0.78956 -2.5285015 0.5139909 1.7962635
2.6308725 1.2530687 1.0526974 0.88003004 -2.091977 1.231444 0.30405673
4.1348996 -0.76535285 -1.3758842 0.67156017 -1.6438133 0.40161481 -1.4512918
2.5945132 -0.9431317 0.2296152 2.3050668 -3.7227428 0.9763478 -1.253821
1.2387943 0.4436887 -1.3762783 1.3844296 -2.689556 1.1660821 -1.3805125
1.4120492 1.6150616 -0.45047572 0.6937854 -2.554541 -1.0719745 1.2228184
2.254858 0.20804326 0.17373095 0.9608822 0.065822504 -0.09456943 2.1027884
1.0031471 1.0809119 -0.032871265 1.2032423 -2.4095218 -0.7374027 0.11554149
3.30441 0.19349627 1.7030077 0.74372363 -2.7581944 0.20382096 -0.562921
4.307143 -0.25576094 -0.39735538 0.18837565 -2.619226 0.51304495 0.27399793
3.2579432 0.03968512 -1.259361 0.6761941 -3.8079414 0.7474983 2.2676253
1.4427154 0.25018817 -0.3159748 0.46829578 -0.64737856 0.062796846 0.81239396
1.834277 1.0586153 0.44395182 1.0928488 -3.1961286 1.4128802 -0.21584979
