2.3993182 -0.0014057875 1.4221411 1.0630052 0.34078088 -0.9287889 1.6729484
3.9168344 -1.094862 -1.5701916 3.314053 -0.5972978 -1.6718266 2.69771
3.7689583 -0.07277818 -1.6634164 1.5580363 -1.676967 -1.0182952 -0.5835542
4.027112 -1.5491065 0.19811916 -0.5480447 -1.2690877 -0.0033098282 -0.5462081
3.3626027 0.32973653 1.7968773 -0.14538199 0.07231452 -0.95740795 0.03268603
1.5569191 0.8212684 -0.5637994 0.21886149 0.1497698 -0.278038 0.017972503
1.0168034 2.4100819 0.014419179 0.65031326 0.6914011 -0.039473753 0.7025103
1.4105041 0.22868638 0.45630273 2.1519847 -1.768529 -0.12905298 -1.5150285
2.4405174 -0.7644228 -1.629998 0.9349655 0.04167106 -0.47662935 1.7771691
1.8331453 0.87120014 -0.7585635 0.004743844 -0.7558948 0.61972404 -2.1523523
2.0597944 0.3677048 -1.9272897 1.2743603 0.11681356 -0.91131437 2.0006967
2.3607142 -0.5620108 -2.189878 1.0075445 -1.1691763 0.75772583 0.9717643
4.5449457 -1.3221645 0.94033706 1.2674575 -1.7087811 0.4012095 -1.1072278
2.8963773 -1.2905877 -0.065393776 -0.82949 -0.44729742 -0.71586 0.40398785
2.1170168 0.93613845 0.99427426 0.29778954 -0.84437376 -0.71118605 -0.97780013
1.1807656 0.5743881 0.12040995 1.862391 -2.7552342 0.3375512 -1.463407
2.4125137 -1.0793252 -1.0665946 1.1137164 -1.1148762 0.6374903 2.3436847
1.2132082 0.9162053 -1.7013866 0.94190073 -3.1182563 1.0847092 1.4608686
1.7413487 -0.14371403 -1.8150345 1.8494694 -1.4016434 0.005941051 -0.13180754
3.1061416 -0.28858584 -0.8945886 2.3373096 -4.262741 0.9192157 2.4539628
1.7027746 -0.42241353 -0.15905549 2.155329 -4.002395 -0.15081893 -0.5812917
1.4005444 -0.7406309 -0.46473202 -0.115578145 -1.6880589 0.66761345 0.6472295
1.9816364 -0.5070602 0.563113 0.510511 -1.4297355 -0.20954262 -0.14783755
2.3742716 -0.2852432 -1.059848 0.4871908 -2.6708097 0.75826305 -1.6190326
2.605385 -0.44486326 -2.1584363 0.8735808 -1.8206478 -0.36650607 -1.244426
4.3548503 -0.21428819 -1.9125841 2.5657647 0.21822967 -0.28937075 1.3921578
1.8144921 1.2470193 -0.2349775 0.011351734 -0.2694634 -0.21107362 -2.8806865
2.8103623 0.09082724 -1.8914835 0.38003722 -2.4795065 0.47189263 -1.5647345
2.6983323 -0.22024103 1.0915692 1.1207755 -4.190885 0.21700828 -1.9840053
1.2280052 -0.37165242 -1.2584603 0.99691916 -1.5024539 1.0306389 1.5044928
3.0922258 -0.067975 0.69518876 0.5775103 -2.4405255 0.07604082 -2.1778584
0.8647389 -0.08362456 -1.3771342 1.6835012 -1.3350307 0.51444376 1.0375619
2.646014 -1.1341052 0.42577204 0.77274776 -0.0056782737 0.015919227 -2.0558605
1.4520417 -0.29394287 -2.1596353 2.2864714 -2.040028 -0.59781265 -2.34605
3.7452579 0.06875782 0.75237536 -0.7475554 -1.7996651 -0.95281386 -2.3802354
1.7941742 0.20918198 -0.9027301 1.0611917 0.45138493 -1.306737 2.6791267
1.1332248 -0.8770733 -0.6943461 0.89808154 -1.8240346 0.9435293 0.5711544
1.0230032 0.61890036 0.56783426 0.8439127 -2.2725189 1.0249177 0.4164538
2.4299006 -0.73878175 -0.6096657 0.09915897 -2.1529727 0.47979835 -0.6812917
1.2105681 1.3084419 -1.2509376 2.558169 -1.2978212 -0.5082331 -1.2799754
4.2494864 0.73311883 -1.5761268 0.9934877 -0.20260416 -0.2968013 -2.7532365
2.2571635 -0.26075715 -0.48951313 0.121720344 -1.4467056 -0.13251387 1.7289073
1.6783266 -0.3231597 -1.7403772 1.0551312 -2.5543227 1.4467108 2.0554655
2.184755 -0.65846914 -2.066414 1.3273631 -1.1858635 -0.45978937 -1.1012622
1.5786737 -0.113622144 0.22509424 1.9678457 -0.062308885 -0.36938974 -1.6020281
1.6745077 -1.0840546 0.71309805 1.5035734 -1.9240857 0.10320331 -2.0076513
2.2626925 -0.4419768 -2.0282044 0.9137726 -1.614256 -0.09165643 -1.483886
1.223816 -1.4086857 -0.14331092 0.37223512 -2.1595118 1.1002669 0.92416173
1.8315516 -0.6003601 -1.1020188 2.7366953 -3.945508 0.34425297 -0.7484036
1.5468254 0.41044366 -0.7950133 1.5054321 -2.5386925 -0.42001054 2.7751784
2.353417 0.9019479 0.9079295 0.27498713 0.08893981 -0.7498301 0.7494114
2.3392718 0.0813245 -1.9924164 1.965754 -1.7609495 -0.7188305 -2.041491
1.6689575 -1.0273154 -0.93040854 1.7709181 -2.3445783 1.6199826 0.69620806
1.4515642 1.1162696 0.36391518 -0.2778562 -2.4319818 0.017468948 0.8694158
0.71173805 -0.53822416 -1.3081362 2.87519 -3.689821 0.498162 -0.11222568
4.9104805 0.34432763 0.51311725 0.49729356 -1.3675842 1.390547 1.8250761
2.2021415 -0.6708233 -2.2566142 1.1131845 -0.26783118 -0.37108317 -1.7994158
2.3908887 -0.18928401 -1.1050183 0.15888877 -0.18901347 -1.2198069 1.8193364
4.0633817 -0.40741152 2.4964828 1.7542136 -0.14512955 0.25826696 0.3783497
0.49967706 1.6924524 -0.63128614 0.33016875 -1.8521715 -1.6265295 -2.437997
1.2630023 -0.55779755 -1.084825 1.3063891 -1.3846748 0.7944001 0.9046436
3.50552 0.37520605 2.1783524 0.7842977 0.8150784 -1.4769112 -1.5363243
1.6585242 -0.54766816 -0.72153175 2.5928063 -3.084933 1.4644642 -0.9300013
1.8441378 0.5714384 -0.16867758 1.8121166 0.08683207 -0.38580325 -1.8352228
3.5608943 -1.1117918 -2.2916162 1.9044498 0.39671412 0.1376579 1.1118557
3.5106478 -0.6196763 1.1873933 1.7792915 0.49940148 -0.5215961 -1.3619776
1.764293 -0.31265908 -1.9959466 1.0014417 -0.88483024 0.6212453 -2.8014734
1.1401331 0.3950295 -0.9737574 1.1972338 -0.34741792 -0.76033425 1.1893244
0.8411129 -0.26348144 0.38230428 0.16129509 -2.082562 0.85508657 0.4060677
2.2671213 0.14131348 -2.0291195 0.53294885 0.71400106 -0.1372119 0.41050783
1.2315438 -0.36474603 -1.5822723 2.4278452 -3.9375632 0.7467308 -1.0944915
1.274153 -0.015983533 -0.5558681 0.9791917 -0.9280406 -0.28204128 0.5990929
1.7792778 1.0328195 0.6926156 1.187924 -1.1467615 -0.6438199 -1.4951918
2.9214458 -0.012894106 1.033629 0.2697529 -2.6402388 1.1442571 -0.17596933
1.9069043 -0.97785777 -0.07729517 -0.22043905 -1.0638716 0.60549986 -1.3449712
2.2182279 0.6436531 -1.3693835 0.5959286 -3.8303366 -0.044801455 2.9733121
0.7109806 2.1254857 -0.9163965 1.1878144 0.0269145 -0.7929182 0.5166996
4.0012603 -1.1428782 0.37156847 0.25050056 -1.5508293 0.7031107 -0.92869574
1.2949743 0.6168602 -0.958367 3.2163084 -1.9096967 -0.3082057 -1.3578118
3.4517012 -0.8399725 -1.1786294 3.178662 -0.49064335 -1.3419983 2.6179428
2.9359999 -1.2423241 -0.10880937 0.8047257 -2.2373602 0.5556561 0.5271049
2.3314428 -0.11572023 1.3552834 0.24776903 -3.2085154 0.07990028 1.826517
3.499803 -1.0758924 -0.569546 -0.074632615 -3.1012619 -0.29803154 -1.2058097
1.1961367 -0.51856273 -0.5747376 0.7255063 -0.6867162 0.20047791 0.14012364
2.0386643 1.5292292 0.5052172 0.8981457 -0.7841494 -0.72483397 -0.9469587
1.3744538 -0.5273511 -0.32133415 1.8116702 -2.2768407 0.2246355 -1.8174558
2.741228 -1.239908 -0.45597008 1.3403835 -1.7970613 0.8666756 2.5704997
2.143847 1.1445172 0.9110751 -0.12332615 -2.9553769 1.2310367 -0.4706374
2.2424932 -0.97909933 -0.9781171 1.0816553 -1.1118088 0.6326895 2.3569894
1.7332124 -0.33967653 -1.8047959 0.9860656 -1.5317186 1.2091389 0.830278
2.2741992 -1.0368079 -1.742319 0.71306264 -1.5328645 1.4963508 1.6982358
1.994603 -0.37351155 -1.8134007 1.7119565 -0.928525 -0.006427628 0.52980334
2.0985568 0.64908355 -2.1210349 0.860206 -0.9749619 0.08271982 1.555477
2.8618116 2.3492837 -2.2925718 1.1390166 -1.8286709 0.65150374 -1.0377347
2.2043748 -1.0829418 0.93832934 1.0248237 -2.7178283 0.5476986 0.4075165
2.6084094 1.9484092 -0.62947845 -0.8060996 -2.778668 -1.3488857 2.81074
1.8681397 1.0296148 -0.72802424 0.7999153 -0.81585157 0.36603907 2.6614108
2.651329 -1.5495882 0.8614316 -0.48846945 0.6355418 -0.52375394 0.520462
1.5487083 -0.55183476 -1.5395103 0.75384706 -1.8391112 1.3956496 0.68654263
2.9476955 -0.27251863 -1.5121126 2.286824 -2.6609516 -0.38919994 3.0787117
2.7287781 -1.4324907 0.26074493 -0.88659394 0.07871892 -0.5699605 0.86302537
1.3408552 -0.91197675 0.23152612 1.646384 -1.4189388 0.27504635 -1.3216984
2.4540277 -1.0238005 -0.19130947 2.335663 -2.1878357 -0.72822094 2.497993
1.4599015 2.021886 -0.5457244 1.0839161 -2.4254642 -0.44791576 0.9023376
1.5721282 1.340842 0.20124649 0.31887963 -0.16725408 -0.05050562 -2.2560556
1.4243339 1.1946316 0.39443967 0.57957846 -0.8320272 0.03112628 1.0537775
4.05166 -0.28095526 0.24623118 2.3740065 -0.46292517 -0.5763558 -2.5788317
1.7053013 1.029671 -0.3600814 0.74071 0.13733508 -0.3729188 -1.2651842
2.9737659 0.22831374 -0.60359025 -0.17089179 -1.9727675 -1.4325554 2.9281678
3.087879 -0.9887741 0.68300575 1.0548412 -1.4073089 0.24572553 -1.8547658
3.4712164 -0.16961618 1.5382568 -0.45822182 0.3627998 -0.32240948 0.69930977
1.2005947 -0.89093035 0.14424549 2.5699668 -3.0451648 0.9646853 -0.4248423
1.2145154 0.37169462 0.21253274 1.4697187 -3.163127 0.5258887 -0.25148976
3.594575 -0.8999523 -0.040769953 0.77081335 -2.7687206 0.8362545 -0.255959
0.27156067 0.36663157 -0.26677063 0.2518805 -1.735411 0.3316807 1.9953395
4.1667733 -0.21162648 -0.8859587 -0.790718 -0.088535406 -1.0469902 -2.0734706
2.5990424 -0.28630102 -0.55486804 2.1442163 -3.1399426 -0.7268524 2.6666515
1.8805073 2.6428967 -2.8421714 1.0239885 -1.0350152 -0.2143207 -1.40375
1.3714195 0.9262493 -1.5015175 1.1866226 -2.0760334 -0.104463086 -1.7189586
1.788981 0.40944535 -0.10443796 0.26170507 -0.55301255 -1.4594486 1.4600246
1.878635 -0.49296683 -1.9486618 1.2705125 -1.1571511 0.23988713 0.07658699
1.1559285 0.90951306 -1.9725702 3.1890826 0.11854067 -0.6530665 1.9309821
2.434789 2.0269866 -2.5434942 1.3426048 -1.2684287 0.70666605 -0.17721555
1.8432704 -0.49776918 -1.2009451 0.9420564 -1.3197614 0.4611573 -2.189375
1.259344 0.40331346 -0.015467543 2.15588 -0.96096146 -0.20034538 -0.91881514
1.1017553 1.0332489 -1.7400587 2.570597 -1.2924153 -0.4703841 0.70281833
1.3807498 -1.1464331 -0.45960298 1.2722889 -1.2470735 0.34344497 -1.9419875
1.2658441 -0.060654234 1.1805 -0.2756715 -2.0356872 1.2037423 1.7794774
0.5913311 0.06206398 -0.85657835 2.1140845 -2.157815 0.1987368 0.2691069
1.1283859 0.19314675 -1.6946195 1.7503749 -2.0844653 0.12908806 -2.178985
2.3980823 -0.78386694 -1.5742985 0.8672535 -0.2490649 -0.06819235 1.5740716
2.0980797 -0.5470582 0.88507247 0.61476195 -0.85574293 -0.06454502 2.467452
3.2828403 0.6138881 1.2102475 0.7526315 -3.7362075 0.92397344 0.05916855
2.504491 -1.1885662 0.06429373 1.6104808 -2.6917279 0.7823484 1.0682625
3.6017432 0.24227421 -0.42231017 -0.61164063 -0.8469008 0.70329523 1.665549
2.0988913 -0.7279348 -1.3914739 1.5218384 -0.51986456 -0.42036435 2.6327162
1.4135647 -0.42693985 -1.2065421 0.90467054 -0.51125324 -0.028949719 1.7559178
3.3284385 -0.3488354 -1.614763 0.52115226 -2.7761476 0.32087925 -0.91187614
3.691771 0.8151844 1.6350622 0.9099327 -3.5743308 1.2968768 0.25600263
2.9661264 -1.1907055 -2.0028903 0.83492684 -2.0008037 0.929641 0.5400482
0.9654338 1.1330223 -0.2619088 1.7623857 -1.6881105 0.1446382 -1.4941108
0.9905604 0.30203128 -1.7725542 0.9318366 -1.5601071 0.5899612 1.7869282
1.4983401 1.4503498 -1.4287434 1.0194182 -1.5927352 0.69981635 -2.140236
1.219461 0.53291565 0.14166497 2.2023098 -1.1941313 0.1415403 -1.2327566
1.3686306 0.106852695 -1.7568599 1.6265258 -2.074174 0.52300125 0.44501916
1.8973554 -0.108299926 -1.7128056 2.8492138 -0.31228682 -0.22682498 0.28711835
1.7861112 -0.07201786 0.13374542 0.71312225 0.23458399 -0.5440717 -1.2927034
5.5529723 -1.1041856 1.9291141 -0.30350992 -0.011942245 -2.183649 0.8683948
1.3714995 0.041070987 -1.6012783 1.9634354 -2.247251 -0.1899154 -2.0717509
2.2105174 -0.84083676 -2.0816455 0.5626837 -0.5807773 -0.47753367 -1.4324464
1.8600152 -0.67749685 -0.38599625 1.2618101 -2.1712503 0.5630535 -1.633119
1.5165724 1.0307502 -1.2693765 1.0907086 0.67939687 -0.023240667 0.8001094
2.7844443 0.55435044 -0.75979745 -0.7856936 0.3916153 -1.2031182 -0.4701704
3.0720587 -1.2596767 -0.6044075 -0.5289351 -0.69034445 -0.24385546 0.45613447
2.7745 -0.50135 -2.0801303 2.0478473 -0.9941367 -0.568295 1.9419382
3.2468262 -0.5147944 -1.2293564 3.0971005 0.048349522 -1.3138831 2.2529871
2.9906797 -0.85582125 -2.230736 0.72607887 -1.5964905 -0.011553866 0.1165767
1.1978382 -0.4664752 -1.0343273 2.2933695 -1.9053514 0.18906094 -1.703354
2.9031403 -0.28754783 -1.7445319 1.7945807 -1.329326 -0.9069243 -0.46652243
2.3834925 1.7059491 -0.75350463 0.016277462 -0.15926014 -0.36036226 -0.26864943
0.59738576 1.0431565 -1.0072975 1.3965058 -2.3960626 0.1438929 2.5001185
2.758513 -1.0951741 0.23459916 1.2959727 -2.3925004 0.5102868 1.6273876
3.8314886 -1.4935448 0.4000682 -0.442497 -1.4295992 -0.28098044 -0.26885673
3.3174527 -0.31250173 -1.7945458 1.3441777 -1.8338263 -0.3797613 -0.2779176
2.251991 -0.98207843 -0.15554179 0.46395123 -2.4667237 0.40076634 -0.63862413
1.7541808 -0.6370651 0.47926638 2.1473446 -3.7626271 0.23300423 -0.72146446
2.0410933 -0.6234332 -0.13704206 -0.01093927 -1.3249937 0.7926116 2.8850627
1.1071516 0.39408988 -2.0901523 1.7182702 -2.886582 0.36990526 -0.09282884
2.648153 -1.1564951 1.2226214 0.6204711 0.5496969 -0.27589706 -0.3310105
2.5382266 -0.9572249 -0.37110668 -0.029200464 -1.137565 -0.18165718 0.6971355
1.2575401 -0.68994504 -1.0940347 1.4362957 -1.7953535 0.913226 -0.91706496
2.360858 -0.6509653 -2.1418417 2.831641 0.80638266 -0.20329212 1.3633835
2.698482 -0.21825047 0.96238834 0.2511786 -2.7632449 0.91164595 -0.22678024
3.2408624 -1.237328 -1.5957621 -0.5113007 0.5816122 -0.80517673 -2.3156612
2.4793653 -0.7522374 -1.4059339 -0.18591699 -2.3627915 -0.015099508 -1.7441162
3.2107542 -1.6225668 -1.9847319 1.8333602 -1.2405639 0.12085225 1.5068781
4.635503 0.35626215 0.4171345 -1.1883651 -0.14940177 0.378078 1.3004477
0.8011831 -0.31113476 0.4639772 -0.56128603 -2.4173315 1.1731961 1.2697476
1.8963026 0.4950921 -1.7162015 2.4400163 -0.5752722 0.5732354 0.03487793
1.297343 1.2719564 0.3026131 1.8011214 -0.8155036 0.32971814 2.112555
1.190611 1.4963801 -0.50986946 1.2105603 -0.84034145 -0.8570417 -0.56584007
1.2787458 2.4938831 -2.5725975 0.30944046 -0.5155965 0.88583803 -1.0638772
2.6405756 -1.3109409 -1.8175107 1.9268913 -1.3346405 0.9689052 2.2533536
2.134092 -0.70163006 -0.9747113 -0.60189694 -0.58384264 0.26365122 -0.93531203
2.2698276 1.3372324 0.511981 1.2891161 -0.8706465 -0.5591934 -1.6859932
1.616333 1.0479938 -2.3552136 2.0759325 -1.9967371 -0.068137035 -1.0806246
2.188277 -0.1621693 -0.5766498 1.5908153 -3.5949388 -1.0042485 2.5489583
1.5044183 0.4435826 -0.77119195 0.16602269 0.20928349 -0.62398016 0.46035853
1.614581 0.97012883 0.9246893 1.872606 -2.8541865 0.41271242 -1.6574718
2.220077 -0.7891651 -0.83631575 -0.71309096 0.5796499 -0.81812114 0.71235305
1.7774302 -1.1475494 -0.35812625 0.3846904 -2.148269 0.4059371 -0.111545295
3.3756816 -1.3968376 -0.25289214 0.4606134 -2.3381686 0.59259653 0.7644798
1.7240582 -1.0486078 -1.0820254 2.2651806 -2.8112729 0.49886802 1.2908494
2.031971 -0.9003336 -1.3014334 0.6592387 -0.9177288 0.6951294 1.7658724
1.6908478 2.2155266 -2.6040375 0.5732563 -0.23738109 0.38879317 0.031646762
0.9976194 0.015976954 -1.5313622 1.9560281 -2.046144 0.35255054 -2.377551
3.515357 -0.772077 0.2167512 0.31441304 -1.5361931 0.46729496 -1.0795934
2.8118205 0.19312422 -1.6709714 0.04063192 0.22319879 0.060876388 0.6322635
1.547672 -0.36395103 -1.3045967 2.4384177 -3.1363933 1.3149712 -1.0123534
0.7675622 0.33066112 -1.8175948 3.0573604 -0.24781905 0.6971779 -2.205902
0.9756879 0.5718742 -1.6735779 2.138733 1.0118126 -0.5647725 1.2818578
3.1143517 -0.98641235 -2.2110512 1.7404553 0.35123196 0.096474424 1.2710954
1.9793057 -0.28833514 -0.8600768 1.1717135 -2.8587215 0.96979266 -1.2174422
3.3077445 -0.29453892 0.22230922 2.447315 -1.4892231 0.03625961 -2.1347156
0.7207818 0.87333494 -1.8305393 2.3903491 -2.4471729 -0.120012745 0.16222742
1.851241 0.30524307 0.75876987 1.238678 -2.256077 0.28587586 -0.85471064
2.960338 -0.7763365 -0.42447785 0.8277802 -2.2092135 -0.21372794 -1.4876293
1.1544104 0.5986745 -0.49314645 2.2035367 -0.18827306 -0.022975426 2.6978757
3.232919 -1.1827257 -1.3752851 2.5470197 -0.42339525 -0.17976592 2.1282465
4.2669835 -1.6494794 0.6680424 -0.48630512 -0.95906436 -0.76435757 -0.8666636
2.4017143 -1.2895327 1.0585924 0.03589359 0.38311508 -0.8849302 0.6276591
4.6477823 -1.4354596 0.088081986 0.04158166 -2.0764165 1.4220638 1.4191357
0.87054473 1.6644527 -2.3417015 1.689016 -0.20257364 0.52714443 0.5868905
1.8168896 -0.34982437 -1.8014429 1.8063947 -3.4018812 0.84331125 -0.8935899
2.8532288 -0.16135354 -1.7638588 1.2645105 -0.14356671 -0.6229329 -0.30959234
3.6364985 -1.3924055 -1.8169558 1.5589497 -2.1005003 -0.24190257 0.47119907
1.5060427 -0.4259979 0.49777803 1.7620921 -3.3135526 0.77650523 -0.71443164
1.7027276 1.9987314 -2.290148 0.8673389 -3.6662064 -0.7623098 -0.62966603
2.5123847 -0.3722893 -2.0226324 1.8666075 -0.9712068 -0.9739233 -1.3036232
3.57872 0.7098252 0.10031198 0.059016585 -0.6938828 1.0566144 3.405081
3.07143 -1.2013265 1.3611722 0.049898505 -1.5612582 0.12339766 0.53060263
1.1015683 1.3719261 -0.33694318 1.5609719 -0.9659519 -0.031849485 -1.3678287
3.6611283 -0.7943222 0.39510736 2.686893 -2.7405386 0.8090209 -1.3886552
1.4298316 -0.3111989 -1.9945276 1.8000715 0.20145251 -0.41125342 2.4191227
1.3332204 0.04744606 -0.3984829 1.8432086 0.15170445 -0.34456566 -1.3452722
3.5504308 -1.1369072 -1.7671452 0.58893335 -0.31807205 0.44706097 0.27023795
4.3321795 -1.3760087 0.39107352 -0.027982503 -1.7114102 0.5221648 -0.609669
1.2100672 -0.027994584 -1.8863746 1.8048114 -2.3921447 0.107020274 -0.122838944
4.7003665 0.84879285 -0.71993387 0.90863943 -0.5306877 0.038673658 1.7893803
2.3065085 -1.2730167 -0.17289267 0.7755044 -1.9869004 0.92764306 2.0112896
0.94802797 0.70131034 0.6679733 0.44876423 -1.5116525 0.9457898 2.0661664
1.6110592 0.017201144 -2.0648468 1.323195 -1.164282 0.42025712 1.8489046
2.9665809 -1.0775723 1.7139547 1.9716177 -2.752544 0.54421425 -1.8648018
1.3274347 -1.0764605 -0.4659771 1.5397449 -2.2176409 0.3946623 1.8901908
0.88962734 1.0346453 -0.64115775 1.2654579 -2.2328613 -0.8928828 0.4456196
1.7631269 0.47166616 -0.5106406 1.5939904 -3.373429 0.9805396 -0.8676815
2.7807252 0.2911337 -1.5857683 1.3772907 -2.290481 -0.75583315 2.837511
1.7049068 0.5880526 0.17793654 0.6493262 -3.021173 0.34863433 -1.6371907
1.2260453 0.09032421 -2.0563557 2.6506062 0.48808303 0.052413005 -2.7037659
1.3287884 -0.7887055 -1.5403842 3.0625546 -3.8933647 0.11139943 -0.3930129
2.9384854 -1.1468025 0.4130706 -0.27924666 -0.8974726 -0.32705483 -0.015697595
2.2774208 1.5085311 -1.2631247 0.74133354 -0.39924392 -0.42234537 1.6992509
1.9362426 -1.216083 0.01097111 0.59992397 -2.2322726 0.22529353 -1.0633675
2.873532 -1.0379742 0.18483303 2.2896073 -3.4081028 0.29101166 -0.87203246
3.6728044 -1.0826913 -0.8149005 2.749466 -2.8049464 1.0593097 1.1289899
1.2085048 2.6899 -0.59974396 0.21798256 0.64936626 1.7616469 -1.6463475
1.4378176 0.72994834 -0.38736632 0.37700388 -3.0659409 -0.5238936 1.8269829
3.6375299 -1.1440014 -1.60191 3.202005 -0.6027373 -1.571881 2.55304
4.566784 -1.2817106 -0.7067334 0.29223645 -2.220465 0.23157312 0.26511982
1.7727877 -0.51902 -1.0507321 1.2088962 -0.35349748 0.6941675 -2.5499911
3.492375 -1.346229 -0.9546036 1.8809996 -0.8135644 0.69880986 2.0178027
1.6414652 1.2649896 -1.2738204 1.059327 -0.15097652 -0.97949016 -1.5654975
2.0562124 -0.8517478 -1.1568375 -0.27810678 -0.12198684 0.20987697 -1.1954031
2.283163 0.16212998 -1.8963121 1.7499965 -3.3117929 1.03957 -0.1335313
2.196024 -0.7386652 -0.806143 -0.23336652 -1.2901402 0.31044844 -0.20347592
1.320744 0.061603595 -0.52775717 0.9110795 -0.4455895 -0.3612735 2.3575542
4.0492907 -0.76661944 -0.5314772 1.8117884 -3.7866073 0.019346971 0.5660749
0.84347147 1.79145 -0.4030141 1.020726 -0.39834055 0.472621 -1.9678311
1.1335233 0.9283655 0.026312929 1.2919775 -1.1916112 -0.69432294 0.39517966
3.4253693 -1.2622213 -0.7081171 2.5688484 -1.4308013 0.22567345 2.675022
3.1302023 -0.7441066 -0.4987389 0.9838863 -2.8361819 1.4119568 0.27466586
0.7488475 1.2162519 -0.39337304 1.4616663 -1.1658977 -0.16119657 -1.4030517
2.6126068 0.9063931 2.2156827 -0.25698838 -3.1846719 1.2440773 -0.09505567
3.9271092 -0.66776186 -1.6880734 -0.52758586 -3.3069081 0.24787547 -1.0167254
2.9473486 -0.9834913 -1.1592628 0.45057294 -0.83356106 0.47007182 1.3907955
0.60465664 0.2624734 -1.3876953 2.177888 -3.5633078 -0.30282173 0.6124235
2.8105488 -1.4506063 0.96459645 -0.49723175 0.5894164 -0.7188201 0.005589936
1.460295 -0.2274353 -0.17269994 1.843428 -2.9807665 0.83741355 -1.084507
0.7019583 1.1921017 -1.484407 1.2253904 -0.808027 -0.87233233 2.312654
2.2945378 -0.8718692 -0.5633309 1.1530195 -1.3253566 0.29905537 2.5884814
2.7939517 -1.0636646 -0.75965786 2.1061363 -2.1495423 0.9970889 2.2241182
0.41037738 0.87937933 0.002712708 1.4532725 -2.881756 0.014952677 -2.0982385
3.0435395 -0.061792728 -1.8169568 1.1735123 -2.0564847 -0.24972604 -1.035646
1.8497504 -1.052857 -0.5798156 0.23171526 -1.4495826 1.2675091 1.9253548
0.7624791 0.22415595 -0.7308438 2.4873173 -2.4082193 0.014986652 -0.52683973
5.178848 -1.5105786 1.1632578 -1.1161745 -0.6727842 -2.6224203 0.8989633
0.8639346 -0.15299971 -1.8266481 2.4058301 -2.9107862 1.0974102 1.0226132
2.1139987 1.5815995 -1.0833869 1.2598047 -0.9511703 1.0506479 -2.1451359
0.548435 0.5950151 -0.40973237 1.0977123 -2.443667 -1.2039336 1.6665525
2.1709418 -0.72521895 1.1618091 1.3227857 -1.7625688 -0.07649635 -1.9737089
2.8526213 -1.0806406 -2.049284 1.6624877 -0.99366343 1.1175263 1.6149986
3.7519326 -1.425143 -1.6246754 3.2604954 -0.2870792 -1.2298658 2.200071
1.4321401 0.6849461 0.811077 0.09661898 -1.0893698 0.0969782 0.3064622
1.487116 0.48518926 -1.823545 3.4491565 -0.5289258 0.6477438 -2.1376896
3.9418905 -0.8674697 1.343787 1.0069789 -3.0727572 -0.37989566 -0.19310036
0.7447051 0.4649008 -1.9451594 2.4260116 -3.7207012 0.37195292 -0.57280916
1.0249817 0.1660829 -0.44575837 2.874964 -1.5642031 0.06941654 -1.6363125
1.3876022 -0.25983334 -1.6098379 1.0085318 -1.7669334 1.2389826 0.29034916
2.0015185 1.0065578 0.16945885 0.6026728 -4.321793 0.23299445 1.0451274
1.4656787 -0.012567473 -1.7601697 1.9057099 -2.4261842 -0.116809234 -1.9196069
2.0094604 -0.540851 -1.0884252 0.13830009 -1.0647516 0.2871485 0.7684879
4.487077 -1.6978352 0.16871743 -0.39343607 -1.6562524 -0.26875505 -0.5057656
1.5120326 -1.4058175 0.45265618 1.4965826 -1.661654 0.18215694 -2.042195
0.7798635 -0.2773413 -0.4457138 1.0482053 -1.6402801 0.30861953 0.52119476
2.1571827 0.95045084 -1.2250831 0.5189638 0.845101 0.110519424 0.5519641
3.1655765 -0.9232703 -0.76077616 1.7960284 -3.6038165 -0.09220646 0.45354298
3.2489536 -1.0661912 -2.175661 1.6406572 -0.8664863 0.2811344 0.8134691
1.1712334 0.21491091 -2.0833473 2.6829169 0.2263719 -0.4645618 2.217131
1.193329 1.476913 -0.43284395 1.2885722 -1.6711783 -1.0521243 -0.78134054
3.9089904 1.4643791 -2.5089705 0.5404092 -2.1557145 -0.62774026 -1.8319715
