2.9480047 0.1573668 0.037218314 0.6437456 -1.4943985 0.74228674 -0.13902721
2.971498 0.4195655 1.9411398 1.1428185 -1.6243352 -0.23288737 0.61916137
4.336711 -0.21599622 0.34008572 -1.0180138 -2.624285 1.6897206 -0.95833963
1.8399895 1.5641441 -1.15418 0.49956146 -0.29479107 -0.6856935 -0.7188172
3.530118 -0.28310996 -0.5275853 0.21895516 -0.8639015 0.056605 0.23948875
3.4375453 -0.4958278 -2.1582465 1.2154725 -0.29340443 -0.3404586 0.76124865
2.3944905 -0.3652671 -0.35714582 -0.46655783 -2.641336 0.72388744 0.21418348
1.8822808 -0.296745 1.4655576 1.1744733 -3.4144144 0.08295216 0.027864847
2.7047596 -0.69487995 -0.6593468 1.4403834 0.4378213 -0.55306566 -1.8384404
2.9675105 -0.2562055 -0.5422871 0.2551372 -0.52220714 0.13013853 0.25304666
3.0192285 -1.0161431 -1.0478365 -0.24512419 -1.9865683 0.0872059 0.79108435
3.187921 -1.2387204 0.9979942 -0.70400846 -1.3615202 -0.95745087 -2.5601325
4.3841357 -1.5375665 0.776181 -0.03899339 -2.6473424 -0.075636014 0.7344939
-0.27539137 1.5493932 -0.47213915 0.7408352 -2.760183 -0.14395188 -1.9627542
3.551563 -0.1183383 -1.0170329 0.67263544 -2.9374716 -0.24698769 2.234551
1.688815 0.099111125 -0.022468109 0.6352712 0.1620449 -0.6368959 1.5897918
3.8911164 -0.24962755 2.5097878 0.37849304 -3.8875062 -0.15235142 -0.15360555
4.2473803 -1.8500252 0.5692303 -1.5315602 -2.1465867 -1.1970239 -0.15429148
1.0749722 1.0038218 0.0097462945 0.75458187 -1.2476369 -0.9606794 -1.3440859
3.0113952 -1.1702186 1.5797186 0.6547676 -3.4480813 -0.62901366 -0.77216345
3.0605137 -0.6430413 1.194031 0.37738833 -3.8601758 -0.15020062 -1.4139584
3.905538 -1.1729472 1.5001031 0.67857563 0.24935462 -1.4914043 0.9028595
1.540816 0.70249325 0.7635069 1.5356227 -1.4106141 0.46209112 -1.7412078
1.4371486 0.36347634 -2.2947538 0.6073457 -2.1368012 -0.32613048 -2.387075
2.5984616 -0.7809873 -0.90820336 -0.3006554 -1.4654691 0.18970968 0.57089406
3.34765 0.46963093 -2.9430015 0.60660326 -3.0084896 0.1802739 1.0077705
2.7543366 1.3705232 -2.374653 0.8203768 -2.6557708 0.03880455 0.2044554
1.759154 0.19815104 -0.9462967 -0.8420958 -1.7753054 0.26512602 0.3279244
4.4835696 -0.14459796 0.34688565 1.4528483 -1.0667871 0.24226834 -1.5883832
2.3816774 -0.22432776 0.66002536 2.0322833 -2.0811903 -1.4101667 -2.0066752
2.573014 -0.19674106 -2.04243 0.9772488 0.09964027 0.076560035 0.84992343
2.602763 -0.98356885 0.7912681 1.4117286 -1.5504379 -1.5135089 -2.6973157
2.3549082 -0.49861425 -0.10266496 1.2883711 -1.7558764 -1.3623121 -2.3644016
2.2401047 1.4227562 -2.1430457 0.16250399 -3.5632443 -0.10517679 -0.92565435
3.5808508 -0.23180096 0.7672733 0.01623723 -3.8787062 -0.14285527 1.3508939
3.2716112 0.9195619 -0.94570374 -0.5402708 -3.4325795 0.6297054 -0.61526495
2.47683 -0.57729787 0.2566857 0.94673973 -0.8595606 0.7766403 -0.9561358
3.2662094 0.15682034 0.9185159 1.2783048 -2.22653 0.8660592 0.15183511
1.6253343 1.0201592 0.020212155 1.3609676 -2.2670374 -0.1470872 -1.0630444
1.4511335 -0.2367167 -0.9245105 1.5258182 -2.4136302 -1.1743902 -0.9878564
2.5709531 -0.043402147 -0.6873032 0.68311095 0.68075335 -0.9578607 0.96357495
2.8982046 -0.63467497 0.06768368 0.55950826 -2.916964 0.8214274 -1.3877254
3.51783 0.7620547 -1.4080312 -0.108283915 -1.8072631 -0.47071537 -0.22402117
2.1707907 0.9464483 -1.0705562 0.42981508 -3.8971965 1.6415023 0.7929252
1.9869145 -0.15365435 -0.5001823 -0.09983453 -1.9436915 0.96582854 0.704827
0.9886185 1.3493909 -0.49458733 -0.23872909 -1.9282707 0.71499443 2.3227453
2.1091547 1.4882754 -2.8052437 0.6430719 -2.5266435 -0.39582345 0.011991773
3.0903425 0.7102078 -1.0255064 0.3954204 -1.8776591 1.2861967 2.4192166
3.2468953 -0.21280558 1.6295086 0.60868824 -2.3929846 0.10810079 0.8324567
1.865342 -0.0021367418 0.5997498 -0.3182778 -2.410345 -0.05586086 2.513351
1.7977902 1.4206852 -2.4526916 0.07155308 -0.6817881 1.0251539 -0.28501126
3.1792526 0.537553 -0.07183291 0.032292396 -4.2569547 0.67924714 1.6812797
1.4583193 0.9469494 -1.172759 -0.4582676 -2.9886785 0.5075985 -0.059343185
1.76863 0.2511378 0.44128153 1.6468269 -4.283918 0.068850294 0.1368576
2.127651 1.2765154 0.7954426 1.1158588 -2.7262821 1.6241263 0.78871435
2.8296812 -0.76093024 3.1315987 0.7742135 -4.317846 -2.0932465 -2.535355
0.7542824 1.2868924 -1.1241944 2.1563642 -4.362141 1.1547744 0.01855341
1.489435 1.4524251 -0.6062758 0.8667054 -2.7613025 0.656554 0.7972521
1.7752445 0.29155856 0.11696862 1.2833395 -1.4125022 0.44360068 -0.9836306
2.60563 -0.2282917 -1.3320844 -0.21462066 -1.6380218 -0.35026506 -2.0135412
2.9525628 -0.19506212 1.1538985 1.9651859 -1.4656245 -0.5011173 -1.4777061
2.5113602 -0.29488462 0.8992367 1.088074 -4.2707105 -0.53918225 -1.6933364
2.5383084 -0.18872662 -0.22638775 0.61917794 -2.8740742 -0.3401136 -2.2968266
2.3144622 -0.1518714 -0.14261414 0.58955646 -2.0346708 -0.6597771 -2.7913833
1.6942108 0.75388795 -0.16515364 -0.18059412 -2.1996179 1.5869908 1.5655317
1.5551388 0.3988827 0.33635923 0.5934068 1.1803049 -1.0477753 -0.231325
3.1228714 -0.7198397 -0.65532047 -0.36575463 -1.3692065 0.37485316 0.20054033
3.822459 -0.33605188 0.022880774 0.33038163 -0.2714983 -0.49131057 0.26455012
1.768494 0.18276505 -0.5531137 0.84029347 -0.7705802 0.63484025 -0.0832493
2.506433 0.086683795 1.6979735 0.61248577 -3.154565 -0.17148213 -0.96420425
1.0098647 -0.016177367 -0.67024493 1.340351 -1.8490344 -0.5222237 -2.4205654
0.25830048 1.4414334 -0.1495259 1.1510603 -5.8143 -0.13963436 0.18231866
3.1628807 0.8222503 -0.9716303 0.2222037 -2.0872142 0.32815686 1.9546814
3.8938963 -1.7040634 -2.0664074 0.57165986 -1.1482186 -0.54747295 0.8594654
2.7413354 -0.8837399 1.2981641 1.4269583 -3.1468856 -0.58740234 -1.0766876
2.9095523 0.38683748 1.1696775 1.1287625 -4.2748804 0.18017875 1.0270635
2.6802068 0.40916973 1.3881183 1.9457357 -2.1932075 -0.081973776 -0.81328183
1.7922907 1.041745 -1.3266635 0.53709495 -0.33343896 -1.1878076 -1.5472761
4.8721747 -0.41518134 -0.048128147 -1.1160882 -2.760944 1.5774609 -1.0920738
2.71357 0.12772934 -0.18088473 0.34433958 -0.69672096 -0.094751105 1.5268149
2.0949566 1.3937979 -0.11468269 0.8794969 -2.1839747 1.2494516 0.6062045
1.4506304 -0.1096098 -0.5622225 1.6042688 -3.337925 0.7219245 0.059978846
3.9948797 0.3917417 0.10419832 0.8270942 -0.7743809 -0.31850454 1.035547
1.9346163 1.3913493 -1.2938992 0.13892084 -1.2019752 -0.2306739 0.5209535
3.1594138 -0.016747735 -0.17003609 0.15478465 -3.4723077 1.1958562 1.1700239
1.9281579 0.06972362 -1.0684896 -0.3301176 -2.336508 0.91016626 0.78705007
2.1643057 -1.0326107 2.826052 0.21875744 -3.4128294 -0.56647027 0.6596995
3.0990968 0.33194906 1.3839464 1.9522667 -2.3061805 0.04480954 -0.9289325
1.1570804 0.97896963 -0.28704026 0.55547416 -2.0856812 -1.0636172 -1.0823271
2.7746758 -1.3175861 2.5526507 0.12161121 -2.7087293 -1.1963891 0.8166028
3.9494662 0.2119072 0.97593164 -0.082721084 -2.564233 1.205633 -0.76578635
0.15117545 0.48827702 -0.2759004 0.42014375 -1.348528 -0.24317907 -2.7204342
4.21153 -0.58476895 0.44862124 -0.6020644 -1.8782159 0.4624519 -0.81339693
1.0651768 0.50502783 0.080520615 0.34318662 -1.9552767 -0.0028581442 -3.2262988
1.605239 0.060404588 -0.85427165 1.6600996 -4.2211413 0.60578924 -0.018020716
1.7978729 -0.5002081 0.1810932 2.0331004 -3.944992 -0.077720284 -1.00388
1.6132303 -0.20450445 -1.2620965 0.3515969 -0.7435657 0.17216827 -0.34148833
3.2354736 0.4273231 0.48012397 0.7588842 -4.0929747 0.44231763 0.18064287
2.0507832 1.3579745 -2.448236 0.2194772 -2.9790115 0.5467621 0.39159325
2.3874817 -0.76168436 0.09604381 1.5508535 -1.7047967 -0.5951129 -1.4910771
3.3267243 -0.04150186 0.47386166 0.04373744 -2.2428694 -0.04864381 0.8237433
3.5525434 -1.1780574 -1.0922544 0.08968568 -1.2261543 0.06901921 0.37289742
1.7295724 0.5027068 -0.10711695 2.327319 -3.2241294 0.5629494 -0.46051234
2.7499802 -0.41853088 1.3355584 2.152479 -2.5210695 -0.32498863 -0.9681605
4.1443524 0.9187346 -0.54508185 -0.031031579 0.6843151 0.57747304 -2.8424234
5.509228 -2.0649195 2.4231324 -0.028753608 -2.3138833 -2.6661608 0.934226
2.523144 -0.2157342 0.8635609 1.5162588 -0.40210125 0.02380361 -1.299896
1.7716347 -0.5737936 -0.5613682 1.2485048 -2.5423622 -0.28193185 -0.528991
3.3969817 1.0736985 -0.21078493 0.7089857 -4.308645 0.56698704 -1.6969101
3.2065887 -0.2488956 1.2485862 1.6938654 -0.9153738 -0.5388863 -1.7800162
0.97453594 0.18053989 -2.1265066 0.4960417 -1.4998356 -0.61117345 -1.8941756
4.081758 -1.2166691 -1.1250157 -0.18787771 -0.8626846 1.3283682 -0.564339
2.565427 -1.2657487 -0.15415479 0.6836307 -1.6711508 -1.2822155 -2.1288295
1.9754064 1.1488788 1.7085588 0.8457496 -2.4515574 0.82795554 -0.56348234
1.3846639 1.7728214 0.1117904 0.79477626 -3.4803839 0.9782942 0.2439287
3.7982318 -0.5909299 -0.3924754 -0.57958937 -2.6847289 0.93595123 -0.2233927
5.3499293 -1.6143411 1.3728429 -1.4639496 -2.932384 -1.449115 0.46502307
2.0564396 -0.27295083 -2.4116766 -0.051639766 -1.1424586 0.85179913 1.7740334
2.168087 1.8797722 -1.961966 0.135182 -1.8057224 0.13080443 0.60318357
2.530415 0.5795392 -1.1758536 -0.3892139 -3.206474 1.3751423 0.4274266
4.674346 -0.54914826 -1.9250937 2.1345088 -0.23060094 0.4806519 0.99879056
3.3008046 -0.41768163 1.3184621 0.960658 -1.1793064 -0.39819023 2.1303394
2.710741 -1.0458884 1.9392612 0.7651265 -3.4968648 -1.132002 -0.98686665
2.948822 0.22448854 1.6705618 1.0625318 -2.2186341 0.203012 0.721513
2.7532718 0.44327778 -1.3676915 -0.41950992 -1.4561126 -0.6335081 -0.06632802
1.6957339 0.9401737 -1.9860277 1.4945406 -4.5322614 1.2377944 -0.89865166
2.7849169 0.5716442 -1.6010982 0.15539035 -3.693295 1.4629408 0.45063522
5.643863 -0.15114792 1.1895583 -0.33892578 -4.4749804 0.52336216 0.1505554
2.222315 -0.48324883 -1.1219027 0.02748236 -1.120631 0.06396891 1.0411646
2.457259 -0.52360076 1.0371149 1.4201946 -3.7499743 -0.49741945 -2.2784123
2.266057 1.2097857 -1.7816539 -0.46820292 -2.0666385 -0.20480816 -1.1969134
3.8951812 1.4939522 -1.4046549 -0.27943143 -3.1397414 0.010529119 -0.6114556
2.3436387 -0.9706287 1.2886055 0.84038293 -1.698823 -1.7835894 -2.6807432
4.235796 -1.0161834 0.21767496 -0.65858954 -0.11562357 -1.0517313 -1.3124135
1.6396148 0.1509078 -0.8523812 1.0505719 -2.3243642 -0.9139026 -0.2676889
1.8490721 0.9113317 0.034689646 2.3472235 -3.5839279 0.4985611 -1.0634815
2.763696 0.5706597 1.3019836 1.1518687 -2.1119742 -0.04128794 -1.1481748
4.675885 0.25414807 -2.0370219 0.6152916 -0.046920396 0.112792745 0.1591964
1.6780086 1.2603827 -2.0553582 0.6020648 -4.4628835 1.4250755 -2.5029757
3.6420915 -0.8277196 0.9689472 -0.18198135 -3.3014913 0.4403025 -0.47886166
2.9156022 0.7332786 -3.0231664 0.8807987 -3.1664581 0.15526797 1.000488
4.0042825 1.5854142 -1.4828254 0.75205076 -2.2976246 0.13138928 -1.7396288
1.6845484 0.6399117 3.4152625 0.7771722 -2.9436486 -1.049149 -2.7819505
2.8398647 0.44470888 -2.619888 0.4568039 -1.3442928 -0.8829324 0.36677983
1.7433571 0.56575316 -0.94961965 -0.6838677 -2.1131897 0.30423465 0.1800783
1.9959906 -0.615202 -1.4916657 0.001647539 -0.4009281 0.3773773 0.5434533
4.0169516 0.23342995 1.8917252 1.7501973 -1.0210348 0.7415291 -1.6971078
0.3935166 0.1425157 1.4396305 1.9380102 -2.9546173 0.26528367 -3.4756489
2.1936116 -0.09450503 1.6037154 1.1858106 -3.7163835 -0.46109077 -1.2447493
1.3956234 0.37569076 0.18753503 1.9316604 -3.9320726 0.614 1.0323659
2.6516664 -0.3517906 0.8306246 1.9778886 -1.7535259 -0.07930884 -1.2785469
1.8791745 1.6531987 -1.7628318 0.7059007 -0.42128214 0.5518272 -0.26359794
4.160722 0.37003252 0.28756854 0.8482021 -0.7098223 -0.35603306 1.1260709
2.8326948 0.4555539 0.22763322 0.13623723 -1.2551035 0.09017779 1.5505693
3.095657 -0.6693034 1.6561631 0.20949617 -3.55635 -0.32677698 0.70441526
4.0038466 -0.7258374 1.9291389 1.6806902 -0.60368824 -0.19525908 -0.3865507
1.458561 0.9271398 -0.97216773 0.44522104 -3.6782055 0.37699607 -3.066533
4.1341853 0.10412459 1.8017703 1.3283892 -1.7391567 0.1619568 -0.13398343
3.6879356 -0.9007589 1.8441664 0.6580907 -2.5232499 -0.01911698 0.8453116
4.3624725 -1.1272466 1.4845114 0.63757074 -2.7728732 -0.16991304 1.0241513
2.673879 -0.09628458 -1.2566499 0.0965009 -0.5733261 -0.2711906 1.5415657
3.4273942 -0.88816446 0.6458086 0.83953655 -0.38595423 -0.12694429 -0.06550011
2.4670024 -0.8326358 -0.8516276 -0.26137072 -0.16360973 0.2786545 -0.8498017
1.9536409 0.28306335 1.5044813 1.4515524 -4.5760903 1.0570297 1.6650851
3.2228417 0.05274396 1.4720542 -0.024580091 -3.167594 -1.0396565 -2.4790733
3.735261 -0.37317032 -0.68684757 0.316957 -0.848734 0.13269474 0.20406726
4.7020216 0.06674437 2.1385405 1.4015253 -1.6321843 0.60243016 -0.597858
2.7409384 1.5462474 -1.3801847 -0.010687202 -3.3834972 -0.34754822 -1.0243146
2.795827 0.9373273 -2.1152976 -0.00036940025 -0.78396 -0.2536907 -0.9567755
2.102245 2.2034945 -1.5126773 0.23414336 -1.7141067 -0.8864566 0.46447566
4.5334325 -2.4724102 0.3195754 -1.8009384 -2.4614532 -2.3219044 0.9121998
2.1605186 1.5481195 -1.5271008 -0.20028277 -2.68748 -0.06665705 -0.894628
2.771546 0.6905655 -1.188038 -0.705032 -3.5539188 1.0271689 -0.21742067
2.5155492 -0.23416801 0.7650769 1.5914917 -2.3505428 0.59608966 -0.5042975
2.4493651 1.1348124 1.9155568 0.31663033 -1.0554383 -0.19046138 -1.8731089
2.9063454 -0.20576592 1.6867557 0.9912578 -4.0332236 -0.3440184 -2.3666036
1.9617409 -0.43353087 -0.91747874 0.045958787 -0.65153205 -0.33971402 1.759222
3.386227 0.0036917208 0.764138 1.5163753 -1.6412064 1.0527625 -0.14117178
1.3801792 0.9813604 -0.43640652 0.07114264 -2.540979 1.9003167 1.5317961
3.1906843 -0.43944836 0.122727856 -0.09434375 -2.472099 0.27984586 0.9473091
2.4901714 -0.90325636 0.0075156502 0.7233253 -2.2459805 -1.0389004 -2.242344
1.8844613 0.08762328 -0.7268913 -0.112516135 -2.9615288 0.24800695 -0.55418414
1.8385545 1.1840588 0.77369905 0.52243567 -2.8055372 1.5890983 1.0958033
4.590653 0.09380679 2.0864782 2.5032225 -0.8441845 0.5177775 -1.3565471
1.7492403 1.1250719 -1.6931258 0.9557812 -4.900603 0.7014539 0.4871178
3.2838397 0.99863106 -2.1398113 0.4036046 -2.610536 -1.4092137 -1.077599
2.6142166 1.176903 -1.4027512 -0.22572227 -2.0251548 -0.07179378 -0.30668613
2.6113977 -0.5374201 -0.19016863 -0.118632734 -2.352148 0.7661176 -0.57007927
3.38122 -1.1819277 2.6534207 0.036888093 -3.3977873 -0.8875099 0.10350159
4.439842 -1.8594759 2.4362829 1.1773409 -0.82663417 -1.3760986 0.18679145
2.8619394 0.60517603 -0.5833175 -0.17328948 -2.785286 -0.7567516 -2.3849418
1.5970491 1.2446893 -0.9593767 -0.112801045 -1.8755442 1.0656884 1.3482261
4.066088 -1.3119655 -1.1618159 -0.35314062 -1.0354694 1.3495357 -0.6313768
1.9080793 -0.3085286 -1.0532496 1.3959635 -2.552361 -0.57066 -1.4563409
2.0286996 1.7717681 -1.4262172 0.75422573 -0.30328092 0.3232248 0.7884384
0.6340053 0.80745465 1.6990795 1.3360538 -1.391653 0.5100574 -2.847417
2.3203237 0.104241654 -0.47758487 -0.91706705 -2.9597106 1.247046 0.010230575
2.4785862 -0.26008075 1.0897362 2.3371465 -2.6575983 -0.54281914 -1.3555026
3.6021178 -0.66046053 1.7003192 1.2255434 -2.5615892 0.6415013 0.13817611
3.3498957 -0.2898041 -2.1528995 0.2956414 -1.7076484 0.18240239 2.346722
3.9839182 -0.6535184 -1.6381658 0.36257753 -1.0053458 0.6563945 -0.781136
1.4441069 -0.16385765 0.13304685 1.4843333 -3.522772 0.8708294 0.45406583
4.1845274 0.82603973 -1.739126 -0.47694656 -1.4257193 0.5540204 -2.1554928
2.861577 -0.3776104 -0.25718942 0.09757451 -0.46144602 0.35671917 -0.21960256
1.555977 -0.042655777 1.9130073 -0.32763454 -1.8144513 0.5511743 1.9354138
0.72369224 0.18769293 -0.73620605 1.6160899 -0.16517125 0.66981685 -2.626124
1.7991065 1.4707762 -1.7707479 0.80911756 0.06596317 -0.046938878 1.5900726
3.1036344 0.5411903 -0.619679 0.47077805 -3.6690211 0.7452113 -1.3400294
3.6381526 -0.4018721 0.3490996 0.051005036 -2.6748612 -0.11777626 1.3504666
4.5647554 1.1201987 -1.1439024 0.4225302 -2.582983 0.48072484 -0.98058695
3.1201887 0.62097806 -2.3284285 0.99146 -3.6659791 0.9313262 0.5242501
1.9153761 -0.6328687 -0.4443834 1.3452309 -2.2408252 -0.4725063 -1.0188344
3.087576 -0.984065 0.9894115 1.2907742 -0.107989885 0.14625187 -1.0443151
4.8459654 -0.8198817 0.66505635 0.3092784 -2.0349264 -0.23054527 1.9372443
2.6255376 -0.44932526 -0.80366695 -0.31917745 -0.9791583 0.40672758 -0.21829769
1.9341506 0.7659003 -2.1250873 -0.10269266 -1.0251888 0.39225045 -0.045407977
2.2099378 -0.8173259 0.80701566 1.7454071 -3.6645617 -0.6054992 -0.6186919
0.35235277 -0.27806944 -1.8061264 -0.1501356 -2.2541246 -1.4234238 -2.3479915
3.1918468 -0.30371636 -1.1145513 -0.3153725 -1.7002763 -0.6428101 -2.4189858
2.2712872 -0.49587864 -0.91920507 -0.7321235 -1.8775629 0.37938836 0.58978933
1.9040512 -0.46101993 -0.7219455 1.1703722 -0.1965308 0.4049028 -1.2356895
2.205531 -0.3648919 -1.371312 -0.3414851 -1.8646927 0.656618 1.121238
2.7758226 0.7970992 -1.8645575 -0.111646384 -0.30085048 1.0527158 -1.3220532
1.789062 -0.47125167 0.043043356 1.8323686 -4.0865536 -0.20300227 -0.5029184
3.1028633 0.13458996 1.3355672 2.074209 -1.604058 0.03787579 -1.0706239
1.1789807 0.4179259 -1.1027046 -0.04243532 -3.2883844 0.9242166 0.43198898
6.088233 0.10852866 -2.8883467 0.6121544 -3.530802 -1.5901897 0.43016556
4.0538335 0.47882158 0.7906296 -0.74088013 -3.5799398 -0.5689053 -1.667194
4.8090043 -1.816732 -1.5117192 -0.5335672 -0.9357258 -0.15395997 1.3805858
1.841136 0.18890862 -1.309623 -0.22891933 -1.1047136 0.7883718 0.44764283
2.9538763 0.7269153 0.88449144 0.28232875 -4.617983 -0.92147034 -0.6083529
4.251739 -0.19180413 0.40390727 -0.20226076 -2.0639987 1.641546 -1.1343497
3.3097312 -1.2448213 -1.966969 0.32950464 -1.8220247 -1.0068703 1.612582
2.2042727 -0.21678677 -1.1574609 0.22213712 -1.9245193 0.73856175 1.4811218
2.3274918 0.06650977 -0.07725383 0.5608385 -0.55892074 0.66440797 0.58394486
2.5583732 -0.278477 -0.32887366 -0.37132367 -1.9166188 0.716916 0.33362368
2.6342032 0.03306632 1.8206811 -0.641184 -3.1791131 0.20950271 -1.6743579
4.945659 0.41512865 -1.4542934 0.055827364 -1.8294537 0.7797254 -1.7374213
4.4147344 -0.30196154 0.0074372105 0.60148305 -1.0298858 -0.45085856 0.9491182
1.5024593 0.42503768 -1.6880116 1.3822378 -4.0674076 0.9158143 -1.1622744
1.6626265 2.0248833 -0.6804861 0.2637964 -0.89259064 -1.0607196 0.6583727
4.97061 -0.41434723 0.52899647 0.81676346 -0.2814084 -0.95701456 1.0144978
3.2764812 -0.68969935 1.3446902 1.0260401 -2.8629184 -0.43116078 -0.89656824
2.78022 -0.287216 0.16713522 0.48884052 -3.3631134 0.46203533 -1.5446712
1.8993409 0.47775322 2.6576197 0.42278877 -1.5306314 -0.3377119 -2.6800783
5.7619786 -0.9843307 -0.313917 -0.42795843 1.3362082 0.2961209 1.3210346
3.2688885 -1.2245595 -0.9682214 -0.6369319 -1.168994 -0.0016248645 -1.6152782
3.3681262 0.80567175 -1.4539187 -0.32896444 -0.8423871 0.5062556 -2.1896567
3.410993 -0.28623742 0.46874532 0.6560759 -0.93129396 0.42925134 -0.7651263
3.5175536 -0.15232567 -0.122672334 0.15323284 -3.2108943 -0.17162798 1.8270559
3.2185693 0.6579433 1.6107844 1.4207318 -0.5469743 -0.3301076 -1.6395494
-1.2607001 3.1747713 -0.29272678 0.21809414 -5.664925 -1.0709765 -2.21114
1.4214631 -0.03258438 -1.1171162 0.61126345 -3.0454075 0.15208031 -0.6890392
4.059371 -0.22521229 0.76868427 0.5003904 -1.2300324 0.32917437 -0.99438894
3.1727867 -0.7045941 0.08105789 1.0904651 0.6052066 -0.7044649 1.0839698
2.386805 0.009969878 -1.3238025 -0.49070582 -1.0338316 0.47179404 -0.52550274
3.0554965 0.07440911 -0.24777223 0.72558004 -0.9824789 0.14393438 0.62723833
2.3365705 -0.4939115 -0.81282043 -0.61020315 -1.7573004 0.96388364 -0.03274795
2.0391903 -0.033476304 0.7115209 0.9570679 -4.3775115 -0.6857277 -1.2468921
1.7902255 0.5420883 0.13490675 1.3218038 -4.4609733 0.13029869 -0.1887668
3.8729699 -0.7031002 0.44976696 0.37534198 -1.6074537 0.24519135 0.16405037
3.9489837 -1.0414608 1.2542014 0.087215155 -2.3902583 0.6237288 -0.32796296
1.1052083 1.3949659 -1.7496269 0.39499536 0.5191468 0.63930154 -0.39347646
2.960304 -0.11208351 -0.24366261 -0.02339077 -3.0204206 1.3589574 -0.79346067
1.3830239 2.1015801 0.11855672 1.2083724 -3.3829265 0.62842405 -0.6999939
1.6960987 0.47918612 -1.2180635 -0.6723205 -1.893732 -0.32451627 -0.5238351
3.5897193 -0.73464507 1.3167796 0.2812917 -2.5949233 -0.08611743 0.8863285
3.9251857 -0.34793207 0.5473813 0.02246371 -3.937745 0.6603557 1.0883093
4.2528872 -0.33415154 0.11347781 -0.2655083 -3.2791076 1.0206153 0.2141613
3.8432028 -1.1282585 -0.5257858 -0.84059405 -1.7883216 1.2582864 -0.85727054
1.7694485 0.23392062 -0.60917544 1.3940353 -2.3650994 -0.8604435 -0.3800625
4.1636825 -1.9452779 0.43293962 -1.4883833 -2.0731711 -1.16119 -0.017694678
2.2938147 2.117341 0.51338387 1.3166795 -2.2976274 1.2593007 0.7238883
1.1840746 0.8385897 0.06507419 0.16310695 0.6820406 -0.78163624 0.42370215
4.2484803 -0.025170755 0.6698377 0.94957054 -1.8420619 1.5351859 -1.2106296
4.251789 0.5336774 -1.4015042 0.24353573 -2.114453 0.744447 -0.8911411
1.4223514 -0.3439178 0.38437435 1.4482416 -3.5466046 0.8424447 0.46558657
1.616604 -0.34642166 0.8913648 1.3916302 -0.53361046 -0.17555128 -2.2869875
2.8755143 -0.67814213 -2.3920944 0.46717682 -2.4564824 -0.0141697945 1.8069968
1.3706692 1.4560313 -2.2604513 0.047438547 -3.7363105 0.14033104 -0.34689805
2.6318755 1.0641217 -1.4819531 1.1967163 -3.1200001 -0.35228708 -2.1171367
2.225762 -0.3978755 3.0837607 -0.32335427 -4.3248234 -0.31250867 1.4561307
1.5357178 0.3059252 -0.58923554 0.11944446 -1.0838181 -0.70964456 -0.7044274
3.9587426 -0.006548357 -1.1473621 0.03152159 1.2802216 -0.18986438 -1.4919026
2.5964522 0.3886261 -2.4400163 0.21393934 -1.4945589 -0.6814809 0.3892453
1.8398452 -0.779277 1.1281595 1.717313 -3.2029874 0.05097573 -0.22758669
2.1366854 -0.21979947 1.8165817 1.0609847 -3.5756865 -0.4057916 -1.2251111
4.3615365 -0.17669387 1.5647038 2.236594 -0.050492026 0.07075913 -1.5694554
1.8976958 -0.089694634 -0.44317856 -0.5035223 -2.7473326 0.8015712 0.5357124
0.070386425 0.3162294 2.3352997 0.63127476 -1.7041558 0.46192494 -3.354629
3.305881 -0.8392324 1.3344693 1.447314 -0.09507928 -0.20511948 -1.2849133
1.750344 0.42126113 0.7910032 1.3650056 -4.4401097 0.9538988 1.7926756
4.209607 -0.30214667 0.34563193 -0.2727334 -3.1595354 1.2263641 -0.26590416
1.462875 0.14163236 -2.2579942 1.0124407 -2.597174 -0.6630465 -2.4279914
3.7720773 -0.9416192 0.53880954 -0.62453645 -2.9487553 0.9870909 -0.59549433
3.8031597 -1.0057638 2.0006163 0.33441314 -2.9402885 -0.2674549 0.6177514
4.071817 -0.92042845 1.33948 0.42635584 -2.1627138 0.5217612 -0.3609768
1.6200067 0.6541169 -1.5036576 -0.6278236 -1.0369745 0.3618758 -0.18608305
3.515871 -1.0193789 -0.10978259 -0.1836259 0.42463532 -0.9926357 -0.76851195
5.1384478 1.7930951 -2.6149454 0.789472 -1.976065 -0.67061067 2.0693421
