3.2973619 1.2219974 0.7421303 -0.8849009 -3.7404041 1.8520546 0.21799114
1.2964647 0.5255174 -0.09020139 -1.3219182 -2.1386542 1.1694207 1.5016756
2.3535297 3.1564496 -2.4973557 -0.4009411 -1.9768001 2.1079671 0.70946074
2.6908078 2.8223944 -3.0847008 0.6083288 -0.011369444 1.2912625 -0.71987146
2.199342 2.1455286 -0.68682766 -1.08956 -2.0339878 0.8820726 -0.43368122
1.9566361 3.1561599 -0.064783946 -0.5405568 -1.9780917 2.3832474 0.28503457
3.1892235 2.3672006 -0.55614233 1.1078503 -1.3692514 2.08535 0.12165874
1.674728 2.6805954 -2.5082774 -0.6754517 -0.7403207 2.2186294 0.8094606
1.5915686 2.8340771 -2.3176248 0.12623191 -1.305597 2.136295 0.665995
2.50915 1.8248856 0.75015336 1.994947 -1.3324851 1.521136 0.28514892
1.6362032 0.38224655 1.0117083 0.23038912 -1.3925657 2.4704251 1.2597172
2.4361475 0.41615433 -0.30550882 0.9961064 -2.4214845 1.7736814 1.3942573
1.8332562 2.4433956 -0.29900745 -1.893284 -2.401867 0.43572357 0.20985922
1.4701381 2.7279959 -3.0992239 -0.1893114 -0.62455714 2.026718 -0.097354084
1.7911013 0.5909109 -1.2056257 0.19129431 -3.3659499 1.4007767 1.6288195
2.2165213 4.9940295 0.6080401 0.29168436 -0.29284772 2.9648983 0.36059406
3.2494924 2.4121604 -0.792592 0.78523266 -1.8695198 1.7554866 0.19594213
1.8501626 -0.45327526 -0.23273899 -0.6313374 -2.6361282 1.54804 1.8867666
1.5003301 0.9920024 1.1546118 0.44164535 -2.1580758 1.6772785 0.16887572
1.6024649 1.8045126 0.14510928 -0.79372376 -1.4909071 1.6141 1.227098
0.8184352 2.2226932 -0.46561113 -2.302563 -0.5091814 2.0607686 -2.1824965
1.4647838 1.4006543 0.82284105 -0.7032589 -1.3641703 1.2427951 1.168202
2.1175854 2.5023594 0.27974758 -0.41666016 -1.2200674 1.5538267 2.7269332
2.0994234 1.9672785 1.8470218 -0.29971036 -1.931501 2.7521822 2.4483957
3.0504003 2.9592464 -0.5957119 1.4254019 -0.26811334 1.614332 -0.5611673
1.6821843 2.79254 -1.0284702 -0.23590359 -1.7016386 2.6755843 -0.6886286
3.1087072 0.43512064 0.48171458 0.25837627 -2.2764008 1.8075298 1.834015
1.5987381 2.3957489 -3.7891686 -1.9679496 -0.12987672 0.5677838 -0.44240913
1.6366234 0.62138265 -0.17202069 0.5841509 -2.6010315 1.6447394 0.3557541
2.4557915 2.9177127 -1.7864769 0.7347814 -0.9856457 2.5076227 0.008344505
1.41476 1.1594653 1.2310444 2.1260514 -1.2806088 1.3360531 -1.1868337
1.9507992 2.8615112 -2.5455496 -0.54247916 -1.0551771 0.9850439 1.601483
1.293081 0.2571805 0.38064036 -1.5620868 -2.2733548 0.25760671 0.84213114
1.7902672 2.0133607 -0.59837365 -0.9210433 -0.86795306 1.0147296 -1.4055616
1.0443325 1.3869557 -0.0454941 0.48553795 -2.3994253 1.4495294 -0.446233
2.151729 4.419198 0.3830602 -0.3081043 -0.7075274 2.4353378 -0.5880288
4.132138 2.9938285 -1.389878 0.4531065 -0.5879061 1.9548875 -0.36894652
3.540814 2.5227137 1.3436323 2.022269 0.23627348 1.1572306 -0.87893015
2.3822784 0.48154193 -1.0153925 0.5956913 -2.389423 2.0528815 2.5739326
3.0417137 1.0790825 -2.6309962 -0.45213127 -3.8044188 1.4335802 2.5063713
1.7612965 3.107326 -2.0859637 1.374836 -0.4927154 2.3960545 0.38184825
2.8847668 0.6254261 1.2829556 1.2724595 -1.5715514 2.3611987 1.6357157
3.24452 3.321382 -2.8977358 0.81939816 -0.8011776 2.2363513 -0.25189614
3.5443401 3.7184596 1.869732 1.155315 0.09805479 1.62479 -0.70472044
2.9349818 1.7395713 -0.8232663 -0.43676314 -3.104145 1.757723 0.15297642
3.4716015 5.3605337 -0.24417175 0.22123879 -0.88718927 2.3580458 -0.4004545
1.2912683 1.623327 -2.9498527 -1.1213062 -0.29126152 1.8546213 0.34638575
1.9480785 3.1197116 3.1007648 0.24443904 -1.9912084 0.98132265 0.12415084
3.1410882 2.4877243 -0.62503266 0.7335039 -1.7792709 1.8899149 0.242289
1.7048308 5.495027 1.0634875 -0.7376647 1.1934088 2.361209 0.4308236
1.8341368 2.9119768 -0.6694113 -1.0194472 -1.7735627 0.47708806 0.82661617
2.2255516 1.4435339 -2.0717552 -0.32690877 -3.095693 0.17674877 2.6188674
1.5675576 2.2366679 -0.48218897 -0.77282655 -2.1754696 0.6229189 0.69190764
1.2229995 0.9468785 0.0156071 -0.7688209 -2.8170676 1.697521 0.22489044
1.7931273 0.20714264 1.551568 -1.2598457 -3.000373 -0.76220274 0.81590337
1.5310488 2.0524592 -4.2793612 -1.51744 -0.25725946 1.280587 -0.3146653
1.7927492 1.7474878 0.064390585 1.326698 -1.2846893 2.1354039 0.7111166
1.2661817 2.857221 -1.3930767 -1.6729126 -1.0963532 1.4642961 -1.10061
1.9982129 3.3165832 -1.6049904 1.1696796 -0.5166242 2.1802828 0.8848543
1.8647072 2.9231784 -2.8521864 -0.6459279 -0.88349664 1.2029147 -0.27383694
1.1707944 3.1433773 -4.174501 -2.3439372 0.5263666 1.7900498 -1.1436069
1.7227638 1.41712 0.8223095 -0.42564312 -3.3879614 0.83637977 0.16831759
2.5965683 5.2119203 -0.4639118 0.061061546 -0.42648992 2.8440542 0.010893736
1.8734418 3.1827755 -2.4206185 -0.54967666 -0.8446343 1.2374635 -0.5503101
1.5765699 2.757563 -2.3364332 -0.0040468876 -0.8855361 1.5255865 1.2310406
2.3051484 3.0188622 -2.8902113 1.058714 -0.2920005 1.8536648 -0.7156612
0.93697345 1.8549058 0.33822998 0.37623635 -2.4236312 1.8416419 -0.73762053
1.474582 0.033661414 0.45185646 -0.536314 -1.8251185 1.9549828 1.0478305
2.8146043 2.6785364 -1.0833601 0.9513357 -1.8521987 2.1725986 1.4759558
2.1113844 3.7224293 -0.007103581 -0.04702896 -0.7395941 2.5755858 1.7172478
1.5437098 1.0286683 -0.28752914 0.7288188 -2.1475544 1.6076009 0.8382344
4.0837746 2.8521068 -1.007601 1.8977013 -0.5948175 0.72619987 1.5151546
0.9166654 1.6434178 -0.2035848 -0.31662306 -2.3372846 1.2047825 -0.5592267
1.718849 3.1870627 -2.0982945 0.52018195 -0.88954806 2.6997344 -0.5679578
2.6832004 2.380298 -0.43235782 -2.7561562 -3.0777783 0.44454816 2.9077334
1.7577213 3.4148307 -2.009711 -0.9528116 -1.9288675 0.94757307 0.22775434
2.7089984 0.5505083 1.5808283 1.3839362 -1.7748832 2.1922748 1.3638868
1.4836591 2.0463388 -0.8857241 0.025133848 -2.188067 1.3430164 -0.4722201
0.86577535 1.754585 3.4461799 0.55122584 -1.209035 1.3418131 -0.9006207
3.0434864 5.221186 -1.6740811 0.5312824 -0.58139944 2.8685467 -0.54533
2.173604 4.3974414 -0.6322476 0.049935967 -0.7906536 2.3655975 1.2610121
1.5765501 2.3727508 1.1256318 -0.47865686 -1.767628 -0.26666597 1.7560908
2.7048492 2.7066627 -1.9897933 -0.27959117 -1.1433761 1.1953593 1.5031922
3.055447 3.101935 -1.7410696 -1.7691909 -2.4424694 0.54668105 -0.7056276
1.5897843 2.2729888 0.21629344 -0.27553356 -1.3604343 0.7878778 1.304653
1.7346407 1.8732277 -1.577085 -1.8211292 -0.008720495 -0.22817956 -1.4520824
3.1970768 2.3455248 0.018395286 2.1484747 -1.1707095 1.7278271 1.8772652
2.7929468 3.138959 -2.9403594 -0.9519428 -1.6070563 1.7016691 1.0031053
3.3129997 2.2655733 1.1253133 -0.22431216 -2.0868711 0.5426709 -0.25625643
4.185729 2.0670538 0.18469642 1.8431702 -0.97149014 -0.48485133 1.6027272
1.8173655 -0.4414199 -0.3834583 -0.5978302 -2.951155 1.099251 1.7672688
2.1728172 2.9926531 -2.0729988 0.5176999 -1.5143393 1.9675573 1.1108716
1.2238805 2.0490518 -2.1603007 -2.4783738 -1.5445578 -0.19733034 -1.1630449
2.1026356 2.4877641 0.63866067 1.2490598 -0.61054766 1.5678825 -1.1267409
2.7520099 1.4011505 1.7780942 2.7847934 -1.2746679 0.4265099 -0.5801732
1.9146551 2.5413663 -1.5744033 -0.96444625 -2.8394127 0.91768426 0.2041876
1.4788797 1.7077467 -0.709553 -0.39967203 -1.6982921 1.3622826 2.0253997
1.8461181 1.8184359 2.1046176 0.8401967 -2.0372183 0.62515044 0.11685702
2.0668578 2.4334207 1.7409782 1.266362 -1.7006083 1.098944 0.21484384
4.0950546 5.3257465 -0.6884712 0.74652445 -0.8255073 2.2683845 0.16690794
1.7369916 2.780077 -1.9971197 -1.4529976 -3.6323218 0.83980155 -0.26468292
1.4222746 1.8173735 0.19895445 0.233883 -2.4317625 2.7225587 -0.22087649
2.7072334 3.2744908 -2.0901294 0.37204167 -1.5565494 1.4413664 0.44101784
2.5876012 3.2224631 0.5401974 1.1008997 -0.9447559 2.508258 1.4228189
3.093749 2.347537 -0.6322205 -0.7125771 -1.8821543 1.7283804 -0.2459253
2.3686872 1.6546601 -0.028713841 1.2630656 -1.2164774 2.5804327 2.0984383
1.7074312 3.0280323 -0.38160124 -2.4889574 -1.0666918 2.0999112 -0.70561904
2.4101892 1.6771156 -1.0586592 1.0949883 -2.5212908 1.7896966 1.4444457
3.169122 2.6199093 -0.15421866 2.0654619 -1.4345438 1.8078883 1.4152169
3.4005995 2.1300364 -1.9328784 -0.19731471 -3.8115623 1.9159274 0.8394795
1.502997 2.6603792 -1.0521519 -0.45508692 -2.3880143 2.5167089 -0.31790933
1.4772177 1.03013 -0.24745657 0.27763125 -2.48823 1.8473195 0.18497154
2.7626643 2.5751414 -1.1357086 -1.8689431 -2.17351 0.40157166 -0.73139226
2.5094638 1.206454 -0.7521852 1.152595 -2.0059876 2.1501148 2.1014333
2.176957 1.5796794 0.0024167113 1.1151869 -0.9409908 2.7523863 2.063072
1.4742366 3.117167 -1.1682336 -0.028210253 -1.0847455 1.5058125 1.6756405
1.4553217 2.8434277 -2.3501506 -1.0419194 -0.59005976 1.9914234 -0.75509816
2.3036327 2.9723647 -0.3987817 -0.27871868 -2.3035197 -1.6582477 2.3763585
1.8273625 2.6684551 -1.8387172 -1.2050979 -2.0295892 1.2878023 0.7105308
1.6553324 1.570598 0.11037813 -0.4452511 -1.3219146 2.787789 2.0948617
2.0485947 -0.22764082 -1.4010123 -0.62480456 -2.8341782 1.4483736 2.9101448
1.5824329 0.25021976 -0.5915451 -1.0812672 -3.9492893 0.6714995 2.5091543
4.318737 2.5143776 -0.5047714 0.8055197 -0.4264488 1.6647171 -0.25316745
2.2411685 3.9492598 -0.3287454 0.41545138 -0.98671114 2.5409317 -0.11055204
1.7642837 2.9911423 -2.8780396 0.78629905 -0.44107828 2.1232622 -0.11550829
1.0241122 2.1729965 0.19883214 -0.7172175 -2.222888 2.7688396 -0.67255074
1.5255646 2.2007136 -0.8941995 -0.64914215 -2.5157294 1.5761095 0.39263853
3.9793181 2.1369598 0.22767477 2.4907541 -0.82943046 0.45337746 1.4789684
1.742485 2.6223161 -3.1746352 0.04782416 0.03163185 1.2387269 -1.3309406
2.227582 2.8059013 -2.695219 -1.470496 -1.3553656 2.04258 0.70868117
1.6696211 2.4645302 -3.1300151 -0.81070584 -0.29265246 1.2780988 -0.014220443
1.5240915 2.2088523 1.7694113 0.19204739 -1.9333589 1.2057467 -0.32698765
1.3114786 1.8883922 -0.33192638 -0.87054735 -2.9557586 1.8320771 0.03416053
1.461836 3.1275687 -1.6921251 -1.0212104 -0.77057445 2.6881042 -0.9010851
2.0820622 2.140097 0.96627545 -0.4187096 -2.4738598 0.026300687 -0.5066548
1.5536762 2.8947034 -0.8310962 -0.65989673 -2.3097253 2.5559776 -0.46990928
2.0208092 1.8235005 -0.030820984 1.4568865 -0.98643553 2.7190871 1.9418457
1.9911724 2.1680217 1.0179669 0.95099634 -1.2647765 1.6516634 0.3839732
2.046358 2.7570462 -0.6822181 -0.6777309 -4.0525503 -1.8186741 1.6147808
1.2290927 2.154389 -0.47781345 -0.10632792 -1.6970335 3.1606772 -0.91476494
2.363076 2.2446012 -1.5300643 -0.9999845 -2.5747533 -0.20946752 2.0861063
1.4361714 3.0676262 -2.1829174 -1.3029838 -1.7445083 0.45743594 -0.12605593
3.1965923 1.583137 0.8204862 1.7668713 -1.5251112 0.39900568 0.68151337
2.3115833 2.6868238 -0.26143056 1.352789 -0.9279734 2.5042822 1.6759964
3.2091174 1.8157661 -0.95241725 0.566015 -2.853768 1.8996003 1.0689399
1.6743611 1.4603388 -1.5486512 -0.48483732 -1.5500553 1.3165252 2.3820024
1.863724 2.2593653 -1.7634234 -0.16796312 -2.3525333 1.835681 1.0793025
1.8627344 1.9042212 0.7579905 -0.017096907 -2.0192373 0.62484086 -0.26319215
2.4333367 2.57923 -2.4071753 -3.167636 0.98295105 -2.2426186 -2.1863441
2.302283 3.2802758 -1.2803161 -2.6797128 -2.5190816 0.38956872 -0.26313147
0.8040705 2.0583131 -2.688637 -2.1762493 0.16127862 2.7368896 -0.42562386
1.4918923 0.45598346 0.5404029 -1.8566818 -3.761006 -0.78970206 0.9306492
1.8846288 2.094821 -2.3995483 0.6808294 -2.011179 1.815044 1.7531918
1.7695956 0.5096529 -1.2170177 0.944474 -2.2383075 1.3912435 2.3268056
2.6629443 1.2532767 0.4787918 0.8536025 -2.7494414 1.7558571 0.4935772
1.104365 2.0018435 -0.7005837 0.0545291 -1.8242252 2.2686465 -1.1718156
2.74415 0.50644356 0.29437217 0.7204199 -1.6687421 2.3216996 1.985228
1.3366287 2.9694924 -2.974673 0.01687339 -0.23974667 2.4372072 -0.71862686
1.9013087 2.4462366 -4.0803795 -1.2363138 -0.15886496 0.26284787 -0.16675243
1.7654722 2.4920077 -2.5516965 -0.6828047 -2.410652 -0.3818346 0.10011951
2.1081867 2.9511368 -2.108934 -1.5064721 -1.9295069 1.181126 1.0700917
3.6372437 1.3073227 0.9195173 2.3181548 -0.73296744 1.3559868 0.6184264
2.7401545 2.243518 -0.59546864 -1.3481746 -2.6653526 1.3692622 -0.36344656
1.7907264 2.4598868 0.8820431 -1.8001171 -3.168899 -1.1466526 0.05683652
1.8793898 2.817757 -1.8235879 -1.2047938 -3.3825839 1.1095874 0.9861175
2.415942 3.1411614 -2.1169195 0.8332497 -0.77081907 1.9564052 0.5740099
1.3790716 2.1892474 -1.214783 -2.1348803 -1.2841092 -0.23732851 1.089153
2.0966356 2.8683803 -2.235595 1.3510108 -0.59168386 2.2122953 -0.13446489
1.4669224 1.0587733 1.7073327 1.0377986 -2.3639946 0.5761031 -0.6749704
2.772419 3.085719 -2.6978836 -0.11868814 -1.2485565 0.8448311 0.07758224
1.3895067 2.4657564 -1.0131743 -2.7202098 -0.86294353 2.0661209 -2.206688
2.6584609 2.4253104 -0.008665819 1.5688028 -1.001312 2.1901464 1.8118666
3.4313297 2.8646111 -1.1627475 1.3269616 -1.6657444 2.044328 0.23677984
2.3661556 3.296411 -1.9291887 1.4531397 -0.5445422 2.1847277 0.2475678
2.0536878 3.0989661 -0.21549465 -0.44529232 -1.6508664 0.93822765 2.9366207
2.2549672 3.039557 -0.8132105 -2.8205678 -2.1954546 -0.7100413 -0.2176592
1.3049605 2.7817788 -2.933377 -0.38986105 -0.21386991 2.17822 -0.66701704
3.4544907 6.0434456 -0.20513369 -0.467799 -0.39916548 1.8254881 -0.6951223
1.4249281 1.6595771 -2.496748 -2.0273345 -0.8571843 1.0871351 0.56851727
3.5227232 0.3312171 2.607826 2.6216023 -1.5047771 0.3350354 0.7593522
1.3019032 1.1704473 -0.122037426 -2.3604054 -2.9279056 -0.38766584 1.296129
2.152861 1.7302768 -0.5259726 -0.3680391 -4.839105 0.19870867 1.421221
3.3854213 3.1230726 -3.2546153 -0.75737345 -0.3341039 1.0161738 0.013175759
1.1404037 2.5361667 2.6302993 -0.9408046 -1.9452031 0.22718538 0.8416802
2.0726922 3.412672 -1.9915917 1.2295525 -0.3879809 2.2714977 0.23106709
1.6575872 2.5331798 -1.9560113 1.001662 -1.3312007 1.9717026 1.3200431
2.237036 3.6093924 -1.9303288 -1.1391878 -3.196628 0.83156896 1.3598466
1.5716547 0.018933106 1.1309853 -1.2348921 -1.7430598 2.2120914 1.9427035
1.4599077 -0.04421134 0.9896169 0.12963173 -2.27115 0.96141624 0.23835793
2.5754547 1.1957166 1.4418805 1.4210781 -1.6835285 0.59096944 -0.10401946
1.8476478 1.6232373 -1.1246088 0.65807915 -1.5793043 1.7754188 2.1005087
2.0318959 3.3578367 0.13943909 0.057981312 -1.1990138 1.3447603 1.2817218
1.4435722 2.4051619 -1.2910646 0.6479493 -1.0172447 2.1691377 1.4196286
3.1197019 4.939793 -1.7628458 1.0346563 -0.7101836 2.4890683 -0.14057776
3.4669547 1.1324522 0.17752753 -0.9580673 -3.6917071 1.5348525 -0.50801474
1.8864244 3.855804 -0.6486865 -0.23518196 -1.1285795 3.1145985 -0.86459523
1.1760191 2.3165433 -0.72737795 -0.22097382 -2.571304 2.0543664 -0.342641
3.3093252 1.0738047 0.02993546 -0.083594054 -3.8072233 2.0376084 0.45107058
2.7207105 2.6216931 -2.2724566 -0.55578256 -2.3137681 1.7233691 1.1503541
1.7349051 2.70796 -0.78436667 -1.4519395 -2.3671484 1.363965 0.063002914
2.1299121 2.8446655 -2.607264 -1.116103 -1.4043014 1.7792969 0.7241513
4.6728144 2.5562162 0.25376615 1.1311345 -1.23755 1.4011495 -1.0178449
1.3315638 1.7642921 -0.68974245 -0.29357567 -2.1810825 0.81871 1.3637804
1.5424098 2.648884 -1.4734852 -0.4451652 -1.7076323 0.63730824 1.5472054
1.5836968 1.1466632 1.6552901 1.0117213 -1.4310691 -0.16145585 -1.9606583
1.8552052 3.4686615 -2.4503105 0.03921274 -0.25858638 1.3316126 -1.1477463
3.8863916 0.460604 0.40961513 0.27916202 -2.6043248 0.5910891 2.2859974
1.8831841 3.6462708 -1.0896257 -0.533584 -0.8395208 2.2058554 0.26042274
1.4092509 1.7498215 -0.13400997 -1.7437177 -2.5701294 -0.71954006 0.7616202
3.5356593 5.665204 -1.0128609 0.6229226 -0.82683885 2.5675979 -0.21362874
2.3772523 2.1175408 -0.23348449 2.1309013 -1.2517426 2.0949554 1.4646349
2.0432408 3.6539972 -0.7710614 0.48967057 -0.74770343 2.4952862 0.9037604
2.1219168 1.528204 0.4300327 -0.230925 -1.1801296 2.6802719 2.5212557
3.1618042 3.1170242 0.42789277 1.8155737 -0.26263025 1.3790812 -0.5697235
2.2441413 1.8282735 0.71886176 0.8975954 -1.7299138 0.9442541 -0.22138512
3.7616844 2.2268085 -0.37759003 0.0044950093 -1.8677045 1.6100554 -0.29631653
2.2408206 2.2028651 -1.7818444 -0.69846773 -3.6904676 0.4093828 1.6875256
3.9624577 2.5585651 -0.6584512 1.5808495 -1.154662 0.50365543 1.5658026
3.877419 1.3337715 2.6609275 2.0383441 1.0705054 1.0036689 -1.4575
1.3380958 2.0280623 -2.4077148 -2.3721364 -1.5678893 -0.96801996 -1.0227679
1.6773864 1.582881 -1.5736839 -0.69645274 -3.4686966 1.2491231 1.547596
3.0367165 4.074849 -1.0203657 1.6934967 -0.7126051 2.3225133 1.343726
1.7963338 -0.5004347 -0.28828934 -1.1407292 -3.5544071 1.1050429 2.1514497
3.9229116 3.2535994 -0.35438994 1.8827975 -0.82737714 1.3661103 1.9317542
1.8852069 2.2082493 0.7380053 -0.33594018 -1.5177821 1.0457096 0.5260771
1.9632713 1.8846747 -0.6899158 1.1530545 -1.8836569 1.7094232 0.80395925
1.4603881 3.1734357 -2.4856749 0.24236259 -0.46061382 2.619812 0.47731164
1.5687035 -0.564321 0.37619445 -1.0516721 -2.5810022 1.161319 1.2188878
2.1335073 2.5033154 -0.29092947 1.8283203 -0.9967936 2.048045 0.5008643
1.6442999 1.5101448 0.82957363 0.048335135 -2.7516482 1.4700762 -0.32557347
2.262413 2.3858986 -1.1270045 0.34133607 -1.9839424 1.7861526 0.095211536
3.3759546 1.874506 -1.1009665 0.68895215 -2.737793 2.0483334 1.4403193
4.1238894 3.2506528 -1.2185192 -0.034452885 -0.123676874 2.534305 -1.0623946
1.6218085 1.8322234 0.1691718 -0.5385108 -1.3047484 2.1485128 2.0203075
0.5382082 1.5347853 -2.0227022 -1.0215945 -0.14074944 1.285108 0.98532254
1.8228117 2.0677512 -0.13160111 1.4653697 -1.0346341 2.430789 1.1104455
2.6479082 3.301382 -2.0813916 1.1058474 -1.0821532 2.1445258 -0.010861959
3.5809267 2.3966131 -1.4413967 -0.05051127 -2.6208012 1.6974024 0.38954917
2.9405987 3.4903495 -2.3603337 0.37499604 -1.2478138 1.1923866 0.320562
0.9056128 1.9385548 -1.606887 -0.38937613 0.3258635 0.11920692 -2.4162893
1.7321373 2.7091389 -0.8166725 -1.1967931 -2.3752482 1.6679388 0.12770012
3.1752834 0.8465281 1.7422746 2.0302544 -1.2461734 0.28055367 0.32933173
2.7810802 5.117249 -1.9166409 0.44077033 -0.58802354 3.035694 -0.4187269
1.4221368 1.3591769 0.5969585 -2.8070154 -3.1958652 -0.43665108 1.4608991
2.1849484 2.5715227 -2.388464 -0.44770557 -1.6483287 1.4469973 1.8273566
2.4117959 3.284142 -2.8092153 0.4427673 -1.2949759 1.2794809 0.74497944
1.475684 0.34925103 -0.13434418 0.019650638 -1.8333198 1.7269659 1.8225154
1.5880361 3.0031655 -2.2601237 -1.5112927 -1.4300202 0.67959994 0.31708857
2.269907 1.2566705 -1.212698 0.017833367 -3.1546755 1.74452 0.85444874
1.77649 2.4644744 -0.057024736 1.308675 -0.8180323 2.1365154 -0.191693
2.1836216 3.315179 -2.1066756 -0.95080155 -2.4845362 1.2565498 0.78268784
2.1826158 1.8120277 2.69043 0.87655914 -2.2683854 0.7625035 -0.051342037
1.9453135 1.846161 -2.289601 0.40933207 -2.2191076 1.6840438 1.7814971
1.941995 0.060448218 1.0279284 0.21504319 -1.5367106 2.2023408 1.402677
2.0909464 3.3346753 -1.1831086 -2.3898237 -2.788794 1.0122848 -0.20409825
1.7611293 3.1734064 -2.416962 -2.4163334 -2.4210079 -0.068498954 0.19318801
1.8504951 2.9344575 -2.400065 -0.15794918 -1.1997118 2.0287101 -0.19789454
3.6046174 4.971688 -0.94575286 0.99405897 -0.79116225 2.104698 0.20074931
1.695543 2.3218312 0.15871714 1.399742 -1.0969025 2.3984458 0.09920068
2.7307918 3.0211759 -2.8584998 0.56218696 -0.79471713 0.7744583 0.36212516
1.2864735 1.7162346 -0.46446058 -0.2693291 -2.2478838 1.0323098 0.8284524
2.0380638 3.0483134 -2.2570817 -1.1495323 -1.6387018 1.3138249 0.53960985
2.723374 2.1939704 -0.34293452 -2.172969 -2.2559319 0.57659924 -0.64784515
1.836425 2.446053 -2.21921 -0.4662811 -1.2448939 1.0903889 2.1874142
0.74783695 1.6429969 1.1485972 -1.8306763 -0.025578357 1.6056539 -2.313984
3.20805 5.9712815 0.4996042 1.1473398 -0.67929566 2.8829741 0.9877544
2.6401987 4.6692343 0.36744687 0.70926136 -0.653592 2.8131635 0.88599175
3.0510874 3.543992 -2.620649 -1.0491021 -2.8785396 1.3266883 1.6977179
2.4843569 -0.010565472 0.52786946 -0.50415087 -2.073065 2.3543963 2.4782836
3.620577 0.73958117 2.1419928 2.489877 -1.0740291 0.36083117 -0.07359727
1.661531 1.5387793 -1.5842999 -0.462491 -3.5996022 0.60230255 1.8026509
1.8410902 3.1925964 -2.312435 -0.17716703 -1.4555875 -0.04768018 0.2668948
1.6304685 0.49025518 1.2139001 0.42406532 -1.5927676 1.9981062 0.92204565
2.25456 1.9023857 0.04921828 0.16684517 -2.0922577 1.3078299 -0.24777344
1.7018183 -0.10896273 -0.62233865 -0.7470465 -2.6296878 1.2780986 2.5611506
2.4415505 0.81918055 0.8391448 1.5591446 -1.2161336 1.9120133 0.95473045
0.5861522 3.723741 2.225742 -0.724599 0.4860064 2.691687 1.7867491
1.8791486 1.4430194 -0.09502919 0.77268946 -2.2559044 1.5195577 -0.12100649
3.5074286 3.5056844 -1.0828586 2.1465585 -0.56658566 2.1792126 1.1434139
3.3510485 3.665558 -0.564779 0.80241466 -0.6424459 2.1790476 1.5748758
2.982531 2.392598 3.0078628 0.3351107 -0.9191401 2.6340303 2.1599784
1.5232029 3.7239158 -0.22474565 -1.4935768 -0.6212436 2.154131 -1.7918191
1.6710651 2.4416363 -0.21340264 -0.32758352 -1.4164997 1.597199 1.5728911
1.471836 2.5129063 0.6685132 -1.719151 -2.6493826 0.9660805 -0.080085605
2.1929593 2.4633367 0.741212 1.1292892 -1.1359899 1.9292736 0.14633009
1.8068311 2.6206255 0.9533087 -1.652458 -2.9017897 -0.61330205 0.48756054
2.0855927 1.3236408 0.14266239 -1.2370892 -3.3044972 1.1307678 -0.10556814
2.3623843 3.466319 -2.4277284 -0.17234188 -1.6495166 0.46353045 0.5270203
4.21615 2.0903423 -0.20768666 0.8795518 -1.3065416 0.4568241 2.1534886
1.7450775 2.117701 1.1717069 -0.07889922 -1.8289067 1.2131951 0.054322455
1.6134692 1.273178 -1.1630473 0.4720992 -1.667371 1.4719844 2.3152647
3.365138 2.4048479 -1.6949617 -0.5915703 -0.8716265 1.1392877 1.8307892
3.4523268 2.6345053 -2.134256 -0.53624654 -0.66860735 1.1420665 1.3736762
3.1042914 3.6463726 -1.5249442 1.7042056 -0.61572814 2.6069925 -0.06370029
1.6647967 2.6660519 -1.1335448 -1.9696437 -2.2970252 -0.7769104 0.44652012
1.536064 2.1432967 -1.1342595 0.622877 -1.104706 2.1166167 1.7678924
0.7146692 1.8228668 -0.30672792 -0.60485286 -1.3071707 2.9151342 -1.5471288
1.7881775 1.0398397 1.6115103 -0.42410162 -1.8469163 2.7091298 1.951854
1.9375744 2.598124 -1.612684 1.2054031 -1.7180318 1.9330829 1.0198672
1.9688022 1.7304287 -1.2145945 -0.06792852 -1.269348 1.4197377 1.9734287
