1.0762767 0.40669018 -0.046721477 -0.4691962 -2.820229 0.8611856 -2.257173
1.4427865 0.06734285 -1.9875882 -0.53698933 -2.7889268 -0.3901932 0.84595615
1.503368 1.1210071 -2.389793 -1.3566792 -2.1604607 -0.19803701 -0.30457816
2.106668 -0.09598333 -0.7652056 -0.4487284 -1.5622813 1.1159271 1.5988071
1.7834953 0.37395352 -2.4145322 -1.0027012 -1.013354 0.68051463 0.7472082
2.0157192 0.54741484 -1.3058438 -0.76003796 -3.9306123 -0.7729767 -0.38168508
1.5808525 0.99304765 -2.6196492 -1.200459 -2.9320927 -0.81634456 -0.7766172
0.46196818 0.6566995 -0.4275253 -0.47069517 -2.4460285 0.62848544 -2.309349
3.364945 -0.82707113 0.14230345 -0.012915164 -3.0627208 0.5899751 -1.3859442
1.7667193 0.70366246 0.103008494 0.10920712 -2.703937 0.78039503 0.10651019
3.415291 -1.0912609 -0.33163887 -0.44212607 -0.72071826 1.805894 1.6926738
0.16257598 0.07212262 0.4372551 -0.87688935 -1.784319 0.08542462 -2.7503054
0.45409882 0.011432218 -1.7850957 -1.2289945 -1.0458155 1.1416575 -1.0256633
0.95867753 2.4355428 2.330162 1.095766 -0.3420926 1.8192132 -1.375732
2.4885175 0.82784563 -2.046241 -0.943809 -2.314197 -0.91728675 -0.3325322
1.970636 0.020284373 -2.1400225 -0.76531035 -2.4941611 -0.7858441 0.5605027
0.9925605 2.7155085 -1.4067414 1.0361824 0.70028484 0.88615704 2.0071945
2.4269228 2.0091348 -0.41065994 0.27226624 -1.0757195 1.7244134 1.6879677
1.9691379 1.7016169 0.07013558 1.3327725 -2.871219 1.7528241 2.0806253
2.5983214 -0.13869204 -1.0115151 0.25134286 -5.3838773 -1.8472339 0.6549466
0.85043955 2.190836 -0.28338555 1.3294002 -3.5085163 0.8548308 0.4783871
2.9533186 -0.6918439 -1.1372294 -1.5418885 -0.99333835 0.6693448 -0.4974558
5.0381484 -0.7487678 1.5609393 -0.08622837 -3.0634904 -0.85951483 -1.2386469
3.168263 0.69377065 0.019153815 1.3431544 -4.0628715 -0.22519885 1.0357301
1.9660829 1.2327029 -2.1853077 -1.6403346 -2.5343533 0.13173522 -2.462582
2.450717 2.6443799 2.0975823 0.98179275 0.31689516 1.4274608 -0.03040358
2.0979605 1.3248516 -0.17260171 -1.3596678 -4.763772 0.0757813 -1.6862812
0.41627926 0.4218008 -0.4492412 -1.0411277 -1.9016434 1.395506 -0.6798115
3.615805 -2.1076877 -2.2167027 -1.9922373 0.027699374 1.6388508 1.3206697
0.6325592 2.6134348 -0.9054626 2.0649207 -3.6937056 -0.45811495 2.1471205
3.3509083 -2.3364007 -1.8287992 -2.7286325 -0.5734526 1.1155716 1.1750181
1.7764837 -0.12681003 -2.1020863 -1.650289 -2.466358 0.1750951 -1.9495747
1.6638854 0.2851247 -0.7263734 -0.64325213 -0.9996928 1.1355896 1.2822647
0.81222755 0.950173 -2.6789815 0.8678683 -0.3387793 0.15611841 0.7699979
4.2983494 -0.9401239 1.2600214 0.4956827 -3.1332943 0.618679 2.0506659
0.7302495 0.37040633 -3.1216547 0.026622266 -0.08700893 0.4016694 -0.71474344
1.29569 -0.19544955 -0.6078265 -1.210429 -2.2373574 0.80288225 -0.65766054
1.962624 2.785941 0.76887774 1.3341166 -1.7367281 1.4966027 1.6211216
-0.37402916 2.8210902 1.1309855 0.4412326 1.0936693 0.90391684 1.6909269
3.045576 0.13881002 -1.8518671 -0.6976708 -2.1002965 -0.36573026 -0.26976046
4.667646 -1.8433738 0.20138691 -1.3214546 -0.66000795 -0.14123361 -0.77131623
0.89605355 2.2525873 -0.68488026 0.40623957 -3.9551117 1.3161957 -0.60905004
1.9815053 0.21223383 -0.063986555 0.09160033 -2.5907888 0.32734045 -0.93401486
2.1347187 2.344165 -0.15625598 -0.951648 -5.2810245 0.29133943 -0.52505565
0.21790975 1.2732003 -2.857281 -0.6922568 -2.546063 0.11263926 -1.5542281
1.8135011 0.50702316 -1.2076241 -2.161537 -3.206796 0.16996981 -2.4095254
0.41371727 0.91563123 -2.3383737 -0.0047182296 -0.5751219 1.071999 0.0042496063
1.3478929 0.41200054 -1.4344993 -1.5090067 -1.723595 1.0972564 -0.13911507
2.0993338 -0.51305026 -0.39051506 -1.1646992 -0.5255531 1.2059155 0.74365765
3.447691 0.07055418 0.1881492 0.013948232 -3.3962464 1.2326264 0.82541656
0.7328235 0.955331 -3.715456 -0.84412605 -3.8018641 -0.4084365 -1.969932
0.31901783 1.8068355 -2.0664718 -0.059966415 -2.2948494 0.08121349 -0.39312348
1.7554119 0.3691309 -0.46844748 -0.66112316 -2.6447334 0.36440852 -2.081772
1.1445411 1.8936499 -3.4799097 0.74074215 -3.0262856 -0.35275063 2.0653305
3.158095 1.2376091 -3.548895 -1.2151222 0.54553044 0.4463754 0.013457332
2.824992 -1.2656453 0.027278047 0.17460361 -2.9113863 0.7843408 1.4362671
3.5506177 -0.5248085 -0.6769811 -0.6012497 -0.26163647 1.9559007 1.8751686
1.0909407 2.326101 0.54580116 0.4799991 -2.9830425 1.6581595 0.25720027
3.552041 -0.34106645 -1.2171574 -0.946931 -1.1670979 0.9158144 1.8456635
3.2629323 -1.0616764 -1.2726116 -0.7024427 -4.318402 0.24817808 -0.4405928
1.5972655 0.5798165 -2.428434 -2.4545233 -4.0284915 -0.36055496 -1.4298067
1.1112329 -0.3227083 -2.002869 -1.7469075 -2.0829682 0.8321659 -1.8256857
0.37992126 1.1444952 -2.494189 -0.81119657 -2.3380985 0.3160475 -1.9056687
3.8803852 0.71158534 -0.8187827 -1.2427204 0.40468064 0.73612523 2.1799667
0.7544569 1.820413 -1.455284 -0.3345359 -3.7755108 1.0708307 -1.1338866
1.0741805 1.393472 0.41406843 -0.21288726 -1.6248633 1.1816356 0.16675016
1.1881579 0.4715858 -1.2349483 -1.5306091 -2.079929 1.1407552 -2.239795
1.7203575 -2.150961 -0.667696 -1.0218568 -2.553792 0.64843994 1.1776662
1.3110619 1.5493162 -1.1113214 1.0622299 -2.8257484 1.196609 2.5744486
0.2287813 1.1285894 -2.4635825 -0.59784186 -2.4033673 0.21818401 0.27896836
1.5385936 -0.8547831 -0.14528789 -1.3203138 -0.9833223 1.6553533 0.56434274
2.7629986 0.8938076 -2.36191 -1.4622099 -1.0030432 0.83860695 1.315464
1.0555396 1.7755316 -1.870874 -0.7204918 -4.365482 0.23262064 -0.94825596
4.0740504 -0.1351871 -0.70886374 0.28651845 -3.00528 -0.7474679 -1.6303726
1.3823794 -1.3177843 -0.15795149 -1.4408025 -2.1710868 1.0237658 0.06648365
-0.08943097 2.0024605 -0.9902711 0.6986655 -2.6630416 1.3291368 -0.658257
1.9438391 0.46842343 -0.8485799 -0.5622306 -2.9261873 0.43980467 -1.61249
1.4798954 1.6393716 -1.672182 0.2560682 -2.0728502 1.5320392 1.720884
1.6703007 -0.090143934 -2.6684487 -0.24488716 -0.21618913 0.33928898 0.5556075
2.1214771 -0.118684724 1.2349215 -1.430877 -1.4676048 -0.009498936 -2.6019328
4.5413585 0.5723915 -2.0600097 -1.932205 -0.039358594 1.8783346 1.4833124
1.8424834 1.1367987 -1.5267591 -0.9577341 -3.6169815 -0.68695223 -0.58982533
-0.008990783 1.9102961 -1.7605557 0.38544473 -3.6466641 0.66165555 0.48939088
3.6848025 -0.75543374 1.1246228 -0.46448728 -2.785255 1.7610794 -0.5136947
1.890869 0.5342205 -3.04529 -0.96892524 -2.897762 -0.7018831 -0.03188273
1.4306537 0.42639405 -1.1604506 -1.1355944 -2.124831 0.9400235 -1.8839666
-0.0588287 2.1701322 0.39920375 0.77082527 -2.8633008 2.4737213 -1.6624503
0.38197452 0.03926759 -0.1090069 -0.73590094 -1.9006873 1.3446223 -0.69752157
1.8757163 0.42581135 -0.6607022 1.4875264 -3.7552514 -0.27074036 2.3935592
1.5311997 0.482485 -2.4542067 -1.25751 -2.261032 -0.33473602 -0.9735295
2.4875975 0.7039247 -0.7503953 -0.5114194 -4.0373955 0.23937394 -0.9587737
4.395947 -0.6463644 0.97192454 -0.041953653 -2.1218526 0.29887423 -1.2147741
2.2278714 -2.0837321 -0.47860143 -1.1242955 -2.8007112 0.9517538 0.52121264
1.0026034 0.30629987 -1.4250668 -1.1866316 -2.1581683 0.78670824 0.93238443
0.6949661 2.0675275 -0.82497096 0.31973264 -2.0472746 1.3082 0.4508554
1.7891504 2.7166066 0.8470807 0.9610218 -2.323935 1.4914042 0.88341427
-0.30544275 1.5440586 -2.7058222 -0.9391477 -3.0000548 0.9753214 -1.778521
2.0188186 0.46767604 -2.4934714 -1.5430429 -2.0872643 -0.20363756 -0.87725323
0.69072336 1.625515 -0.697783 0.46380296 -2.7329907 0.947053 0.75913185
1.3094304 0.20444696 -0.56001806 -0.47447088 -2.9162493 0.65771174 -1.6013684
1.9252464 0.3313418 -2.7915914 -0.66488934 1.3259063 -0.3390138 -0.22587726
1.4729688 0.6079537 -2.10236 0.06341635 -0.17470227 -0.18147407 0.85340244
0.13224806 1.7736489 -0.38674548 0.13759193 -3.2485213 1.5392028 -2.0826094
2.9097815 1.2660439 -2.9868338 -2.122481 -2.8411279 -0.9956385 -1.1507032
0.49876314 0.5926176 -2.3222435 -1.2335677 -1.7008733 1.2343861 -1.5830357
0.8501359 0.48236603 -2.8414388 -1.5432671 -2.6358864 0.087051824 -1.8336412
0.85924804 -0.051909875 -1.750981 -1.1827226 -0.9594704 1.1090918 -0.7958757
1.7179796 0.48236638 -1.2373621 -0.3447989 -0.22460292 -0.1943023 0.97488827
3.7902446 0.19795732 0.49196336 -0.53149104 -3.378469 -0.9569689 -1.5035985
1.4007167 0.07713358 -0.51874113 -0.76922774 -0.72438157 0.6479721 0.7365497
2.445052 -0.18715186 -1.6012871 -1.2284224 -1.9735092 0.73270243 -0.8043685
2.3085668 1.8048931 -1.1208045 -1.0049719 -4.7420564 -0.63165325 -0.8111368
0.22945835 1.7630084 -2.1401968 -0.15481332 -2.2285237 0.19035102 -0.19680497
1.9649767 0.6850018 -1.7258905 -0.95433974 -3.035863 -0.25971368 -1.8068802
2.7042046 -0.70132726 -4.0443907 -1.166307 -0.0955256 1.0994327 -1.6491228
2.2901933 0.76677597 -1.6559278 -0.62822884 -3.3244715 -0.2753491 -1.6083558
1.3997171 1.4321808 -0.45111755 -1.6763985 -4.516486 1.0586293 -1.8091259
2.3057292 0.08047347 -1.6712515 -1.2655883 -2.1980355 0.59461915 -0.38874462
1.4229469 2.6070385 0.93388 0.5011674 -0.28261694 1.4962876 -0.24438891
1.331304 0.46823865 0.42465875 -0.16932622 -2.2551818 1.0972141 -2.0549998
1.2356795 1.4595747 -1.1696002 1.3851058 0.10035195 0.13720585 -1.1297024
0.50246143 0.9880908 -0.32813743 -0.40138447 0.045719765 1.241415 -1.1200566
0.906782 3.2941067 -0.26289514 0.8035061 -1.0518305 1.522865 0.3220971
2.6190045 -0.07969685 -0.36104348 -0.10722414 -2.2794065 0.33238128 -1.3440995
0.17370035 2.1365824 -1.6099938 -0.2351252 -2.0268912 -0.017631631 -0.79091734
0.81629705 1.6825228 -1.6497524 0.19638261 -1.5972613 1.3468039 1.0529435
3.7259207 0.77270633 -0.34728232 1.1177154 -1.8480917 0.75676966 2.9419413
0.4616992 1.8081918 -2.649554 -0.2905992 -3.9943767 0.15634824 0.31168988
1.3012601 0.18995003 0.53074265 0.07514015 -1.3988703 0.8380302 -2.0735404
1.5513356 1.0134239 1.0546529 0.73196083 -0.1656891 2.135729 -1.2481725
1.2984424 -0.24292512 -3.4608796 -0.6038351 -0.10754488 0.54965293 -0.6595494
0.6766385 1.3272443 -1.8560771 0.5179063 -2.9276936 0.7188221 1.9921776
0.6559685 1.2648109 -2.6580186 0.13902095 -1.3380853 0.8817775 0.7225266
2.3503296 -0.2427453 -2.431536 -0.61473083 -1.0877578 0.7290185 1.716403
1.6076422 0.72050315 -1.611211 -0.66066194 -2.9520407 -0.10238932 -1.5467374
3.9332695 -1.3526345 -0.70944643 -1.4094063 -1.0933806 1.607438 1.6443948
0.7446933 1.4725152 -3.1256828 1.9637716 0.11130705 -0.015877347 0.72947294
2.0941632 0.98096484 -1.6404874 -0.42144367 -1.1569663 1.0803659 1.6383232
1.0231553 1.7296008 -4.0803385 0.50610864 -2.4645302 -0.36642858 1.2741263
0.22892727 2.912431 -0.7771834 1.3998075 -2.7944617 1.2596672 1.2169349
0.55405325 1.5542276 -0.9527147 0.17124525 -2.598657 0.716432 0.3510001
1.6488553 0.2951566 -1.3480922 -0.45327744 -3.978983 -1.0268729 0.41442427
-0.46172595 2.06826 0.8112676 -0.2700461 -1.3523734 2.443071 -1.8229221
0.3618313 1.1602163 -3.605038 -2.0133646 -4.3711543 -0.6778764 -2.3663862
1.5873889 0.4032038 0.18742584 -0.8056421 -0.64634585 1.9692369 0.49093828
2.4104433 -0.28164738 0.107418284 -0.6462732 -2.605767 1.2067299 -0.9792298
3.0347538 -0.8031428 -2.7371294 -1.0989537 -1.4326283 -1.2532625 0.47103313
1.6622303 0.78738135 -1.7799695 -1.0309751 -3.586149 0.051656265 -2.058218
0.6926121 3.3232222 0.4523079 0.5122551 -1.6628748 1.5400627 -0.39520553
2.5883298 -1.3940866 -1.3553774 -1.3529968 -1.8651651 0.9648648 0.3427433
1.512224 1.6813991 -1.7494825 0.6096199 -2.7476552 0.7759372 2.7124639
-0.52001303 1.7700782 -1.0209868 -0.23772833 -2.3847263 -0.65540767 -2.7360709
0.86956996 -0.38325828 -0.5970018 -1.3647083 -1.1393695 0.98950684 -0.7717368
3.4751675 0.13237314 0.38823268 1.0737245 -2.4831486 -0.29791299 -1.6871179
0.430727 1.7730186 -2.5512774 -0.41224948 -3.3506749 0.6282873 -1.1384528
2.4072158 2.427586 -0.18097092 0.7800147 -1.4572493 1.4956123 2.1838639
2.743968 -1.5132195 -3.3819356 -0.4002097 -2.3804035 -1.1885817 1.0941865
0.70366377 2.2873325 0.34608528 0.18777743 -1.6259454 1.6404676 -0.35487494
0.84397763 0.8509477 -2.3479009 -0.44856945 -0.8888378 1.254966 -1.0429854
0.6437935 0.2182502 -2.9666305 -1.3587484 -0.7904818 0.6478428 -0.9426616
0.42992726 1.422948 -2.4890513 -0.4045131 -2.1995983 0.5906066 0.46637228
0.98214763 0.53629285 -1.4155428 -0.8647895 -2.2163687 0.38589725 -1.3346384
1.0051885 2.0610452 -0.6812309 0.6704122 -0.57116854 1.8744673 0.4588864
2.5793443 0.9183056 -2.617938 -0.8506821 -1.1179706 0.33484772 1.7136605
2.3571088 -0.16256686 -0.044989366 -0.66484994 -0.7760258 2.4340818 1.2607467
1.5660827 0.0016080021 -0.94157314 -0.5443102 -3.614201 -0.8083566 0.66059893
0.9902228 1.2067046 -3.196894 0.40765247 -1.2436014 0.5816916 1.3826011
1.451125 2.148188 0.28931376 -0.19284686 -1.3204261 1.3963805 0.17472842
1.4034764 0.91549987 -2.7740872 -0.30359158 -0.8841109 0.6919949 0.91176254
0.8183107 1.5691782 -1.2143861 0.318755 -1.2944607 1.0032637 0.25270632
2.6823053 0.38211247 -1.7321799 -0.82731706 -2.3474863 0.11065759 -0.6339179
2.9672902 -1.1432664 -1.0672997 0.49709275 -3.597839 -0.17058574 2.198153
1.451599 0.756255 -0.5771496 -0.42711538 -3.4999619 0.7820344 -1.2751626
4.133076 -2.4249368 0.6759573 -0.39093247 -2.9863546 0.82758915 1.3888253
1.5217173 1.8211977 -0.67342055 1.1976464 -4.0359664 -0.7712846 2.4882584
2.9762528 -0.20196696 0.20165537 -0.6643926 -0.20176248 2.342048 0.7210842
0.5451947 1.2796936 -1.3438444 -0.49078232 -1.4756267 0.83041346 -0.29980466
1.1052562 1.9557648 0.13649629 0.46417034 -4.2881913 1.8457361 -0.15920994
0.5592623 1.4932308 -2.115007 0.3486075 -1.7426993 1.4744165 1.6543577
2.024564 -0.77619964 0.2878749 -0.6034034 -1.7017373 2.2801185 0.5770682
2.4690752 0.48520017 -0.7469029 0.020075828 -0.9633744 1.5359505 1.7728478
2.1336412 0.83994716 -2.3519194 -1.2602658 -2.6470633 -0.69508547 -0.9370566
2.2209044 -2.1224518 -0.2417052 -1.5910908 -2.368946 1.3919506 -0.024065223
0.9312928 1.3092401 -1.536941 -1.2613794 -3.8611581 0.43820465 -2.2408934
1.9357275 -0.5123634 -0.73179567 -1.6664407 -0.23355113 0.5020025 0.4691322
2.4808855 -2.3920999 -0.5835426 -1.8175347 -2.3035545 0.84931827 0.2841467
2.4281306 -0.35549468 -1.3399067 -2.2429576 -2.3223667 -0.14139204 -1.8871627
2.252057 1.6389307 -0.08753206 0.17594048 -0.6139618 2.264589 1.6598282
0.1593609 2.1424415 -0.72348285 -0.105899274 -1.4432698 1.5025347 -0.4784045
2.7897413 -1.6104381 -1.6912229 -1.7491255 -0.74528027 1.0802855 0.74404925
1.2245249 0.5405759 -2.293628 -0.65996206 -2.6451588 0.13842131 0.78946364
1.8728341 3.091124 1.3116755 0.71707547 -2.9654818 0.7885033 1.1167253
2.9084427 -2.4662871 0.44021186 -1.4320889 -1.7906383 1.8980176 0.45267525
5.3342595 -0.8432068 -3.3638928 -1.0332425 -0.3285707 0.6340662 -0.43556806
0.738981 1.8614783 -2.042661 -0.31193092 -2.9933481 0.6624185 -0.06619486
2.4224756 0.96907467 -4.076534 -0.9502369 -0.4218174 0.30501482 0.19284454
3.5391192 1.0207642 -0.022014398 0.23609754 -3.4631388 0.9576832 0.22352925
3.7838545 1.0264335 0.6258733 1.3296862 -1.2202694 0.5052052 -2.5801873
1.6090424 -0.3522889 -2.7663157 -1.2891287 -0.8341434 0.646993 -0.47809097
1.0707419 0.43547213 -1.3678658 -1.2149687 -2.0010073 0.8635665 0.83793205
3.5383544 -1.9588587 -1.3968811 -2.8454654 -0.699054 0.7760376 1.309082
2.1808288 -0.84447974 -0.07713069 -1.2386949 -1.4897848 2.5236237 -0.057306018
2.1016648 -0.7420569 -2.1757522 -1.1051242 0.23152198 0.3196011 0.30140355
1.4356737 0.35781705 -1.6997426 -1.0878805 -0.95568013 0.6129085 0.29430774
0.9925827 0.8120106 0.089183554 -0.07804568 0.021602534 0.84835374 -1.8425808
0.1864431 2.41671 -1.7061038 0.20006546 -3.7463176 -0.36121866 0.37004688
1.5132349 2.7863035 -2.5311232 1.4484578 -1.0959569 -1.154499 0.6198879
2.4756021 2.543029 0.146008 0.5678376 -1.3179823 1.745244 2.1518297
-0.049956966 2.5156567 1.7354228 0.6684172 -2.4386678 2.198912 -1.7779207
1.85146 -0.7024434 -0.81015545 -0.88451934 -3.2437882 0.0063248454 0.81653816
3.3485174 -1.1061374 0.07046352 0.5980601 -3.0984712 0.40796056 1.6320727
0.7742874 1.0780641 -3.9765453 -0.79384357 -1.1914083 1.0932065 0.3303732
2.395484 0.70692647 -1.7198865 -0.3581713 -0.07082794 0.22279681 1.1885247
2.4652762 0.5107234 0.5094135 -1.0171523 -4.2801194 -0.62770367 -2.155484
0.83577573 0.7482038 0.68592906 -0.034683257 0.77042663 0.056960363 -2.2432382
1.1714845 0.3322033 -1.6759241 -1.2912047 -2.0819843 0.6194088 0.84055084
2.462301 0.5775402 -0.14419891 -0.09708688 -1.240134 2.6200278 1.7642736
0.32536712 1.4447949 -3.2600672 -0.926699 -3.605712 0.7007952 -0.5695693
1.5188048 1.0940071 -2.1724622 -0.26692918 -1.3458415 0.73694533 1.1881967
2.9733756 -0.38342494 1.0316534 0.08023229 -2.3519042 2.4156897 -0.5010215
1.4033202 2.695864 0.07665728 0.62061405 -1.4386219 1.2019237 0.6438789
0.6515299 2.6223662 -0.26750997 1.1101099 -4.0650926 -0.6149734 0.66809326
2.2212095 1.4657147 -0.6977389 0.37103906 -4.3215833 -0.34097147 0.0028270816
-0.7347014 1.6131815 0.5823262 -0.28444883 -1.0092264 2.851268 -1.8480098
0.8846894 1.0875876 -1.1334509 -0.35602683 -2.7604034 0.26143607 -0.36112186
4.849155 2.0456178 -1.7886425 -2.6507127 -3.8665957 -0.76146185 -1.913394
3.6275008 -1.5226165 -3.0978253 -0.96607196 -2.563192 0.1992798 1.6992795
1.1356941 0.28858513 -2.0193129 -0.9095483 -0.7410981 0.46005252 0.044099126
0.5031072 2.171556 -2.7785883 0.5650749 -3.5581837 -1.1279446 1.6901208
-0.029027808 2.0123715 -2.039441 -0.10921812 -3.1686254 0.9202638 -1.0300153
-0.0050331242 2.2074318 -1.2287494 1.2072674 -3.2100334 0.15359844 0.9902495
0.45604062 2.19865 -0.8162024 1.5025228 -2.443476 0.64399314 1.7897285
1.198005 0.01484584 -1.973655 -0.281397 -3.338491 -0.5551163 0.9589413
0.8994921 0.40361762 -0.9938531 -0.5686104 -2.7337449 0.36369428 1.287466
3.7466173 0.63794523 1.5018142 -0.0415574 0.11842074 1.963105 0.029178772
0.9445684 0.52413434 -0.065999284 -0.019989282 -2.6423695 1.1654954 -1.0330508
0.6888361 1.3900592 -1.6038423 0.5713125 0.31639042 1.1701694 0.16368607
2.7420113 1.6753744 -2.639993 -0.46106753 -2.156706 0.2916756 1.9719552
2.9242046 -0.08469005 -1.1612246 -0.44658276 -0.22456537 0.3867654 -2.4135828
1.8904029 0.5771098 -1.998251 -0.23761037 -2.7982523 0.6016004 2.3124177
2.2645319 -2.3193889 -0.46052837 -1.9235325 -1.6285546 1.0748041 0.8107137
4.2544723 -0.37760973 -1.907718 -0.10918501 -5.441261 -0.34484372 -0.56248736
1.0027894 1.8970716 -3.8579216 0.37945947 -3.3537908 -0.9840534 1.3697388
0.36425328 2.7944188 -0.2686477 1.3261757 -2.5630054 0.5473006 1.5380008
1.0251037 2.7923586 -0.669163 0.64225054 0.14514841 1.8832586 0.7166334
1.6989855 0.9413856 -2.427897 -0.96827424 -2.5730743 -0.9177989 -0.95938385
1.0103604 0.91362995 -1.0382843 0.058217138 -2.734611 0.56171644 -1.5833753
2.2369614 1.8288321 -3.2825701 -0.12950107 -2.5833476 -0.160246 1.8728504
2.0579166 0.26319632 -2.7267077 -0.77386665 -0.7041215 0.44599363 0.8376842
3.1359105 -1.5714555 -0.7479049 -1.0078461 -2.2794137 0.95698094 -0.15203616
1.9563963 3.2179968 1.5288069 1.0852944 -1.8392285 1.3600159 0.6818177
1.504962 1.0929103 -1.3345077 1.2909153 -5.0531974 -1.6230133 2.21742
0.76215535 0.56363696 -3.1140392 -0.66281974 -4.1767564 -0.020616572 -1.2939196
1.8509111 0.2790864 -3.3719652 -2.0504038 -1.508432 0.046433616 -0.82644325
2.370888 0.15809332 -2.383198 -1.3018954 -1.533415 0.20071603 -0.76559025
2.0237775 0.25077504 -1.3386052 0.16049655 -5.248739 -1.8600683 0.61829406
1.5290364 0.932535 -1.9658661 -1.0300236 -3.932742 -0.36235723 -1.4453849
3.346394 -0.14922808 -1.1524861 0.4071149 -5.8458366 -0.2852958 1.8228881
4.1813607 0.3665663 -1.8522257 -1.141465 -3.5836864 -0.56965536 -1.1588128
1.1021861 1.1132665 -2.01409 -0.026647419 -1.2675688 0.5988793 0.67888933
1.8100768 -0.08643766 -3.7919207 0.31415108 0.5878384 0.45816627 -0.57178825
1.0384454 -0.10162301 -0.58072186 -0.55856544 -2.4026296 0.545833 -1.4857421
4.293027 -0.43108606 -1.931012 -0.059195906 -5.097145 -0.28488466 -0.8889047
1.9700954 0.717301 -2.0357535 -1.2176412 -3.8388343 -0.88159776 -0.7742644
1.7627165 0.983673 -3.8029358 -0.1945264 -2.0248272 -0.34290466 1.4994589
3.9731314 -2.0752788 -1.5785124 -1.7870233 -2.6421866 0.7853435 1.2458106
0.68727684 1.4414304 -0.8246236 0.496264 -3.258667 0.46925327 0.12162927
1.2407638 1.0010091 -1.8675617 -0.44278058 -4.5778995 -0.6775128 -0.2677035
1.7702647 0.6061116 -1.4941047 -0.9489022 -3.7326684 0.5541359 -1.9499648
3.1212335 -0.8808667 -0.76218283 -0.7932289 -3.4314299 0.80505574 -0.59460765
1.6853038 0.87109333 -3.2502148 -0.96028835 -3.6128073 -0.49117276 -0.1468595
1.6655991 1.6366875 -1.420079 -0.55972034 -5.340713 -1.1612556 -0.4752595
1.1125306 0.65705305 -1.4576931 -1.3015914 -1.9204773 0.878396 -0.6223947
1.6561996 0.1775289 -0.05041029 0.03633842 -2.3367805 0.3882073 -0.9387715
1.3444937 0.27493662 -2.6075509 -0.6142223 -0.5893941 0.49152395 0.21477595
1.8440126 0.9291908 -2.4652014 -1.2944969 -3.2214203 -0.77731335 -1.0968459
0.10889317 1.2729474 -3.138944 -1.0053211 -2.7188349 0.8846208 -0.5351686
2.4718993 -0.25911146 -1.0399224 -1.0242307 -3.5352829 -0.15176623 0.117954046
1.8605757 0.36849982 -1.7069427 -2.6251457 -4.001051 0.037964363 -2.2756
0.2560765 1.4457239 -0.74985456 -0.67940605 -3.6399944 0.59423614 -2.1357102
-0.68508 1.7995114 -2.5071146 -0.7405563 -3.6938076 0.41427192 -1.3585958
0.7137321 -0.25114316 0.5455966 -1.673902 -1.0128113 -0.28270254 -2.3264213
3.7072341 -0.5965981 -0.2873768 -0.27500418 0.68865526 0.7756062 -0.53730625
2.9915113 2.8270438 0.3228502 1.8593892 -3.8068256 1.1297648 1.8233569
1.2409219 1.1672032 -2.139146 -1.0548997 -3.8548183 0.12433131 -1.9154377
2.6682837 0.97934014 0.87850165 0.37220338 -1.5673777 0.9611927 -2.4451888
2.6923723 0.15340953 -0.8708296 -0.944875 -3.7109084 0.029296357 -1.8666157
1.0864253 0.78042036 1.6581382 1.0331333 -0.14011656 1.5059702 -2.4284577
4.284104 -1.4996107 -2.9798002 -2.761516 -1.8577001 0.6559695 -1.0383434
1.773547 1.0691005 -1.2334324 -0.041985184 -0.6639827 0.13796891 1.0351408
1.7533087 0.10541992 -1.9980261 -0.66766024 -0.46509704 0.20326377 0.62940794
1.5740191 0.8639901 -1.6921978 -1.4770696 -3.7939692 0.48549557 -2.2108674
1.244785 0.9338059 -2.0771034 -0.7838817 -1.7911854 0.7088449 1.1946585
0.9192487 2.1102064 0.7537651 -0.2570715 -4.4085207 1.5960138 -1.4567986
2.4489796 -0.15319033 -1.2177668 -1.3222854 -0.48885044 0.3677049 0.99298316
0.31338537 1.0458183 -1.7657166 -0.26076266 -0.9378611 1.2684779 -0.33284375
1.8380636 2.5612605 2.1385028 0.727927 -0.34208402 0.17306377 2.682945
0.1855817 2.3493786 -1.1242878 0.23263745 -1.8597089 8.251052e-05 -0.49201962
2.580795 0.3294533 -3.1231298 -0.8223891 -2.8811302 -0.955546 0.061997805
4.662264 -0.74569774 -1.6755288 0.1362367 -4.79395 0.07790126 -1.1928129
