1.4329951 0.043247152 0.044142943 -0.70561326 -2.4472995 -0.25997594 1.5299388
1.7660698 -0.6933624 -0.01897015 1.517793 -1.4703605 1.0661135 1.2182208
1.8634046 0.4187101 -1.3017437 1.4659866 -2.941034 -1.0602587 -0.43596634
2.2302628 -0.41080612 -0.2988539 0.45064154 -1.7072908 0.18163647 -0.13043681
4.2531023 -1.2581778 -0.42560503 1.2465756 1.3293462 -1.772089 -0.34778914
3.0552654 -0.9696545 0.7466806 0.4495997 -0.15356235 0.4140431 -0.27761674
0.9879737 0.21504264 0.10339783 2.3587298 -1.9743693 1.0008986 -1.5145416
2.2422905 0.52508813 1.0821161 -0.856007 0.11912241 -0.30533513 -0.3756546
1.1510091 2.0781963 0.4607422 -0.052562438 -0.22782765 1.1461794 1.3456852
2.9734957 -0.116623476 -2.75169 0.98814315 -2.7028117 0.49885884 1.3653902
3.9311063 0.18393736 0.9543773 -0.13013977 0.8589884 -0.26175854 2.6228213
3.9538832 -0.2457967 -0.37796 1.946659 -4.123196 0.6392287 -1.1314515
2.629006 1.3652711 -1.5056727 -0.88956845 -1.9935447 -1.190414 -2.8768506
1.3293686 0.21852927 -2.312783 2.0101693 -0.5219904 0.07624684 -1.4789112
2.7931113 -0.93370545 -0.14625897 1.0108387 -1.3260455 0.35152343 1.4313518
1.8514417 -0.16402878 -2.1619213 0.4742609 -1.5975796 1.3767036 0.86028737
4.814874 -0.99686724 -2.1929228 -0.121935695 0.36800155 0.97493815 -1.1176687
2.6480408 -0.6326351 0.3168107 1.0465364 -2.8973446 -0.52394867 1.484286
1.5256191 0.49382007 -2.4576633 -0.25933382 -1.6589742 1.433692 0.9328194
1.3368818 1.5799911 -1.8485711 -0.47432125 -1.2819911 -0.2693456 -1.7530434
2.9856412 -1.1277442 0.16963159 0.91734433 -1.7983607 0.55762357 1.1065693
4.978688 -0.7263264 1.4294705 0.08617923 0.6232989 -1.8352374 -2.1929808
2.7503319 -0.4059133 0.72091377 0.61838245 -0.0006407874 0.1726469 -1.4888375
3.342667 -0.1607203 1.096263 0.135569 0.15389962 -0.0869001 -1.4968402
2.9666793 -0.7258834 1.0264907 -0.1257717 -0.8063381 0.7902942 0.033565197
2.3054519 0.7644895 -1.14599 0.97767 -0.044368364 1.2070452 1.3097677
1.473415 1.4559655 -1.2613838 1.1805416 -1.7842463 0.9193176 -0.8320982
1.4218191 1.3078758 -0.39462665 -0.5076894 0.41935983 0.71998024 -0.13878056
1.2816054 1.813969 -0.016002197 0.81226844 0.64881694 0.2459686 0.48266152
1.1285951 -0.545663 -1.2676392 2.088136 -2.4242523 0.9482467 2.0404634
1.6668168 1.463584 0.81846476 -0.7793875 -2.8554223 -0.80385983 1.3834925
1.880006 0.6501333 -1.3612444 1.108525 -0.62792164 1.2339518 1.0756632
1.088394 -0.47306424 -0.60069263 1.0668486 -1.8771576 -0.017875295 1.3072327
1.7461641 -0.94862133 0.0766096 2.0873954 -3.277165 0.6150261 0.28850618
3.3558166 -0.69512165 -0.62658834 2.0238292 -3.4397168 0.4612222 -0.15219769
3.5077565 -0.3007208 -1.3584573 0.7263644 -1.3512604 0.2450067 1.8277609
1.494788 0.511469 -1.4787949 0.90389556 -3.3003945 -1.5893328 2.8527908
1.4064848 0.4201308 0.8997793 -0.40135953 -3.8298674 -1.1370299 1.5588388
3.7458699 -0.73223776 -0.30789068 0.33055612 -0.9968797 0.3693253 -0.6007786
1.3856363 -0.06876393 1.5484576 -0.64825153 -1.5624921 1.5794091 -0.35716859
1.252962 -0.08600767 -1.5929699 2.547427 -2.0777836 1.0104319 -0.34115884
2.945537 -0.81955343 0.05965958 0.99496746 -1.463383 0.5730785 1.7528393
1.7646853 1.4798577 1.277756 0.4029407 -0.9597795 0.37111643 -0.008712675
0.6174719 0.7601264 -1.3827693 1.4222596 -3.2748525 1.1944592 1.5663177
0.6951157 -0.29197544 -0.6824919 1.2721657 0.5956969 1.0387594 -0.9623794
2.6999795 -0.84771866 0.33176646 1.1804491 -0.25572094 0.4518713 1.6316476
0.65633523 0.25843048 -1.1570171 1.6413174 -2.4407692 -0.3585126 2.754785
2.7998877 -0.8500516 -0.4410315 1.6775045 -3.774758 0.33124354 0.5966763
1.9275352 -0.00011224754 0.9699737 -0.53752005 -1.3937593 1.0318532 0.7355441
2.5316992 -0.18384118 0.61752987 0.57339275 -0.14633904 -0.8775916 0.889894
0.87683064 0.13257842 0.30758974 -0.21908605 -1.0340861 0.8630879 0.027076695
0.87351775 0.1419516 -0.9066917 1.6486576 -0.110321976 1.0350156 -0.510699
1.8995907 -0.39854616 -0.21922971 1.4633856 -0.9411533 0.42334607 1.0961809
2.7118025 0.77967805 -0.7102443 0.12205139 -1.1916775 -0.79942036 1.9631577
1.3862433 0.48601228 -0.37917402 -0.33819315 -2.7543368 -0.0021877112 1.0372574
4.693574 -1.0987239 -1.0006236 1.0917879 -2.0945542 0.90167075 -0.16054386
1.2131081 0.68350494 -2.0658453 0.39555672 -1.6051269 0.6751714 1.3379915
1.0540879 -0.10944815 -1.1272292 2.7138236 -2.5680575 1.3468803 -1.8081598
3.354839 -0.48912185 -0.9705813 1.1312315 -2.7976904 0.49632087 -1.5964379
1.0486003 0.5843938 -0.39179733 0.39752254 -1.3006766 0.0045504747 0.37801704
3.0120125 -0.45299911 -0.7633891 1.8474075 -3.8245316 0.14972831 -2.0969849
1.1840233 -0.17462488 -0.19292046 0.11668411 -1.1299407 0.66064465 1.2062821
1.5027267 -0.5235197 -0.21668614 1.8735278 -0.5530539 0.16163065 -0.14858088
1.5870477 -0.16045757 0.05589245 0.19172528 -1.4823995 0.95457554 -2.7907872
2.692329 -0.8731343 0.60437346 1.1938429 0.41110012 0.93281573 -0.43883827
1.445914 0.2838537 -1.8263513 2.4962304 -3.1957636 -0.51505643 -1.2347524
0.89225376 0.716252 -1.0849376 0.91536963 -1.5631572 -0.6791595 1.2584935
2.3812437 -0.53164095 0.7967571 0.52951825 0.9348533 0.9520004 -0.5840283
0.39946496 1.0634258 0.8732394 -0.61375046 -0.93181145 0.6278163 -1.5972395
1.8436984 -0.38832504 -0.18040158 2.3474038 -0.13749777 0.62403256 0.60386443
0.6295644 0.72339183 0.77864933 2.5008276 -2.0434942 1.4565237 -1.8796237
1.288053 -0.7280163 1.3461221 0.676081 -0.8361734 -0.37899914 -1.8015287
2.4713655 -1.181256 0.003923636 0.8665259 -2.0773823 1.1726831 0.9743997
0.7272618 -0.16888209 0.21759008 0.39570788 -0.825784 0.42017075 -0.9129994
1.137152 0.6348097 -1.1002003 1.4104346 1.2398872 0.84115696 0.6622159
1.225912 1.4276879 -0.31202558 0.9601911 -1.0441511 -1.129225 0.49916247
1.296931 -0.059117507 -0.122070566 -0.12191805 -1.4467536 0.87628317 0.36783054
3.125471 0.22690247 -0.60642684 0.037133366 -0.9308365 -1.7983092 2.1989188
1.2278279 2.1303363 -0.8418608 1.0678892 -0.61423624 -1.043865 0.4859436
2.510718 0.9985786 -1.4822134 0.5977423 -2.337197 0.24933596 -0.5902104
2.3361702 0.21737592 -0.58637947 0.8485377 -0.6863222 -0.09538089 1.6487461
2.7460203 -1.1699922 0.36644217 0.37583545 -1.889906 0.53675896 1.3223433
2.5105026 -0.34934574 1.0219784 0.0018367539 -1.3763319 0.89501786 2.414464
1.483884 -0.7615785 -0.43813744 1.4633176 1.0995697 0.40304837 -1.2019713
1.8206984 -0.20335878 -1.5427951 2.6493442 -1.4887041 0.39218333 -0.5650365
2.2513301 -0.88159794 0.23683928 -0.69006425 -1.2088792 -0.44407514 -0.537689
1.814286 1.1648875 -1.6755167 0.38518646 -3.736007 0.46778265 0.52109534
1.9305646 -0.9164434 -0.7433078 0.62292 -2.0826705 0.65456414 -1.9825897
1.0623018 0.87848467 -0.041650552 0.030388743 -0.69170153 1.1888103 -0.27493778
3.0010436 0.23013656 -0.51526046 1.3512418 -3.7427049 -0.16654693 -0.9925155
4.1615987 -0.43032563 -0.44013628 0.5058509 -1.9670893 -0.1418464 1.5827657
0.9850702 0.2571941 -0.4317117 0.43038866 -0.7026938 0.8343992 1.0880244
4.169519 -1.2723938 -2.2196922 2.5446744 -2.758823 0.09037329 0.021503482
2.8619046 -0.7866797 0.36941478 0.9176173 -2.2079036 -0.16223536 -1.1683173
0.92153966 0.52716094 -0.88262916 0.3759208 -1.3151757 0.006878632 0.88953805
2.8792996 -0.09531812 -0.2913712 1.1116793 -1.1404094 -0.05344687 0.8041703
3.05521 0.23600017 -2.5499876 -0.34865463 -1.8869909 0.13045533 0.28346458
1.3501624 1.4357588 -0.5800024 0.14821598 -0.601931 0.45948127 1.4380714
1.2890807 -0.15789087 -0.5868609 2.124472 -1.4928035 -0.8707745 2.073861
3.6694946 -0.72419685 -0.5921129 1.898114 -4.0256243 0.5763242 0.17987707
3.1609437 1.5785019 -0.121441856 0.17362049 -1.0231683 -1.3722413 3.649593
2.814775 -0.9794962 -0.88548714 2.303152 -2.0316215 -0.50136006 1.062278
2.9928083 -1.0716064 -1.4956061 2.1374147 -2.3363552 -0.7405691 1.2159874
1.7147633 -0.107616976 1.1783133 0.66860056 -0.58342403 1.0721753 2.7141461
2.863267 -1.363859 0.106914744 1.7914568 -0.47213772 -0.3343403 0.558461
1.2905209 0.23083608 -2.0906324 1.6704538 -1.5150987 1.007807 -0.13124666
0.85545516 -0.021520209 -1.0046518 1.6575444 -2.3342004 0.5537487 1.3607428
1.9055754 -0.7589819 0.7238189 -0.04248908 -0.37890747 -0.046386164 -1.166143
2.287637 -0.9436266 0.22453319 0.46907791 -2.143445 -0.09209798 1.5603701
1.6667212 -0.5183882 -0.58040094 1.4928315 0.5308028 0.44434854 -1.8027058
3.104558 0.85671705 -0.92748356 -0.010198206 -0.6927047 -0.12734865 2.3029785
3.2336147 0.46168685 -0.99626744 0.28162768 -2.2196257 -0.5551541 2.3242695
3.3617222 0.84869057 -2.4101026 -0.002940983 -2.401495 0.9505379 1.3743372
1.1591562 0.927097 -0.54316735 1.2441093 -0.7478059 -0.8353908 0.500346
3.0204678 -1.0347483 0.2054243 2.1872103 -1.755772 0.1985432 1.3244405
3.724711 -1.3926497 -0.045454163 1.2208052 -2.0993433 -0.25384572 2.0043898
1.6797793 -0.061207008 -2.078347 1.6279627 1.0627726 -0.65651006 -0.839336
1.2017822 -0.6170971 -0.23299743 1.9800358 -1.7288591 0.21600105 1.8594729
2.0268013 0.18867593 0.8885231 -0.5519622 0.5058805 0.34736267 -0.12949947
2.8290832 -0.5916503 -0.5466908 0.43194368 -2.217868 0.30736443 -1.7271568
1.5499866 -0.38955826 -0.026790876 0.3846356 -2.9145827 -0.10899629 0.92148143
1.9098577 1.493068 1.1827893 -0.31700358 -2.1836252 -0.27903745 0.84438556
1.7280384 0.45760423 0.27104995 0.5209003 -3.3518705 -1.048671 2.1579914
1.0549089 1.2205198 -1.8023005 1.9814199 -1.6916088 0.93302965 -0.57303244
0.7643451 1.0826683 -1.5716405 1.7703555 -1.3140663 0.7617717 -1.4308891
2.3048284 1.0303786 -1.1774925 1.0911038 -2.0548117 -0.031177264 2.1760082
2.237029 -0.011281085 -1.0380485 1.9566188 -3.1678877 -0.36093256 0.07756707
0.82951313 1.1772712 -0.8914635 0.8624056 -0.1494386 0.75429285 -0.99723786
0.825058 0.15195827 -1.7781438 1.6843345 0.07081034 1.1422714 -1.5331318
0.5381829 0.100600645 0.008114319 -0.088225484 -2.0257149 0.7738761 2.5744414
2.9492085 -0.51568633 -0.5432297 2.1295142 -3.0805564 0.7001223 -0.49151656
0.49499863 -0.13393946 -0.6645336 0.93490803 -1.1070398 0.82263523 -1.9267455
2.3335142 0.7423391 -2.1293654 -0.36216405 -2.4817586 0.40536258 0.47984335
2.4542348 0.9507823 -1.4270724 0.10222711 -2.7075157 0.0688106 0.1798456
2.4894671 -1.4573114 0.9325695 2.2569747 -3.5723963 1.2390594 -1.438352
0.787752 -0.03251047 1.2819079 -0.0042115753 -1.5551 1.1851294 -1.4743183
3.0967963 -1.3361421 -0.6300336 1.7472175 -3.3831258 0.81036603 1.9253154
2.9024973 -0.8388738 -0.29619494 1.5210674 -0.60423267 0.22980477 -0.5687571
1.5077735 1.5457405 -0.804456 0.46240404 -1.3986751 -0.42338237 -0.6823091
5.047006 -1.8952913 0.16183107 0.80531275 -2.8826835 1.0454303 1.131123
1.8021238 0.3106938 -0.85712326 0.581488 1.1014518 0.47098282 -1.094918
1.1361336 1.3969915 -1.0403826 1.7595512 -0.7519007 0.15510727 -0.4311807
1.3235785 -0.22657211 -2.1928275 2.241804 0.037076615 1.5069202 0.050677095
1.1035603 -0.040879916 -0.359561 0.58976555 -0.528643 0.9567572 1.1894351
3.0472884 -0.09693332 1.2456962 0.041336745 0.23789753 0.14726914 -1.6017675
1.4538261 0.4982999 -1.0000412 1.1220411 -3.2490044 -0.411325 -2.2058625
3.7241857 -0.45676225 0.81876135 1.0182697 0.5193721 -1.5144012 -2.159118
2.239817 -0.4569152 0.3967528 0.9751574 -3.7499804 -0.5133787 1.5170225
1.098211 -0.8452522 -0.43832925 1.412259 0.89102435 0.8243038 -0.55734783
3.6046152 0.49125135 -0.9715768 0.22010425 -1.9046367 -0.4635894 1.7165895
1.6557683 -0.32400984 -0.30948403 1.7446398 -1.4416658 0.75142646 0.5445035
4.2550445 -0.627449 0.71233666 1.6925778 0.091084264 0.074806824 -0.85437727
1.1058921 -0.3703975 0.9123348 1.0412159 -1.672614 0.83251417 -1.1698389
4.039149 0.029189993 -0.12932749 1.1327562 -0.17559992 -0.74977994 0.5278705
1.9146093 -0.6235062 -0.646101 2.200835 -2.3134003 0.82985044 0.6430135
0.64106953 0.994422 -1.26165 0.5390117 -1.3299283 -0.6634563 0.84496814
2.9190526 1.1719298 2.4861338 -0.5716843 -0.23832212 -0.15296434 0.36610666
1.9238657 -0.008107317 -0.5934994 2.7746983 -1.6066991 -0.014539939 1.6624167
2.4222138 -0.84543544 0.7540605 -0.48302993 -2.0393715 -0.55440307 0.41214266
1.404476 -0.68756515 0.20790838 -0.08320132 -1.4150759 1.2699915 1.7374992
1.8717812 1.1088352 -1.2961124 0.78426474 -1.9617763 1.2964242 -0.65566653
1.5337735 1.1890228 0.262243 0.58394897 -1.668493 -0.41852102 -0.27005073
1.2827729 -0.42445368 -1.7450333 1.3783731 -2.0196092 0.740806 -1.4406174
1.471814 1.0538398 -0.2461188 1.311502 -1.1076761 -0.24715565 0.00758091
2.0698647 -0.24854662 -0.21991993 1.8393993 -0.74456614 0.6468991 0.9263094
0.9400059 0.0269938 -0.61501265 1.0674793 -2.0146482 -0.23877595 1.9996899
1.6132603 1.7701257 -0.10627438 0.22227287 0.33040944 0.61811376 0.5123549
1.2257966 -0.42436594 -0.5702745 1.1466674 -1.6193291 0.32997814 0.7710472
2.3266635 0.0027928827 -2.3641143 0.7765954 -2.7363544 0.36349657 0.9944609
2.1903646 0.04985969 -0.28020325 2.1577957 0.11412873 0.35453346 1.057276
2.700471 0.37131816 -2.1683662 -0.79528296 1.3474596 -1.300408 -0.30898032
2.0543191 -0.40454906 1.5396608 -0.4077597 0.20870711 0.7573129 -1.7248585
1.3463877 -0.38162452 -1.4917433 1.8593037 1.1224563 0.5678445 0.24053207
1.0716213 0.869139 -0.30075577 -0.6283551 -1.9984256 0.34466878 1.1939148
1.3831679 0.2364953 -0.49300888 0.8789302 0.96837807 1.1410155 -0.0687345
2.6825838 -0.29191357 -0.7108403 2.7884445 -1.6757491 0.012446421 0.19082591
1.770985 0.036816273 -0.8698156 1.8779669 -1.420878 -0.56385446 1.8245713
1.5726256 0.03357892 1.3553934 -0.293366 -1.565239 0.8856468 1.2667339
4.1814046 1.3498747 -0.81536007 0.19156733 -3.1754525 -1.0679595 -1.2326908
1.7207981 -0.34156412 -1.0220838 1.127425 -2.749362 1.3050313 -2.875492
3.374858 -0.9743547 0.060753446 1.3873224 0.7788086 -1.207819 -1.1049147
1.1525795 0.8865783 -0.6019206 1.129721 -2.6693866 -0.5318049 2.140628
4.4253063 -1.4480048 -1.2170944 2.911844 -2.00839 0.60015106 0.8029042
1.0343353 -0.17516883 -1.1713754 1.8701841 -1.4288347 0.112958446 0.7134945
1.6273555 0.07850584 -1.9754921 1.7572602 -2.0508115 0.1159115 0.560291
1.6100506 0.014221105 -1.0822908 1.3444135 -2.2599587 0.6852759 2.617984
0.95650804 0.051396746 -1.7943761 1.4352391 -1.3369272 -0.100701556 1.4638889
4.5455117 0.43561107 -2.0050137 0.76785433 -1.4488509 0.3623505 1.7721008
1.5029427 -0.021822762 -1.4556732 0.6035864 -3.7111301 0.27800718 1.9602008
3.958149 -1.382153 -0.14914526 1.4487923 -2.1903703 0.30457905 1.2005212
1.9442652 2.2850292 0.6450515 0.8441275 -1.7631304 -0.49006268 -1.146302
1.06714 -0.10026975 -0.6961609 1.4625645 -2.0997624 0.68363714 -0.11773965
5.7848983 0.29759628 0.42006275 0.8581218 -1.1529852 0.41735396 -0.894732
2.603801 -0.7425733 -0.27628186 1.5159957 -2.8053446 0.6885501 0.43754384
3.4998932 -1.1782578 0.50191426 0.7954769 -1.6837617 0.51569206 1.2630845
1.809873 1.2383181 -2.111209 0.3398346 -1.8641524 0.71278 1.6543996
3.1968563 -0.95249313 0.65329397 1.8598934 -0.0150017515 0.2246976 -0.45073435
1.154778 0.26863772 0.5923741 0.5496157 -2.541795 1.4144347 -0.4702532
1.0439454 0.8353136 -0.7346306 2.3571928 -2.734777 1.0839018 -1.4689088
1.6802648 -0.21529754 -1.4808841 2.2670295 -3.2075276 -1.2079428 -1.5583537
2.1002614 -0.5962512 -0.98135114 2.1058042 -2.6493487 -0.025146466 0.40079632
2.665013 0.081964284 -0.5008181 0.56480336 -1.4448197 -1.762311 3.1798525
0.8834964 0.2748285 -2.024686 1.7789242 -1.6354853 0.78212965 -1.3222709
1.2260005 0.9955786 1.7561722 -0.6745568 -0.6410886 1.1237323 -1.1361046
4.1749353 -0.20879395 0.4049966 1.925096 -3.392598 0.02596869 0.7879477
2.6868644 -0.58729523 0.10972367 1.9122676 -1.6635903 0.52955127 0.82280123
5.157942 0.5646611 1.288611 0.74697083 -1.255782 -1.3244853 -1.3304559
3.9691339 -1.1452156 0.5716392 1.1837373 -2.2343898 -0.14181922 1.222085
0.852941 0.623593 -1.7283406 1.3878763 -1.0865508 -0.2619618 1.4276533
1.7040013 0.15553066 -1.1636776 1.104134 -2.3215103 0.4863563 2.5791802
2.0929193 -0.6245224 -0.5482539 1.9326607 -2.6711335 1.2102816 0.06758228
1.7453145 -0.83242446 -0.54935515 1.6984662 -2.0926452 0.7135834 -1.7381573
3.8841665 -0.13672633 2.259001 -0.123639554 -1.6481684 0.7376492 2.2868385
0.80637324 -0.03335304 1.0606214 -0.37956938 -0.84429705 1.2297139 -1.0570256
0.84052974 0.8611937 -0.7805159 0.548338 -1.4448419 -0.79783463 1.2081459
1.9289647 -0.80524856 0.14552425 0.9842988 -3.2168071 0.23318876 0.6719739
3.9056318 -1.0308423 0.42325422 1.5836399 -2.4153862 -0.0952435 1.2036549
0.9880446 0.14276917 -1.3532538 1.457614 -2.387165 0.2446592 2.7336729
0.8466227 0.0068192957 -1.5221115 1.4763526 -0.09709463 0.9582335 -2.0337584
1.0698576 1.3367531 -0.58404183 1.0202569 -2.50569 -0.9999788 2.2402344
2.5053868 -0.8237072 -0.2511485 1.6879392 -2.9011264 0.78151715 0.115756184
1.8660132 -0.18094842 -0.4569849 1.6814926 -1.309467 -0.2779064 1.4937006
2.40198 -0.66143805 0.1795697 2.5055954 -1.8183702 0.819048 1.3823193
0.9225964 0.36110526 -1.460318 2.1314254 -2.3241577 1.0815411 -0.22856215
2.6735187 -0.020596366 -0.7337003 0.30083808 -2.771585 -0.1365994 2.503515
1.9180188 -0.72024983 -1.2280684 2.929373 -0.8452611 0.5298152 -0.44712022
1.010698 0.5983327 2.0450428 -1.2711203 -0.402325 -0.38779446 2.6688952
0.5587686 -0.30917376 -0.6851586 1.192829 0.39041302 0.9855765 -1.3274896
2.9176304 -1.2483888 0.6608989 0.2925376 -1.7367433 0.49581727 1.0822104
1.7743903 -1.6358466 -1.885351 0.5217458 -0.47081748 1.0248779 -0.75632125
0.6070742 -0.083743766 0.5974823 0.19522104 0.209731 -0.084828064 -1.3958392
2.5113788 0.19544625 -0.46608296 1.8796959 -0.9751396 0.555383 0.8694063
4.0732584 -0.9452959 -0.31023327 2.0514557 -2.9357228 0.5269574 -0.1506708
0.43493122 0.6194909 0.53803825 1.8126752 -1.6311167 0.30336884 -2.2640562
2.1497016 -0.7357821 1.1680088 0.6583717 -3.4373245 0.9883769 -1.4571831
3.603585 -0.45684952 0.0819888 1.7966785 -0.18547629 -0.33028147 0.65247065
1.5488791 0.19223039 -0.5392685 1.6751833 0.60016036 0.98014057 0.62056947
0.8077404 0.29033703 -0.7721275 1.1361266 -0.30940172 0.7747404 -0.45081744
4.2410674 0.11224346 -2.468111 1.7901344 -1.2515064 -0.31145212 1.6512814
2.4573712 -0.2446148 0.5083566 0.13720644 -1.3623196 0.114591435 -2.7362914
1.8991226 0.1104372 1.089708 -0.23383161 -0.42368695 1.0726317 -0.19493696
1.2818655 0.5588744 -0.99187326 2.1573355 -1.6671062 -0.9365629 2.2371674
1.7223799 1.338589 -1.5331937 2.4619367 -2.331347 -0.85540104 -1.4384298
1.275315 0.13517325 0.17559908 1.3046095 -3.8101053 -0.6714325 1.9728456
1.7426151 0.82282525 -2.0680351 1.3800595 -1.7586607 0.059901852 -1.222474
2.2167 0.513466 -0.9176363 0.586959 -1.2012523 -0.18290709 1.8899316
1.0931047 0.026781548 -2.6658187 2.0594022 -0.09687517 0.54067945 -0.547787
1.1666158 0.35139674 -1.9885814 2.515886 -2.5276098 0.57237256 -1.4506083
1.187788 1.2589853 -0.39267126 0.33443728 -0.6841099 1.079741 1.673153
5.132602 -1.5706103 -0.6151809 1.3662925 -2.7694888 1.1545084 0.271484
2.635552 -0.40655535 0.002573233 1.4442395 -0.077186264 -0.23249982 1.0401335
2.036699 0.9798344 -0.10142459 0.041920274 -3.0779696 -0.9507694 1.5912247
1.2391032 -0.12576325 -2.6218102 2.209523 -0.15988861 0.06329401 -1.2423387
2.2255697 0.19039993 -0.6021409 2.2857964 -1.2222544 0.6097595 0.6852475
1.9456371 0.4948545 -0.3940399 0.28117958 -0.4333578 -0.74697614 -3.3006063
1.7091341 -0.53233594 -1.2448589 2.584585 -2.7142882 0.8325218 -1.159058
0.95242953 -0.536647 -1.0479033 2.0487313 -2.3970327 0.48895195 2.5710807
3.2261157 -0.6679258 -0.35931793 1.7430025 -3.0388844 0.8781897 0.01755384
1.7093459 2.553352 0.6142862 0.6942955 -2.0277407 -0.52321935 -1.3487328
4.639678 -1.0260087 0.315039 2.2546766 -3.595354 -0.7116562 1.7610977
2.3305688 -0.7916606 -0.011789102 1.127111 -2.171495 0.246516 -0.96196896
1.2690899 -0.20935912 -0.92223287 1.230611 -1.2062589 0.2705216 -0.8019148
3.016771 -0.39369112 -1.3341978 0.6888438 -2.3218825 0.9665384 1.8488292
3.2063012 -1.4500021 -0.40188995 1.9941986 -2.4888923 1.1046543 1.4852474
3.9729812 -0.6887817 0.12692665 1.3322558 0.21152343 -0.38107803 -1.9820783
3.3000367 -1.0854213 0.50670135 2.867188 0.13035692 -0.17142944 -0.16649857
3.3667958 -1.064148 0.04636417 1.1913784 -1.2182417 -0.87163436 0.7099434
0.6684115 -0.16648312 -1.1822453 2.2673872 -2.6825228 1.1349936 1.5478537
1.0389776 0.5719585 -2.1976762 1.7188768 -1.7638633 0.39530322 -1.5360224
1.7957442 1.0715315 -2.2310317 -0.05900964 -1.0208822 1.0819204 1.097301
0.8047382 -0.5976009 0.26972196 0.017315716 -0.24118303 0.7549477 -0.6647662
1.4484352 2.0265384 -0.2490914 1.1984135 0.44894782 0.663265 1.3346236
1.1152791 0.9148198 -1.2288144 2.0678537 -2.1813822 0.85320127 -0.38623062
2.5912018 1.0490346 -1.2425921 0.39579123 -2.4455466 -0.17989932 -0.38706878
1.8859674 -0.7504098 0.34410092 0.8581234 -1.568057 -0.13238852 -1.1772145
3.326734 -0.8287062 2.2554333 -0.5488057 0.52311075 0.6956546 -2.6235378
0.82567436 -0.3223905 -0.9265903 2.3094628 -2.81011 0.8333125 1.1469846
1.5497595 -1.1204882 0.89844584 0.012108177 -2.3908892 1.2603943 -0.88601226
0.7302649 0.2967804 -1.5297978 1.6091734 -0.34298286 0.4685183 -0.004842963
3.3840175 -0.89127535 -1.0503327 0.7031881 -1.9309201 0.83289474 -0.74315995
2.6202216 -0.9701728 0.6393279 -0.80085874 -1.4559158 -0.6131698 -0.8401026
1.208581 -0.6570016 -0.40456346 1.7645493 -1.7086759 0.1897781 1.466476
2.5938365 -0.3716331 -2.3994422 1.2833991 -2.3401177 -0.14011799 0.9709582
3.913745 0.36366117 -0.9290382 -0.7295642 -0.8339076 -0.77887523 1.9430379
2.5512748 -1.091456 0.38981685 0.7715353 -1.5523694 0.9731285 1.177168
1.1011928 0.6458486 1.4187567 3.2422144 -2.3214085 1.2295729 -2.440928
1.8314604 -0.65549284 -0.9885218 2.231955 -2.7894382 0.171299 0.33974287
2.6613598 -0.823789 0.16374801 1.6525469 -1.5495325 1.1058936 1.4633775
5.184111 -0.24410649 0.49781796 2.8101764 -3.8789203 1.1739309 -1.0026591
1.7243135 -0.08542843 -0.14709856 1.7465653 0.7415142 0.26107284 -3.034852
1.9130299 -0.6368312 0.9866123 -0.9194596 -2.596566 -0.4319556 -0.11890355
1.2837352 0.16886763 -1.7664278 1.2934607 -1.0509412 0.3479118 -2.6153283
1.1234869 -0.2328151 -0.30925086 1.2582335 -0.23454516 1.3279974 0.8077402
2.2771375 0.7201435 -1.3284286 0.29425827 0.987584 0.44789997 0.9496077
1.5617589 -0.042610656 -1.894292 2.3970077 -2.5696836 -0.0052794637 -1.0318642
2.8209524 -1.3237104 0.62040687 2.952381 -2.4543824 0.92394805 -2.3947382
3.2380447 -0.9533436 0.51971555 -0.33971456 -1.8056144 -0.6113284 -0.21901599
2.4122572 -0.5558973 -0.8282503 2.0658534 -3.4374294 0.19237305 -0.03983828
2.1921136 -0.567831 0.5712538 0.3770719 -0.7271314 0.37545112 1.556156
2.0674362 0.20310049 -0.34705833 1.231477 -0.948565 -1.3428338 3.2625284
