2.0092602 -0.6965956 -1.3138118 1.8775873 -2.8872216 0.3735434 -1.1821115
1.5146041 0.29857033 0.9068606 0.21891382 -1.490721 1.277948 -0.4012014
3.5980306 -0.53996676 0.9766773 1.4484397 -0.4840009 0.49669263 -0.35903364
3.593156 -0.7246497 1.4256313 1.0852119 -2.2575383 1.0027002 -0.060657766
2.0977936 0.17573951 -2.021254 1.3748795 -2.9896333 1.3912725 1.9221277
2.4709911 -0.65761536 0.9267163 1.1791074 -3.2251449 1.2957577 2.587265
2.766838 0.6762751 1.9630518 0.06010811 -1.1185263 1.6610072 -0.012510207
1.5612634 -0.3229884 -0.710927 2.731981 -2.4169526 0.8888033 -0.07687053
0.9416851 1.0863144 0.359791 0.85809875 -2.1776185 0.6123147 0.9951034
2.0938988 -0.04790343 2.2007132 0.52959263 -2.2675016 0.82633615 1.9962524
2.6227276 -0.20482405 0.8868778 3.2994788 -3.4433155 1.2442982 -0.0018759037
0.111901 0.3378039 -0.2537401 1.358621 0.1581359 0.3429 -1.8523519
2.5704412 1.1016579 1.7485185 0.13182452 -1.368215 1.1889127 -0.71164364
2.5912435 -0.107564494 -1.4926225 0.909865 -3.4219306 0.59819335 0.59002644
2.1478243 0.30929142 -0.32280973 1.4894993 -4.589285 0.7046801 -0.33804455
2.725878 -1.0673705 1.309818 1.7234395 -0.57273436 -0.7367587 0.35136098
2.2035651 1.8394709 1.6130686 1.0659097 -0.59354806 0.124440566 0.9029629
1.3334639 -0.25640932 0.5134772 1.064642 -1.247114 0.65203136 1.3453501
2.3039863 -0.478491 -0.18490793 2.6477993 -2.1206124 0.8971187 -2.647489
1.5162989 0.71113175 -1.01916 2.229484 -1.4872981 0.32462648 -1.5727811
1.2515382 1.0711668 0.7599766 1.9314003 -2.4941568 0.82850206 0.6017285
1.0097377 0.53242457 -1.959135 0.87122834 -1.4149591 0.8277017 0.29472503
1.1692411 1.2025461 -0.1575873 1.0869248 -3.9668162 -0.74485826 1.3615408
1.6132011 -0.08823837 -0.0069556423 2.6114497 -2.3802195 0.5286856 0.7577305
2.3303216 -0.6732281 -1.9643643 0.84708667 -2.862181 0.8963503 -0.9471541
1.8486787 -0.09732504 -2.025157 1.7933097 -3.2743275 0.6019933 2.16121
2.0141587 -1.4516165 0.26442656 1.5203364 -1.3997761 -0.46264726 0.06893411
2.9340963 -0.56639856 0.8340584 2.2029307 0.6577908 0.0026275096 -1.0958928
1.9486237 -0.031048965 -0.68566275 2.146682 -2.7568414 0.6485617 -2.2197647
2.198277 -0.572195 -1.0330973 0.8198666 -1.7715074 0.4675404 1.9751595
2.054364 -0.90024096 0.12532233 1.788912 -2.3238728 1.0366958 -0.29802606
2.7590687 -0.59050673 -0.027218837 2.6490166 -2.6126435 0.55447525 -1.9375722
2.509851 -0.4428603 0.8098974 1.6479475 -0.5157026 0.7899903 -0.22464111
1.7495015 1.3356643 1.8833487 0.88031125 -0.7894981 1.3472084 1.676407
2.15294 -0.62649983 1.6074026 0.974096 -2.3888106 0.8236496 0.88556284
5.829601 -0.48087806 2.7145982 1.1444013 -3.0163925 -0.4162031 -0.2624503
1.8226491 0.81159526 -2.198548 0.8106819 -3.3689163 1.3991606 1.7924439
2.0165102 0.7785781 2.01732 0.035398155 -2.897865 -0.7474765 1.7278475
3.2902007 -1.329441 -1.7412912 1.3096299 -1.5296555 0.078494206 -0.26558328
1.2689844 -0.20455505 -1.8158746 1.39557 -2.757569 0.83047783 2.1991239
2.9573708 -0.9629334 -0.5835912 1.843117 -1.6374396 -0.5578022 0.819972
3.9063993 -0.8879679 0.31708 1.8469847 -2.929934 -0.41947052 1.272269
1.2408547 -0.018304061 -0.94672024 0.14140478 -1.7625662 0.28192535 1.5466695
1.4026693 0.4433127 -1.2185202 0.33410686 -3.6503031 -0.5790799 -1.802018
3.1050012 -1.2023193 0.8054509 1.5301269 -0.65300846 -0.8621692 0.05138621
1.269082 -0.22698744 0.069403395 2.58976 -3.0345883 0.7198551 -0.7316438
1.7022703 0.08934824 -1.1923552 2.7419815 -1.516042 -0.10084258 0.46038827
0.55962014 1.6503235 1.9318905 1.7722731 -4.0943537 -1.7043163 -0.7907204
2.1210434 -0.6870876 1.3869724 1.156568 -2.1619616 1.2187777 1.0594993
2.505537 -0.003615451 -0.6991961 1.6696544 -4.0980268 0.47224104 -1.0465329
2.0239294 -0.34311825 -0.30836347 2.018493 -2.996386 1.2634715 0.71800095
2.1845884 -0.026608538 0.17158507 1.5918106 -0.2946538 0.82459724 -0.40502778
1.2612644 2.1295252 -0.99657273 0.7525655 -3.384562 0.29751185 1.0341643
3.185804 0.12260567 -0.49584892 1.0897661 -4.035104 1.4782184 -0.8805816
2.8891547 -0.76593083 -0.24561669 2.1828382 -1.9362565 1.5744117 2.3328357
2.0365543 -0.8549872 0.04142074 2.0052736 -1.688435 0.93493676 2.4609241
1.5352882 0.55855405 -1.5878288 1.0997424 -2.4824958 0.1819442 1.0112085
2.2221065 0.042254645 0.81318235 0.63536525 0.3804957 1.1851962 2.0623877
3.6942878 -0.44729125 1.5873028 1.7830813 0.33822957 1.2578557 2.4668403
1.76989 1.6383682 0.871645 0.9026538 -0.9597441 -0.6931287 0.6459965
1.16483 -0.5223684 1.0494107 0.07320359 -1.0735431 0.8985068 1.2121418
1.6776973 -0.056727063 -1.2941654 2.340064 -1.8079709 -0.18257092 0.009488646
4.523238 -0.7085232 0.8099525 2.4093325 -3.0485895 0.7626181 -0.5050455
2.848311 0.52767783 0.4157624 1.3022813 -4.120457 -0.17840634 -1.4626459
4.1472187 -0.08416553 -0.0367675 2.1869428 -1.1939139 0.73961663 -1.911746
2.2437515 -0.006778908 -1.9477358 1.8320361 -3.213311 0.6164948 1.8142114
1.5065011 -0.307931 0.22973417 0.65173453 -1.585344 1.4979713 0.5579381
0.93993616 -0.37565333 0.9036138 1.6302056 -2.8978763 0.9572741 1.6159359
0.9675572 -0.17324793 0.42792055 1.0739609 -2.1737735 0.3987253 1.8562434
1.574215 0.6038568 -1.5024269 0.9284582 -2.3495493 -0.07552908 0.92313534
1.6266519 -0.7836269 -1.0832481 1.9706964 -2.9611588 -0.1955186 2.240621
2.8546479 -0.43797594 1.4564754 2.3389125 -2.973127 1.158026 0.5849369
3.204369 -1.2847606 -1.8400668 1.0123845 -1.8588902 0.6727736 -0.19264463
1.4830757 0.5849741 -1.8831724 1.1797948 -2.5779722 1.5996451 0.6059637
2.3021343 -0.60518306 -0.21742775 2.6841843 -1.9683667 0.9782293 -2.4357257
1.2502803 1.0807127 1.4901986 1.3045493 -0.570454 1.0756531 -0.5836491
2.4744034 -0.5831589 -0.78709555 1.321584 -2.2642121 0.43371782 -1.8787643
1.0632974 1.589335 -0.344533 0.36044678 -2.8221838 1.0568712 1.7882302
2.24292 0.31008583 2.9091785 0.9603625 1.5960034 -0.85142756 -1.090178
1.8205215 -0.86907524 -1.5305579 1.8028705 -0.8158512 0.38301212 -0.7493878
2.9384453 -1.1059427 0.049069624 1.4663367 -1.2066268 0.5645604 -2.057499
1.1521038 0.32295114 2.0620005 0.5022898 -2.3991823 0.86479485 1.7735698
4.4866934 -0.7269642 -0.066287294 1.7711148 -2.613372 1.0538497 -1.2534301
0.7624334 1.712257 0.6813867 -0.6793237 -1.0189431 0.52224636 1.6551061
2.365653 -0.772444 -0.7590261 -0.76149535 -0.23657976 -0.58314276 1.9207488
2.326057 -0.735541 1.1011153 1.466696 -0.67516166 0.47258696 0.26673466
2.2107978 -1.0983187 -0.5877776 2.1010857 -1.8350642 0.38705823 -1.620582
1.1465256 0.75237197 0.87326455 1.70399 -3.0361543 0.21220665 1.1413131
2.9710588 -0.8353023 0.42568466 1.5017602 -1.1942271 0.5107652 -0.6598487
1.3102597 0.76524025 -0.38011244 1.2231815 -2.4096956 -0.4453263 1.495503
1.8695287 -0.22658141 0.46095368 2.2559066 -2.956042 0.8630958 -0.12085804
1.0404197 0.64011234 -1.9952602 0.74805874 -2.2006493 1.7994467 0.1431498
1.7358743 0.43522888 -0.3236821 0.775732 -3.5832705 -0.43925235 -2.2306824
1.9838947 1.6748304 -0.17808796 0.45566612 -2.7913704 0.3599675 2.2731113
1.6397489 -0.48212343 0.21813844 2.4644406 -2.8246508 0.7940083 -0.21773604
1.7377306 1.4275123 -2.3439388 0.7957394 -3.3031518 1.6817764 1.1370633
1.4972706 1.5308483 0.92746353 1.1128917 -1.6027383 0.8486447 -0.14181551
1.1145658 -0.20349742 -1.0769659 0.8317007 -1.8398398 -0.1419339 0.9804601
2.2935815 -0.5287519 -0.19242038 1.5786489 0.21867694 0.4344584 0.6904064
1.6490623 0.94429237 -0.28392056 2.134727 -1.7358068 0.33580586 -0.44442096
5.1226654 0.58706456 1.9802337 2.0776594 -3.039795 -0.30512783 -0.11731085
4.189862 -0.3062765 -0.83949625 2.3851078 -1.6947225 0.38161847 -1.4630234
1.8475012 -0.60556716 0.24389742 0.9839559 -1.2835425 0.82391703 -3.1622872
1.765705 0.7347724 -1.3817611 0.52817726 -3.871466 -0.49189535 0.31700197
2.6533124 -0.12153478 -0.4123123 1.749657 -3.922251 0.9555526 -0.74500924
1.8401757 1.787664 -1.3824894 1.1702821 -3.1271067 1.4912202 0.40243974
2.013144 -1.113344 -0.9667889 -0.13409522 0.17905249 -0.3873913 1.1987466
0.40145445 0.2756101 0.74829507 -0.08678597 -1.1847646 1.0587207 2.310211
1.102346 0.22126351 -0.54377985 0.95734334 -2.7770123 -0.4901465 1.5902447
3.1439128 -1.3193262 -2.290641 1.6844375 -0.23337923 0.6664705 0.10055703
2.132626 -0.448986 -0.6714027 2.4005556 -1.8899034 0.9622089 -2.0620701
2.985451 0.2787357 -0.8667153 0.06740919 -1.7020787 -0.86506605 2.1200545
0.47818407 0.18868427 0.42574307 1.397271 0.26726 0.8303216 -1.9534898
1.9389209 0.1315941 -0.21427013 2.2003665 -1.4572059 0.591432 0.55017513
0.8101117 0.91808754 -1.3151693 1.7440215 -0.80103743 -0.21108161 -0.6842211
1.6925093 0.5185856 1.1875081 1.0007681 -0.4903787 0.8182664 -0.079036474
3.5529213 -0.9036618 0.47470453 -0.30473986 -1.1078104 0.32972375 2.2977421
1.631687 0.32409334 -1.9083159 1.0072204 -1.8640411 1.2102125 1.5228108
1.6816269 1.4421294 -0.9720752 0.16095036 -1.5094402 -0.14728843 -2.929903
1.4613125 1.4086392 -0.8145633 0.9515015 0.5796995 0.39806345 -0.8508275
1.6821934 -0.14671429 -0.9035673 2.358379 -4.0595555 0.4948373 1.540465
2.031857 -0.8217413 0.7854152 1.2940404 -0.8051489 1.0238205 0.20329532
3.8885229 0.6104762 1.7853024 3.0639248 -3.6166632 -0.1186956 0.37592736
2.020021 -0.108700186 0.5665649 0.26381704 0.6147281 0.95313454 0.6011761
1.9061829 -0.76537144 1.1112242 0.9524125 -1.3509704 1.1375256 0.9014284
1.2170603 1.6720681 1.3288736 1.4832661 -0.803218 0.49838606 -0.6016131
2.064773 -0.16281219 -1.2106919 1.0871062 -1.4984931 0.88041174 1.3026335
2.2297435 -0.23880179 -1.2853009 0.9119919 -3.5001526 0.081796005 -0.0726181
3.2768857 -1.1839021 1.354189 1.4572437 -0.6002284 -1.4012125 0.3701863
1.5922204 0.5108648 -1.2467623 2.1117427 -1.5696942 -0.7681087 0.85436445
0.76694894 0.66550833 -1.353006 1.7106818 -1.077298 0.49098852 -2.135638
2.3457515 0.40503913 0.6805136 1.251527 -2.5935173 1.1479597 -0.9454681
2.1046758 -0.05451412 -0.16117527 1.655325 -2.2135108 1.4385307 -2.7214227
1.9320246 -0.64022774 -0.8928968 1.6798229 -2.0793092 0.8700395 -0.6845794
1.8471694 0.10574362 -0.6775415 1.3473338 1.2950689 1.2594218 0.7011271
2.593318 0.6158224 1.5562251 1.9732034 -2.2623997 1.1738416 -1.8429555
2.418399 -0.43448538 -0.54705524 1.7237977 -0.89008963 0.14742161 0.8414551
3.1634686 -0.21237345 0.15328072 2.592467 -2.5839033 0.30786493 -1.7839901
2.1167412 0.1839694 -1.3217354 1.0944146 -0.14685778 0.681321 0.5223754
1.3658509 0.42037266 -1.7501147 0.8604922 -2.0916839 0.22978462 0.9685937
1.9438915 -0.27008408 -0.6587188 1.6084318 -0.90243316 -0.49987248 -1.6376026
2.0651371 -0.40184414 -1.0260584 0.54626834 -1.488443 -0.5721841 1.5160295
2.3627894 -0.44028792 -1.3010886 2.3681147 -1.9466486 0.10609825 0.04224317
1.2395581 0.8766542 -0.59871507 1.4869831 -1.9391198 0.29164276 -1.2486893
2.1339588 -0.28063336 -0.71119535 2.728559 -1.4387251 0.06707831 0.82783026
1.7276589 0.2916308 -1.0726844 1.7603759 0.029978417 1.1145881 -0.6852045
3.064694 -0.7794897 0.17929576 2.0420444 -0.76684976 0.9703496 -1.457817
2.3043995 0.44775432 2.4888403 1.406415 -2.323791 0.36872378 1.4630259
2.0920358 1.7408209 -0.7405164 0.3845891 -0.07586465 -0.17162655 -0.7344664
3.719779 -1.1677923 -1.128293 0.09681687 -1.8535644 0.45174727 -1.5531614
1.1982871 0.5068968 -0.16531135 2.1637657 -4.7326465 0.25903377 0.4888338
2.6064203 -0.76544744 -0.45322743 2.4354348 -0.67314386 -1.0677278 -1.0856764
2.633082 -0.16783771 -1.4074515 1.1187639 -2.9121194 0.6968418 0.39361688
1.47774 -0.073541716 0.9998945 0.33319336 -2.4500346 0.9873923 0.6315049
3.4478998 -1.5589201 -1.5381444 0.48198625 -1.8264983 0.9883007 -0.6397241
1.0092052 1.3146112 1.0812681 2.345402 -4.251019 0.27419463 0.48288253
1.0350676 1.1321143 0.63393617 2.518333 -0.47535077 0.3474035 -0.7549183
4.2687817 -0.18871422 1.7450876 2.7070627 -2.8630817 0.32052323 0.03654549
1.0667523 0.2774691 -1.7987652 1.547008 0.035637997 0.46768335 -0.5686106
2.5411024 -0.4559133 -0.56021386 2.2756188 -0.67267716 -0.2025901 0.7332491
1.7368844 1.2783477 -0.84210753 2.273852 -1.2266883 -1.0730518 0.3282887
3.6778123 -0.23521121 -0.13537861 0.98991096 -3.5886748 0.69699955 -1.4111682
2.5833387 0.789158 -0.30779198 2.2252932 -4.6307025 1.0824924 0.56018
0.63762915 -0.053814184 0.25609562 0.5016809 -0.9556585 0.7178304 1.9715424
2.7730076 -1.2897832 1.3903253 1.6329896 -0.11633537 -0.34988603 -0.002676692
2.330242 -0.13029404 -1.1163623 1.6406531 -3.81822 0.8353389 0.21122631
2.224477 -0.9534361 -0.08394517 2.9384186 -1.3551016 -0.5254451 1.1316001
2.0542822 0.13035814 1.8423476 0.17702 -1.3163418 1.4185369 0.84399474
3.4251742 -0.17432292 1.8512293 2.216079 -3.0044048 0.94147533 0.3583041
1.6020687 -0.022831988 0.33134052 0.8403017 -1.5364794 1.0831608 0.0028165316
1.168554 -0.4043662 -0.82335377 2.2068431 -3.0968103 1.1974051 -1.252032
1.7901992 -0.8325127 0.46094212 2.2988982 -2.1399636 1.1930227 1.0019488
1.650135 0.62781554 -1.015934 1.9874562 -2.4886644 0.7739148 -0.7438559
1.5666248 1.29144 1.1966091 -0.048124164 -2.7138062 -0.10436271 1.3861375
3.2099738 -1.2162701 -2.3518164 1.6065083 -0.17336856 0.9673239 -0.2987841
4.852529 -0.58918685 -0.18843152 1.1446376 -0.17456447 0.012025136 -1.60046
1.1104399 1.3691962 -1.0968146 0.81257963 -2.06285 -0.3153648 -1.8811393
1.5182492 0.301511 -1.5080281 1.2995272 -2.5703695 -0.021466415 1.1362523
1.5803363 -0.27657813 0.52275574 0.38542315 -0.6818023 0.7465247 1.8292994
1.6441952 -0.9419537 -0.63210166 2.2039313 -3.0659645 -0.35300317 2.289816
1.9927388 -0.24360736 -1.1362977 1.8252571 -3.0320053 0.45677784 -0.14890337
1.3855728 0.60130745 -1.0546635 1.1257894 -2.5309725 -0.4521236 1.2184416
1.9400938 -1.011836 -0.3979502 1.6806648 -2.0600324 0.72855395 -0.70257294
1.4376613 0.72199696 -0.89205384 0.95880055 -2.4275403 -0.5541997 1.2569919
1.8348016 1.8098508 1.1048782 0.095006734 -2.017991 -0.89393413 2.4570303
2.6314895 0.05946194 -1.8849828 1.571144 -3.7644277 0.6315695 1.566281
1.0475304 0.3394555 1.0328405 -0.19338694 -0.8606899 1.224611 0.9905236
3.4854121 -0.4793134 -1.9166473 0.8540541 -2.8908877 0.7263149 1.0334017
1.9119302 0.094782636 -0.3281689 2.0237653 -0.80078304 0.32000157 -0.3201431
2.6802483 -1.1605405 1.0055736 1.4423671 -0.91980267 -0.20872544 -0.06293452
2.1971748 -0.4574632 -0.59931254 1.4820476 -0.77296996 0.16160525 -1.8750329
1.088932 -0.8002345 1.927286 1.0495181 -2.692193 1.0309932 2.1347291
1.6755584 -0.23079047 0.0044883303 0.34372914 -2.8682156 -0.23365675 1.6403643
4.6053314 0.5888496 3.3534431 -0.2165223 -2.9425514 -0.8993368 0.15563634
1.4580796 0.7044758 0.64226556 1.5731907 -3.1857316 -1.190247 1.0243356
0.6462569 1.1806294 -2.1006439 -0.05588016 -2.181332 0.36833563 -0.24304268
1.7107605 0.15175717 -1.6531516 2.46457 -0.91778797 -0.59787726 -0.638997
0.9168601 -0.51080865 1.2368083 -0.6888734 -1.2849132 1.2540557 1.0888379
2.3006113 -1.0384011 -0.23871078 1.4387742 -2.1695406 0.8401974 -0.69331497
1.1569046 0.84873825 -0.8833978 2.018171 -3.724238 -0.66019833 1.144428
3.3609223 -0.94096 0.58381104 2.5803607 -2.6330144 1.0092233 -1.0746691
1.1956402 -0.41004038 1.2010719 -0.13915451 -2.1873794 0.43932298 2.121467
1.5616692 -0.064481035 0.26411864 1.9850669 -1.7725451 0.81761646 1.1294822
1.5195056 -0.14350982 -2.038678 1.4539897 -3.001152 0.6460973 2.389264
4.5577393 -0.47773677 -0.5633552 0.29160586 -2.1250978 -1.4028263 0.33570817
3.2918453 -1.3261038 -0.33365813 0.7849703 -2.0685632 -0.9026075 -0.70646864
1.3989556 -0.18639512 0.07430242 2.5657446 -3.0634956 0.75732976 -1.1387057
1.8709036 0.86390334 0.24345659 0.30191875 -2.8905401 -0.40795013 1.9877827
1.5498899 -0.29136455 0.2920085 2.858353 -1.7179366 0.083495155 2.0113091
1.4049995 0.62864304 -1.6289958 2.4014475 -1.3434275 -0.39540324 0.3426186
3.805139 -0.3653497 -0.3975406 0.771052 -3.0837266 1.701094 -1.1495769
1.1427995 1.9453754 -1.1793141 1.2857358 -3.716621 0.51235545 0.43435812
2.2576885 -0.8123663 -0.15032806 2.4517882 -2.5252306 0.42696348 2.581215
2.3428154 -0.918494 -0.9268135 0.86849 -1.2151724 0.34716526 -1.3317671
2.6582754 -0.9925234 0.37281343 1.2511868 -0.29686788 0.048453826 1.2792182
1.1659263 1.2221007 1.447824 0.42336288 -0.93965125 1.14087 1.7981467
2.096568 0.99247247 -1.6132785 -0.019809872 -1.9553996 -0.82353556 -2.3662083
1.0293694 1.4300053 2.0529993 0.8332758 -0.5925187 -1.5510156 0.18958005
1.0120691 1.5735865 0.5798323 2.3757937 0.4217445 -0.3170469 -1.1138642
2.229245 0.118280604 1.8574545 -0.27924332 -2.7838378 1.1990229 2.4932783
2.0240436 -0.68596154 -0.88986814 1.134782 -1.3369578 -0.06113572 -1.3805407
2.016342 0.22541253 -0.9121525 2.3934736 -4.5294986 0.5370628 0.6067634
4.5199842 -0.9730846 -0.32963076 0.32487288 -2.4738297 -1.2647521 0.3919849
1.4331745 0.7732182 -0.29214647 1.8643506 -2.5012639 0.22488405 -0.56973916
1.1598012 1.0651994 0.56728244 2.4506843 -3.8004951 -0.07816301 0.15039304
1.4628175 0.2949273 -0.46175745 2.1943533 -2.0678573 0.6457887 -1.5719063
3.454856 -0.8223588 -0.81070733 0.31082508 -2.7230394 -0.084159836 0.65927625
2.1263685 -0.69231296 -0.14502122 2.6032739 -1.819781 0.4916186 1.5928012
5.5537715 -1.179421 1.0592629 1.8376918 0.24231972 1.1230234 1.1403722
1.6484106 1.2055153 -0.53722477 2.0803046 -2.4631295 0.16908278 0.41677907
1.1646224 -0.60661143 1.4209188 0.054829773 -1.253172 0.9690316 1.6324348
1.7063442 0.14383946 -0.08108713 1.618385 -1.5641937 0.8275725 0.35065717
1.7577399 -0.41828376 -0.3642768 2.8871207 -2.3230762 -0.12959616 1.4743736
1.1798438 0.008720922 -1.8229845 1.4485984 -0.012002803 0.011697966 -1.7666231
1.7737564 -0.076363996 0.40545627 2.057141 -1.6851815 1.5962095 -1.970936
1.035655 -0.3155831 0.114105806 -0.47640485 -1.7422158 0.24641778 1.8150494
2.6739001 -0.8505263 -1.235836 2.5090325 -1.8220733 -0.15690081 -0.20751083
1.7245165 0.93780875 -1.0495968 2.4581134 -1.3716068 -0.06955032 -0.22565345
2.75459 -0.09126295 -2.1106017 0.7893751 -2.7451732 1.6071967 2.07381
1.0516211 1.5881691 1.3842001 2.6284304 -0.16665588 0.1293474 -0.79208195
1.9820282 -0.23010094 -1.2573901 2.4239464 -3.7490482 0.6262849 0.33473924
2.5364678 -0.22839542 0.5806382 1.9520487 -2.112331 0.807088 -0.7197247
1.2749463 0.78687125 -1.548779 1.1481397 -3.457946 0.38800022 -0.92017084
1.6516254 0.43081194 -1.071028 0.19162127 -3.0381463 -1.1151794 2.372254
1.9920381 0.12033002 1.9667325 0.8801331 -2.8222609 0.78385085 1.0589302
1.914123 -0.58019835 -0.4942054 2.4412389 -1.4400905 -0.43516573 -0.21067607
3.3692994 -0.83947664 0.16563772 1.022846 -2.59177 0.929844 -0.49023077
4.8715386 0.49483043 1.1542583 0.7245046 -2.3008208 -0.99585426 -2.4106798
1.433764 0.100564465 -0.41915324 2.9208763 -2.8617682 -0.12772934 1.062119
1.2873548 1.9618998 1.5206106 0.39611113 -2.9053974 0.25069287 0.042901907
1.5613549 0.6694854 -0.14742066 0.9831453 -2.4566503 -0.5557213 -2.7897758
2.8237615 -0.7959147 1.1029773 0.81822854 -1.14759 0.7997427 1.4745612
1.4016021 0.22311573 -1.1238241 2.1455498 -2.6222894 0.75404835 -1.112184
3.319759 -0.0025538923 -0.09991361 2.2422678 -3.7121923 0.75739944 -0.81921893
0.92762357 0.82788426 0.25667354 1.1150236 -3.848957 -0.8745642 0.26491413
1.7145296 0.3724746 -1.046058 2.2200868 -0.8664494 0.2326528 0.6107233
2.8155613 -0.69743747 1.0093837 1.1518672 -2.0518665 1.0895255 0.0023885106
2.0103073 1.3630929 -0.9101807 0.36194763 -2.0229683 0.7030952 2.8153045
2.6846297 -0.7957701 1.1491733 1.864887 -0.2676483 -0.7442851 0.61200416
1.6916548 -0.6611478 -0.93349147 2.1429596 -1.5757239 -0.5062022 -0.8370424
0.92204785 -0.5557251 1.3931955 -0.5289218 -1.4746748 1.0090368 1.6177427
2.9931645 -0.62883466 -0.6735709 1.275312 -2.793962 0.3713198 1.5977638
1.3690249 -0.36483634 2.1724694 0.52049243 -2.3842583 1.0095649 2.0793524
2.1984751 0.86960083 0.94343424 1.8608496 -3.3183918 0.9557718 -1.0852964
1.8157321 -0.36690313 -1.3071777 0.59357214 -1.4112226 0.24210025 1.2833424
1.2335932 0.49849647 -0.22910406 1.9366262 -4.842151 -0.4113404 1.0830765
1.7601069 -0.33669415 -0.062854305 2.9547482 -1.9045469 -0.16336076 1.570744
2.6398335 -0.773971 -1.6668171 1.283821 -3.1199193 0.6477902 1.734303
1.2790676 -0.5343581 1.9201874 -0.06862593 -1.9967519 1.4136024 1.8514154
1.8689407 0.66755706 0.23735283 1.9785007 -3.2339792 0.283546 -1.4917246
2.1727142 0.44002396 -1.6879779 1.8362092 -0.016289093 0.124894515 -0.6847363
2.5087008 -0.5517788 -1.6016994 1.2662051 -2.658623 1.0272799 1.9381788
1.5765764 -0.33473378 -1.6939694 0.46828905 -0.30636272 0.46774533 2.1813803
1.6190573 0.8352819 1.0613613 1.8280803 -1.1156011 1.9529643 -1.5219566
0.3905626 0.15187888 -1.309938 0.94702613 -1.0374912 -0.8108958 0.4713507
3.7944372 -1.0530262 -0.54151714 0.1640329 -2.7923307 -0.3883451 0.12962016
2.165131 -0.67274964 0.9491583 1.7244794 -0.5837238 0.46977612 0.33542192
3.3733485 1.2291653 2.0122902 2.1000926 -3.804045 0.31193855 0.6793048
2.8739376 -1.170196 1.4484961 1.5803769 -0.3885009 -0.43529263 0.046355937
1.4637529 1.7136176 0.23323701 1.1711503 0.14803876 -0.8874601 -0.30832204
1.445636 -0.53038776 0.6286043 2.0670822 -2.2859201 1.451484 1.230177
2.448848 -0.35774487 0.2682757 1.5702298 -0.31300154 0.79991424 -0.8788486
2.7111125 0.09794013 0.9048853 3.133443 -3.1668177 0.9074754 -0.20182571
2.8351307 1.0765338 -1.7933618 0.55414975 -0.7318072 0.1387495 -0.056499626
1.0407352 0.85412115 -0.017422695 -0.038264066 -1.9510775 0.54074633 2.6651943
1.8116992 1.177598 -0.004656095 2.169428 -1.9711366 -1.0970571 0.8184544
2.2430243 -1.3474058 0.92215455 2.7325597 -0.79161537 -0.39499792 1.167748
2.1134188 -0.144695 -1.7023362 0.95533943 -0.66142106 -0.23355989 -2.762761
1.1437186 0.14425634 -0.6669663 0.76519585 -1.724431 0.07907654 1.5755178
1.2632408 1.2712348 -0.31240705 1.3656842 -2.6677928 -0.4288436 1.4145122
2.5074809 -0.89959234 -0.41282657 2.0345905 -1.6633612 0.19300582 1.1883022
2.0551684 -0.6035661 0.48485312 3.0938137 -1.3418777 0.2225184 1.7221609
2.016952 0.37021786 0.45563146 2.1603148 0.7938949 0.6840741 -0.35199466
1.4569263 2.6178455 0.7823961 0.123174295 -0.673679 -1.5666969 0.49467316
4.0819926 -1.401516 1.0798132 0.4954827 -0.27534756 0.9441517 0.1274702
2.634581 -0.15186162 0.9881904 2.8396916 -3.036406 1.1457434 0.2040135
0.9382687 1.2812405 -0.57647467 0.74928784 -0.26791617 -0.5534991 -0.56992096
0.9788388 0.08499287 0.5914645 0.2801473 -0.93528223 0.7802767 1.0879655
1.717181 0.5823739 1.3401825 -0.22529525 -1.7790669 0.662852 0.6280767
3.0198667 -0.63562125 -1.3996265 1.6887913 -1.3530544 0.13416137 0.4829708
