3.2637093 -0.3079298 0.29966095 2.9114923 -0.47746792 -0.17259632 0.6930956
1.429195 -0.64660424 0.0013947301 1.8252722 0.21053602 0.44339612 -0.9813321
3.1064527 -0.87454623 1.1217244 1.107974 -1.9300514 -0.98409534 -0.60116875
2.0076153 -0.5345976 0.08756374 2.0830476 0.6251143 -1.1545292 1.4201187
1.8221536 0.4025424 -0.093318716 1.8045002 -1.8261274 -0.49479416 0.023412678
1.725256 0.055592347 -0.6405542 2.469996 0.1881258 -0.30848882 0.8649835
1.4322863 1.2912111 -1.2460151 0.10436672 -2.6807096 0.5343833 -0.89235115
1.8334944 -0.6512024 -0.1998433 2.1431618 -1.8059417 -0.19624858 -0.41988662
4.909099 -1.7070012 1.2217809 0.45943072 -1.0140429 -0.0467156 -0.2213529
2.2837956 -0.18820567 1.0921998 0.08086413 0.06925168 -0.42730543 -0.11931911
3.062188 -1.4976683 1.7378327 0.6574764 -0.41696212 0.7067396 -1.4764669
2.1193147 -1.0556722 0.3489916 0.21744683 -0.7932702 -0.84447145 -0.51106346
2.279299 0.42460948 1.4600339 1.2146914 -0.5917853 -0.3747773 1.6459347
2.2954452 -0.30820745 0.50483274 2.54618 -3.8591394 -0.9548347 0.6810244
1.8079997 -0.66869754 -0.51424146 0.74258125 -2.0764527 1.3582089 -1.8004267
2.2161434 -0.3805725 0.117623314 1.6846539 -1.0920666 -1.0021908 0.7295212
2.759993 0.3278051 1.0722854 -0.29826033 -2.1783714 1.1601496 -0.07507846
1.3703061 1.2686877 -0.57108206 1.0307175 -1.0427154 0.5294739 1.6294259
3.8749204 0.1702302 -1.2073561 0.015451819 1.5205593 -0.8267714 0.6677285
3.501323 -1.2187251 -1.0628426 0.5661615 -1.9866482 0.47785816 -0.9931932
2.2635367 0.7939492 1.6716591 0.8060349 -4.3576035 -0.8492819 2.112906
0.94664705 0.65232307 -1.0134581 2.5341003 -0.36515376 -0.41506755 -0.48819503
4.2250195 0.63096327 0.119655505 2.342964 -1.1045979 1.3201754 0.807204
4.0239654 -0.41325134 0.46642563 2.575306 -2.5757818 -0.13809364 0.7757019
2.3464017 -1.4275441 0.55013466 -0.060789615 -0.75403863 -0.3625958 -0.7934584
1.9285492 0.13543491 -0.13069512 2.3059783 -1.1920389 -1.0828983 0.3250834
3.7718575 -0.9009294 1.0743613 1.6041591 -1.3469334 -0.6272346 0.80557626
2.715341 -1.1851262 1.0155308 1.8684633 -1.5253462 0.7552256 2.3538742
3.327993 0.3024575 -1.3722736 0.8609699 -2.9761658 0.40526918 -1.8576239
1.4819541 -0.21860166 -0.31369928 2.6116703 1.0315493 0.17830761 -1.726362
3.1665514 0.14907508 1.3807503 0.08240244 0.5546897 0.42708412 -1.1659896
2.7836008 0.68743354 0.90187037 0.19962804 -2.8755903 1.4780648 0.58404523
2.4309714 0.48238474 1.3899338 1.0608265 -1.3732613 -0.051939707 -1.0959806
1.2101315 0.458129 -0.87437534 1.4765362 -4.522264 -0.5770104 0.1140441
2.9040213 -0.009052587 0.18701623 2.2164633 -0.306093 -0.40870926 0.71272236
3.382712 -0.49497312 0.11127685 2.804028 0.9974706 0.10759117 -0.32996437
2.00321 -0.41114074 0.3856325 2.0587065 -1.4745055 1.2292578 1.5721669
2.0396714 1.4617469 0.18253039 1.2914447 -1.3303697 -0.07446085 0.22852871
0.819031 0.43893415 -1.2670555 1.9607902 -2.5575392 0.6756656 1.0808216
2.4640517 0.16250257 0.65243006 -0.037728876 -1.8700904 0.4250889 0.20753303
2.4397805 -0.70851105 0.53977644 0.51184815 -1.9090964 0.41233948 1.2420113
1.3510095 0.036964823 -1.7111357 0.8160156 -0.9061542 0.3228145 1.1120176
1.8892 -1.0502262 0.42481467 1.664413 0.6100315 -1.0277876 0.89524585
1.2323344 0.82053787 -0.03648903 2.5294657 -2.4896505 -0.21332745 -0.49035546
1.834359 -0.62244576 0.56225777 0.61241376 -0.32473698 -0.5405071 -0.20127663
2.0406892 1.3025026 2.5889935 -0.21239707 -1.9639889 0.39445415 0.99020636
2.6248965 -0.39803928 0.81093764 0.56160825 0.9762527 -0.32424423 -0.3464714
1.800433 -0.8568918 -0.70312583 2.8275707 -2.3358395 0.6567805 1.3463233
5.4785523 -0.9245886 1.4120376 0.69603276 -1.1561401 0.09078647 1.0498273
1.9826168 -0.074392036 0.49511787 1.255484 -3.315616 0.93681866 -0.36529806
6.318419 -0.23542018 0.45265985 1.2995058 -2.3135037 1.8938391 1.6411259
1.9929076 -0.45938045 -1.7257539 1.3621757 -2.606314 1.4901063 1.3619635
2.6046188 -0.40757102 1.3637843 0.1930241 -2.0060399 1.1431085 1.5618871
3.8953238 1.1805485 -2.0000098 1.0499887 -1.1741431 0.18327762 1.561937
4.7142086 0.53438383 0.5162134 3.656329 -4.2875733 -0.011579496 -0.70969677
1.6543543 -0.2915699 -0.12739588 2.631252 -3.0110784 0.9426253 -0.5272327
1.0299618 -1.187995 0.12503265 2.6269045 1.0047592 0.12299909 0.04710177
2.8450997 -1.4448757 1.9292872 -0.24341153 -1.2228836 0.45925608 0.914026
3.2336802 -1.387426 -0.6050385 1.1328561 -3.2847533 -0.042083155 -0.16418925
1.797159 1.497776 1.6619611 1.093737 -0.77231157 0.67038345 1.7326419
1.030215 0.17175846 0.022972446 2.5764353 -2.7009552 -0.07335375 -0.28745088
2.6409113 0.41031677 0.8742342 0.15573302 -2.3781161 1.1875199 0.88199884
2.2479296 -1.2219739 0.5786196 1.2305564 -1.6951038 -0.45355693 0.57967764
1.263473 1.0673931 1.5412257 -0.1741648 -2.9674702 1.1583652 -0.30228284
4.275602 -0.8547005 -0.64704823 1.3459496 -2.8529327 -0.19569914 -0.68432367
1.4042104 0.039821196 -0.80789375 2.1073687 -0.763028 0.12622921 -1.1705776
1.8357967 1.1758907 0.20053218 0.43464187 -0.74391985 1.1043112 0.2874973
2.4721239 -0.2731368 0.103015706 1.6847997 -1.8501414 1.7282426 1.6928968
2.434602 -0.7897181 1.2857633 2.2725015 -1.4130324 -0.47373274 -2.5890965
2.7539535 0.7825468 1.5144341 0.19523194 -2.5561864 0.7440032 1.5127628
4.4063306 -0.40481776 0.6266346 2.3978577 -1.6785408 -0.1288719 0.7748097
2.4416642 -0.4092211 0.66448975 1.3381462 -0.34803268 -0.19975232 1.3964093
1.9641596 -0.70061773 -0.11543204 1.2720723 -2.2215166 1.4258065 -1.9448109
1.5898058 1.5440829 0.77195334 1.8371596 -0.2188146 0.07179834 1.8090928
2.36881 0.6770173 0.8884367 1.3857167 -0.8497137 0.16689463 -1.3363292
4.2073665 -0.41250938 -0.19746496 2.9143226 -2.928884 0.021044392 0.11312884
1.6687759 0.24986736 -2.1895921 0.86170113 -2.3975058 1.2349648 1.8795171
2.446944 1.9965696 -1.6260927 1.0832921 -0.6228099 0.34536603 -0.74738044
1.8789078 0.11824332 -1.6509993 0.38900226 -2.2772574 -0.37578893 -0.14090899
2.5057373 1.3014789 1.4927993 0.93627197 -2.0522246 0.57553184 1.611207
0.9228733 0.52653545 -0.51453197 1.1508856 -2.3541071 -0.03287719 1.5721915
1.6013876 1.0398993 -0.02467801 1.9338833 0.97908807 0.1954446 -1.4996966
1.3327454 1.6039505 -0.22006263 0.8453539 -1.3470917 0.45297185 1.4294109
2.6547139 -1.1344227 -0.15779664 2.58418 -1.1219541 -1.2992219 -0.08994272
1.9488443 -0.2858767 0.985633 1.5433025 0.5316113 -1.2043357 2.2365098
2.1254604 -0.6137585 0.089833245 2.5816593 -3.1989741 0.19935454 0.08006522
1.8497854 -0.37437254 -1.6440094 0.6364652 -1.5003489 0.17592831 -0.5265108
1.1353799 -0.6701912 -0.123864666 2.1340492 0.27745125 -0.99342424 0.79535013
2.5664861 0.30925217 -1.2293086 0.49065176 -4.4539323 -0.04016302 2.479917
3.2328064 0.53977066 1.8883164 0.6213162 -1.2538673 0.6509738 0.0039649345
0.8382652 1.8000107 -0.89800406 -0.23910186 -0.025287725 -0.41171512 -0.40724894
3.5063212 -1.0436043 1.3816516 1.0516821 -1.1016861 1.3664593 2.2014318
2.1212585 -1.1086799 -0.104434386 2.8975408 -1.7847551 0.025198061 1.4736006
3.0285702 -0.9928989 -0.14994188 2.897612 -2.3471694 -0.38349566 2.6128707
1.4013058 0.52196306 2.7302835 0.8332472 -0.9923209 1.9193327 2.451673
1.6653255 1.2824509 -0.2255223 1.9994636 -1.6418055 0.14039887 0.72498745
1.5161085 -0.40028006 -0.14905323 1.2237084 -2.1691236 0.6663109 1.4419906
4.86899 -0.4838274 0.43006012 2.4694004 -2.508695 0.8526739 1.2932636
4.1661553 0.14090829 1.6033075 0.8071161 -0.3483772 0.69657797 -1.0938008
1.9439452 -0.21268912 0.05784331 2.3301096 -3.224792 1.8452543 -1.9742439
2.0148265 0.44726163 0.04932807 1.4117322 -1.7846062 -0.4987162 -0.02293038
5.004195 -0.19078512 1.0716085 2.2859468 -3.7539916 -0.7566782 0.10743716
2.188499 1.034313 -1.1968596 1.4023296 -2.4678614 -0.5262468 -1.453022
1.7864228 0.036694814 -1.3111894 1.2501554 0.2220626 1.1078032 0.015083108
1.1744214 1.2020333 -0.5504519 0.7708624 -0.5189215 0.023364682 0.3944048
2.3571837 -1.2284331 0.10944842 1.5508966 -1.5869868 -1.3208727 -0.58872724
2.448387 -0.4510681 1.1572012 1.9090923 -3.770986 0.34088615 0.4862528
2.063915 -0.6627254 -0.4413325 3.2360895 -2.9241667 0.3473409 0.9409669
2.6139998 0.97705346 0.0023917966 1.1118082 0.3751177 -0.5747335 1.3738043
1.1012222 0.3104561 -0.33892742 1.9176399 0.38278988 0.982463 0.35530296
2.753257 -1.0682392 -0.79650307 2.3737197 -3.1544309 0.4361944 1.0138311
1.2531108 0.427558 -0.88025934 2.4131873 -0.70255613 -0.08330582 1.0111005
2.233857 -0.055036973 1.3298695 0.78663844 -1.5802162 0.4035961 -1.4211771
5.277277 0.46350914 0.57214427 3.2563877 -3.6782084 0.47252348 -0.2945906
2.4451077 0.9266189 0.7471498 -0.050451666 -3.0141258 1.4495449 0.44973215
2.55142 -1.0057894 0.67511666 0.9807 -2.970983 -0.51894414 1.6099182
1.5074304 1.802119 -1.3865563 1.3097422 0.09503033 -0.02232067 -0.91811055
2.232819 1.4154937 0.774879 -0.07829082 -0.1954559 -0.42330167 -2.5179439
3.1356192 -1.1576624 0.6252215 0.67872226 -2.9293666 -1.2965686 2.7201893
2.1776161 1.3380284 0.7832658 0.7365948 -1.2800874 0.23946263 -0.26885423
3.9667463 -1.0534992 1.2493113 1.8286965 -0.97598755 -0.132372 1.5447137
3.128858 -1.2719378 -1.6902344 1.3293939 -1.749148 0.16024382 0.6020984
2.0719514 -1.5439394 0.33438835 1.1413336 0.94984215 -0.34946176 -0.07012996
4.093716 -1.194586 1.3370435 0.6035999 -0.78010285 0.22290082 -0.09097889
2.203791 0.50897413 0.9001763 1.8859029 -4.0135026 0.35419062 0.17426494
4.2801037 -0.38024586 0.33578166 2.151999 -2.2237701 -1.05583 2.3608847
5.072382 -0.3235677 0.9963655 2.693499 -2.271249 1.3100126 1.5996227
2.2070975 0.8296482 -2.1545703 -0.11094734 -2.888844 1.1085862 2.4467463
1.912004 1.0726957 1.697705 0.34815603 -3.1198745 0.82141745 -1.3003683
2.1400602 1.4745183 -0.9162135 0.9656 -2.4690237 0.02821635 -1.6927631
2.6964262 0.4858411 0.34088632 0.23129514 -2.1514475 1.3832664 2.4508991
2.515738 1.067343 1.4703 -0.59452426 -3.3449893 1.6247427 0.6696013
1.3449011 -1.1348376 0.16521667 1.4186511 0.111566626 -0.7747781 0.12518397
2.7597826 -1.7740147 2.0020216 -0.10913494 -1.2118394 0.2682847 1.3999196
2.729075 -0.30678076 1.3487079 0.77095526 0.1932729 -0.16892265 -0.9086288
3.1974201 -0.92663074 0.47388652 2.85514 -1.241253 0.64387035 1.4398993
0.7821393 1.3010058 -1.3609493 0.74371684 -2.0165696 -0.30014238 1.1820631
1.1992148 -0.06358726 -1.2415563 0.83714956 -2.0383673 0.49562818 -0.46708113
1.6659204 1.2358569 -0.33825365 1.3279281 -0.5203705 0.3527712 0.7035242
2.5141695 -1.4767765 -0.61805826 0.7380302 -1.6665891 -0.003797722 -0.9342016
1.6433932 -0.31104308 -1.0262588 1.8052478 -4.07488 -0.977623 -0.89602053
2.7598648 -0.4354549 -1.1142393 1.4329214 -0.15643255 0.974346 -1.2554474
1.1443695 -0.025132608 -1.4899882 1.7316285 0.17786254 0.75475305 0.6318248
2.2234187 -0.700826 -0.18570854 2.648147 -2.7772698 -0.1752216 1.3652464
2.2341459 -0.5005755 0.13531063 2.406192 -0.5151998 -1.0596111 1.0569773
1.2868389 1.8687485 -1.2791563 1.0799301 0.11945643 -0.18695705 -1.1732749
3.7033033 -0.77873486 1.017946 1.5556885 -1.8690268 -0.31079757 0.24184427
1.1559836 -0.194591 -1.1033821 1.0524157 -1.4920087 0.64788526 -1.1116676
1.800907 0.81611353 0.7185149 3.059432 -4.095429 -0.76697004 -0.19066373
1.3786582 0.07103972 -0.95722556 1.8893254 -2.116452 0.4826246 -1.051538
0.9516739 0.10329668 -0.48539153 1.5784566 -2.686004 -0.021419447 1.4548048
1.648012 -0.17435975 0.32425436 1.5523655 -2.795949 1.0244372 -0.590045
2.000274 0.90607923 -1.8092229 0.6738126 -1.0931735 0.7358502 1.045776
2.6993246 -0.88192505 1.053873 0.21563998 -2.8922653 -0.32985446 1.6548802
2.4929466 0.38962498 -2.2484553 1.1913586 -1.5804973 0.5491836 2.3835378
1.910825 -0.5723098 -0.687073 3.2415295 -3.15137 0.5734106 1.2121547
2.6137333 -0.7834496 1.1451769 0.19206217 -0.07208667 0.11668457 -0.6196042
3.0564835 -0.8342943 -1.2642809 1.4939388 -1.5561706 0.6268779 -0.2573144
1.9910501 -0.85520667 -0.29681626 2.8878624 -2.3352265 0.0117985485 1.3187847
3.4487233 -0.74705786 1.2235725 1.9215853 -0.4054589 0.5425864 -2.282238
2.4102051 -0.56932503 1.7878549 1.3543488 -0.45781472 0.3182309 2.0425272
2.3695374 -0.5018608 0.5511347 2.3672702 -2.663478 1.4346983 -1.20714
1.8337923 1.4994671 0.48580334 1.025075 -1.4368235 -0.02863 1.1292276
1.3756065 0.85981256 -1.3745661 2.6266568 -0.8270925 -0.7063084 0.46037486
2.4467146 0.7422195 1.5118742 0.4299442 -1.5740039 0.20056738 1.3364323
3.2458756 -0.7612942 -2.231795 -0.12595674 -2.7231994 1.166678 2.503827
3.753398 -0.9224624 0.55084515 2.0033019 0.9804865 0.72963953 -0.04506227
2.0293448 -0.08547254 0.18284844 0.8797805 -1.4974319 -0.26126957 -0.80094796
1.4101304 1.2383242 -0.628929 1.5316832 -0.81662714 0.4755738 1.4871117
1.8286093 -0.56124896 0.044723015 1.9707441 -0.81781906 -1.4238337 0.07383004
4.1177845 -0.27890635 0.74717057 0.9903678 -2.065607 1.5239456 2.2781205
2.4081442 0.4310407 -0.5372161 1.2428527 -1.0873946 1.6197562 1.4958487
1.758093 0.5033117 -0.2969636 2.2731898 -1.4294192 -1.0865111 0.014520381
0.7910286 0.6512049 -1.5982933 -0.96121967 -1.7606763 -0.45642564 -0.7782095
4.1869216 0.46056777 -1.2734119 2.2299702 -0.017735101 0.8298174 -1.6074345
1.8027543 -0.046301138 -1.2302402 0.37826148 -0.5924039 0.5943608 0.18308797
1.7011342 -0.4578449 0.021644812 2.1746402 -2.2278528 0.57184535 -0.6064986
3.437772 -0.920793 1.2278783 1.4674847 -1.4236642 2.0292363 1.9811637
5.3971496 -0.43592697 -0.2238002 1.9020808 -4.286923 0.91635627 -1.3635962
2.130312 -0.86282915 0.41117737 0.025335044 -0.8335024 -0.43258366 -0.77789146
1.1154956 0.0771573 -0.6803169 2.423349 -3.2132404 0.982149 -0.4047662
5.6170864 -2.3823404 1.432507 -0.069156736 -2.5690608 -0.1526594 0.22940871
1.4207684 -0.44109172 -0.9240346 1.8442093 -3.1721191 0.85976875 -0.44039428
2.935838 -0.94202787 -0.73203135 0.55221295 -2.361922 1.1653504 -2.113834
0.90294045 0.43156368 -0.69237614 1.4089298 -2.8573098 0.03684141 1.7381622
3.474278 -1.0975739 1.1963885 1.808821 -1.5521289 0.14682199 2.166058
2.1360953 -0.31560057 0.39463016 1.4307702 -0.8586905 0.08115481 -1.6539494
1.827662 -0.77678984 -0.826535 0.6478558 -1.9374037 1.2250482 -1.5050088
2.6637793 -0.29249233 0.7611041 -0.55665123 -2.7807024 1.5621152 -0.4430258
2.057854 0.08616082 -0.6697719 0.22365907 -2.396192 -0.20802496 2.509632
3.2433496 -1.2926025 1.5613874 1.033028 -1.0365838 1.1954148 2.3918507
2.0463915 0.77266365 0.9332838 1.1006252 -0.2774491 0.24199249 -1.9077048
2.4996777 -0.20116825 1.0636735 1.2020692 -3.613164 0.778546 0.10613266
0.62021595 0.7122331 1.3573856 2.0894408 -5.5875583 -0.5980561 -1.1429961
2.8917527 -0.92721266 0.724615 0.9561016 0.5783111 -1.0764763 1.4521604
2.8335066 -0.7459611 0.34547302 1.7214022 -2.2810135 0.7417225 -1.8335023
1.0063189 0.24885397 -1.1282991 2.2016435 -0.57137805 0.26404762 -1.8276947
1.1289877 0.03951888 -1.6631262 1.4444517 -2.5646682 1.2706704 1.548865
2.05444 -0.4970283 -0.53063357 2.7892785 -1.5429635 0.22873913 0.20730785
4.276178 -0.5563354 -0.9576031 1.5924536 -1.0307984 0.9231383 -1.281781
2.9017076 -0.70197254 0.266857 2.409351 -1.8682657 -0.38952646 2.4465475
2.3220568 -1.2681618 -0.38934305 2.3182049 -1.6458464 -1.0294645 0.04542396
6.5173497 0.44511276 0.58290696 -1.2298621 -2.3816578 -0.25699136 -2.1730843
1.1967651 -0.018887233 -1.3989327 1.1241817 -2.4380448 1.079861 1.7385734
2.72769 -1.4897146 -1.8025503 0.26000372 -2.8269563 0.5813023 1.0781353
2.8197737 -0.7758557 1.8200188 0.34260687 -3.7198048 0.04849537 1.494369
1.1516024 0.51457435 -1.519692 1.9820486 -3.2118497 1.4839448 0.31865668
2.1459277 -0.29366106 0.24073873 3.025621 -3.8425405 -0.39089873 -0.13412425
1.3818736 1.025208 -1.0214 2.0340626 -3.2940187 1.3834 -0.3837047
1.5291399 0.32498693 -2.1660235 0.67141473 -2.0415015 0.8130603 2.2504506
3.2891667 -0.53817946 0.18668054 2.1928916 0.4878637 -0.95260847 0.45051888
2.0130675 0.092986986 -0.024218459 2.918268 -1.0558636 -0.024725538 0.82513165
2.3547833 -0.10185833 0.8749025 1.3423796 -3.6138282 0.82800275 -0.07089618
2.438652 1.7844571 -1.820592 0.049982935 -2.4196413 -0.80812514 -1.285314
1.335267 0.53853446 -1.370713 2.042478 -3.0152926 0.42451975 -2.0854423
3.0593293 0.7766004 1.9640484 -0.4079729 -2.410472 -0.9506215 1.8405682
4.929125 -0.7616057 0.2596409 1.1362332 -1.1415436 0.94335294 -1.9198446
1.7148768 -0.763267 0.19925128 1.5813819 -0.008466579 -1.471698 0.919992
2.3284276 -0.8037525 0.52353144 2.0778925 -3.009266 0.01578172 0.44287357
3.4399323 -1.1737897 -1.1999578 1.6299237 -2.113528 0.44856074 0.7941639
4.7708974 0.23456435 0.9345012 2.0907395 -2.4337149 -0.32444987 -2.1087377
1.3728545 0.12905686 -0.6352359 2.683325 -3.8046408 0.13665678 0.41824445
1.4223683 -0.087242916 -2.069035 1.0850024 -1.5005158 -0.09427594 -0.87038475
1.815077 -0.47008985 -1.461168 2.1407287 -3.0686643 1.3607613 1.1985623
2.157631 1.368001 -1.0386525 1.5611403 -2.5952392 0.33377 -0.41263065
2.1833334 1.1650596 0.31730327 0.6119684 -3.5655758 0.93902475 0.42451164
3.3035269 -0.7782342 -0.6990209 2.6027403 -3.7589476 0.60049 1.9251916
2.424347 -1.5418453 -0.91513824 1.1544552 -2.5469372 -0.30142853 0.25134403
2.9937336 -1.193506 0.035567444 3.0545065 -2.0163808 -0.15225343 2.2664242
3.9504921 -1.3146329 1.4206402 -0.28901133 -1.4242207 0.011653083 -0.67232114
2.2084625 1.16348 1.3938963 0.4427221 -0.87399745 -0.5931196 0.24662569
2.5304675 -0.73056 -1.6338474 0.9507107 -2.2412689 1.1006494 1.6453121
3.8624487 -1.1595452 -0.23575796 2.2944922 -3.1413536 0.63202316 -1.6065631
1.8155729 1.2974329 -0.83442235 0.8052418 -0.25178275 1.4137418 0.869867
1.9359695 -0.33946437 -0.19532777 2.7523973 -0.9904375 -0.92845035 0.35543737
2.235356 -1.4352775 0.33919737 1.7649541 -1.696923 -0.74018586 0.49804643
4.3115044 -0.5706906 0.37474796 1.3311388 -1.9523257 -0.9869181 -0.68666106
2.2462604 -0.75347704 -0.6420039 1.9166517 0.5388529 1.3827716 -2.4405682
1.7905992 -0.83939236 -0.6763239 0.46186692 -2.9776545 -0.39228824 -1.2792594
3.2416272 -1.4024794 -0.2955307 2.5074732 -3.9062324 0.27883348 -1.0515147
4.4405994 0.5171547 -0.2884827 1.9265653 0.122893475 0.89037085 0.33024088
1.317181 0.9896211 -1.3659286 1.9304099 -1.0088838 0.11807574 0.98081875
2.423444 -1.4432285 2.011915 0.09711221 -0.32981202 -0.18046592 1.5374011
2.4161103 -0.6259951 0.7754853 2.5052657 0.44934824 -0.98644626 -2.4983473
2.3803954 -0.1559873 -1.7628398 0.2286677 -4.216581 0.7523756 1.1382924
2.7293758 -1.1478201 0.80692875 0.74310595 -3.061315 -1.0685314 2.4352565
3.229787 -1.4127789 1.1290281 0.17374972 -1.3284296 -0.12345554 -1.2617862
2.3635268 0.57472104 1.4481748 1.0574982 -1.1436571 1.475625 2.020296
1.6473933 1.2003471 -0.6824436 2.0473921 -0.78299236 -0.9287179 0.6238928
1.9211081 -0.3026361 -0.1574793 1.5810684 -1.2527143 0.54057467 -1.2164644
1.9641539 -1.0356895 -0.78243464 2.2044013 -1.8279 0.014210227 -0.20813704
2.6781921 0.9773026 -0.25238898 0.07062265 -1.2266109 -0.038004857 -1.5677844
2.3468125 0.033033896 0.91516924 1.3177056 0.014236711 -0.5455514 -2.0535073
1.8646058 -0.866121 -0.55518913 2.0689783 -2.4706109 0.732399 -0.69788486
1.93182 1.3788743 -0.03154685 2.1809814 -0.9402443 -0.53313947 0.9862396
2.8021553 0.9080098 1.115088 -0.3469933 -3.3066926 2.0217795 0.6342214
2.193229 -0.25346798 0.5771996 0.28585997 -0.8092078 -0.5395951 -0.60500497
1.471875 1.0539408 0.07099579 1.2188337 0.6275865 1.3875036 -0.77580756
2.49387 -1.6187385 1.5624523 0.53428936 -0.39495352 -0.16065143 1.792762
2.8812163 -1.6857448 1.9221505 -0.3835671 -2.0967698 0.13818283 1.18502
4.176043 -1.4261576 -1.2021987 1.2402729 -3.6629708 0.7274116 -2.2132998
1.5764458 -0.24435706 -0.85549426 0.45445254 -2.474762 0.041299243 2.2064822
0.48231858 1.1007109 -0.55765927 1.3012811 -0.43207535 -0.11575733 -1.8640327
0.8495066 1.584043 0.287353 1.5195081 -2.4238226 0.5459299 0.30447212
0.92389905 1.5188487 -0.84913516 1.9795201 -0.03567896 -0.2013896 -0.6501128
2.6064694 -0.42341083 1.2724252 0.5816044 -1.6693192 0.99789757 -1.4668149
2.907898 -1.1603956 -0.95925206 0.55773354 -1.5345086 0.79091626 -0.91192
2.7283068 -1.0286262 -0.26266053 0.6399029 -0.71628994 1.049094 -1.7107394
2.587737 1.0822327 0.6648438 0.764617 -1.7381176 -0.18617927 -0.8352535
1.4288317 -0.05104525 -1.1930397 1.5134283 -4.596535 -1.1849011 0.9684513
2.510912 0.16518687 -2.4332287 1.1998032 -1.166796 0.07876365 -1.0228572
1.1153854 -0.24019094 -1.001549 2.5311906 -0.21324928 -0.49332502 0.09097162
4.855033 -0.8804218 -0.5900924 0.6131766 -3.7077165 0.3638104 0.12505186
1.4067932 0.6524473 -0.1267686 2.687196 -2.3548834 -0.46819618 -0.25014395
1.3012397 1.1557226 0.09382294 2.068673 -2.5365105 0.09233411 -0.31033763
2.044724 1.175659 0.39853117 1.0393833 0.68801224 0.74700737 -1.2749419
1.3621818 -0.36004442 -0.8534194 1.7077074 -2.3379512 1.2001071 -1.634368
1.1072656 1.2497914 -0.93906635 -0.08434531 -0.8182894 1.0144343 1.2583253
2.5217345 -0.7293084 0.034263592 3.2058935 -4.1760783 -0.31191385 0.82831734
2.0326161 -0.25327867 -1.3687215 1.4463412 0.061940752 0.7485402 -0.4056644
1.2284213 1.0896379 -1.7601392 0.58875775 -1.8436135 0.6741661 0.61015195
1.8023348 1.7628105 0.9771161 1.1020895 -1.4585282 0.17608084 0.70457494
1.6688722 -0.64546484 -0.76856744 1.3129703 -0.041016854 1.1112635 -2.5576363
2.0407753 0.93142945 0.2885432 1.313062 -0.6975428 -0.08520459 -0.26552644
2.2202458 -0.76591176 0.1673529 2.2392156 -0.22807322 -1.325409 1.1280128
3.4622102 0.015326786 -0.7790302 2.4282904 -0.6815474 0.8659501 -0.073544115
2.4182968 -0.8531 1.2786897 1.1829604 0.03584709 0.24062301 -1.1794497
1.5941747 -0.6864187 -0.588027 0.3161867 -1.6114315 1.278611 -2.0053914
2.363811 0.9188655 0.53183246 -0.06795409 -3.4792523 1.6595837 -0.3099436
1.266253 -0.28146523 -0.70034575 1.4064674 -1.8988835 1.0171139 -1.6821896
1.3842914 0.4632371 -0.60051155 2.632303 -0.44662014 -1.2775369 1.2666746
1.1306196 1.4537425 0.8243942 -0.9150708 0.27969423 0.033786077 0.49866942
1.7784301 1.0404445 -0.93416786 2.0044706 -3.2868567 1.0545897 -0.22928631
2.514297 -0.48398072 0.20053266 2.8742507 -4.2052712 -0.8570957 -0.3616618
2.453554 1.5582438 -1.4380243 1.0537406 -0.35836908 0.11697455 -0.90198094
1.8812689 -0.52982706 0.8321198 0.5908972 -0.7381626 -0.520049 0.8134257
2.393907 0.54584986 0.887563 0.61843 -2.2523842 -0.31857833 -2.4178596
3.8066404 -1.4999819 1.2584238 0.018992573 -2.0711884 -0.03634892 -0.74555
2.605871 0.77638805 -2.0106266 0.21417394 -1.9281282 -0.7963331 1.301278
2.1292188 -0.36333555 0.4314117 2.5876448 -1.0017425 0.062402267 1.3043585
