2.1748598 -0.15993924 0.12785147 1.3979156 -2.3689468 0.3843557 -0.49068204
2.4642196 1.5881323 -1.7042639 0.15400925 -2.1834095 -0.30953953 1.8402642
2.5672655 2.1054926 -1.3306836 -0.772895 -0.7899718 1.1784532 0.58139986
1.4738319 -0.71509117 -1.1251782 1.0998874 -1.2992151 0.040531177 -0.37077165
2.6745021 0.60336405 -1.4101721 2.087532 -0.50229806 0.7381475 -0.43073013
2.637032 0.8414239 0.55731463 2.2013721 0.30004564 -0.40003237 0.1867033
3.3022265 -1.3129016 -0.37920645 2.5394652 -3.0783591 1.0258455 1.4745938
2.1757336 0.8611451 1.4485484 0.28624836 -2.1586356 0.546202 1.66817
0.9917823 0.46436816 -0.041427393 1.9716234 -2.8664403 -0.48492423 1.5838323
2.7748158 -0.60826534 -1.0952027 1.3436643 0.19051708 -1.848 0.52554995
2.812108 0.15469496 -1.8414268 2.1952736 -0.03269408 0.47703484 0.038343105
1.6682776 -0.78297704 -1.3711227 1.7645898 -1.4416556 -0.28015563 -0.38045892
2.2773817 1.0676713 0.763615 0.7344357 0.7107748 0.02525713 -0.38552228
2.200017 1.3212125 1.667844 0.17462471 -1.9000734 1.1725185 -0.5366962
2.1560984 0.51539856 1.3369493 -0.23909345 -1.8771541 -0.36156222 1.783215
2.0456884 -1.1500442 -1.1733553 0.7325635 -1.2917724 0.053539712 0.08067098
2.0841286 0.07510857 1.4259784 1.7826774 0.046104573 0.5580048 -1.6722051
1.8414679 -0.4531253 -1.1220412 2.711597 -1.9510542 -0.34053782 0.3236642
2.417069 0.14194457 0.123046145 1.2342044 -0.6615721 1.254126 0.4499577
2.209323 -0.16075297 0.39585015 0.18861924 -3.794259 -0.5566175 0.6317175
2.957965 0.03430121 -1.5266095 1.0745949 -0.11716936 0.15751483 -0.50726193
3.1684875 -1.3414391 -0.10152139 1.6938887 -1.8050938 0.26909783 1.1788561
2.2834196 -0.60668755 0.96308243 0.85294276 -2.374024 1.036281 2.006146
1.8488448 -1.1804389 -1.573634 0.6778888 -1.2480305 -0.14473836 -1.2285467
1.1823968 1.4331735 0.41269752 0.41792786 -0.5289985 1.5017405 1.7104433
2.115951 -0.3036849 0.5514903 0.7713433 -1.1090047 0.3247957 -0.21301946
1.9768857 0.549141 -0.8986038 1.867749 -0.8944659 0.40703216 -1.3935387
1.7102796 0.7343605 1.5140104 -0.07573566 -1.2076352 0.04886641 1.0270153
2.7183464 -0.40128702 0.6831099 2.0208166 -0.6151167 -0.19598489 -0.56706244
2.571413 -1.3594463 -0.97089374 0.4921463 -1.8264394 0.10195537 -1.4888188
2.2373714 -0.21341534 0.25880262 0.9678837 -1.8886548 0.22014658 -0.3566876
3.9643054 -0.09454627 0.66468096 2.3630908 -0.21170567 0.39135808 -0.5681232
3.652826 -0.61894816 -0.65294856 0.9866985 -0.84828025 -0.13181041 0.909707
0.4940735 1.5396347 -0.14953257 -0.3387048 -2.187952 -0.06649874 1.708463
2.0321772 -0.64656776 0.74998224 2.0586627 -1.4403286 1.0410253 1.7396185
2.8186555 -0.3001935 -0.3252013 0.05044952 -1.394617 1.035661 1.6076126
2.411594 -1.1440045 -0.6984266 1.3405534 -0.23169337 1.2837908 0.17425337
4.540027 -0.37027436 -0.47959134 1.642114 -1.9847723 -0.09263931 0.6525084
1.4218513 -0.13966627 -1.584862 1.1636463 -1.298153 1.548671 -1.5458326
2.3148441 -0.20952876 -0.6304054 2.8345468 -0.7338731 0.20744522 0.071637005
1.3095807 0.20900242 -1.7793661 1.1264699 -1.4566723 0.29191926 0.94497716
3.176302 0.06221341 -1.3697051 0.27760366 -1.43864 -0.015803557 1.6176207
2.1200604 -1.2282959 0.17212771 2.3103037 -0.75866795 -0.42826697 0.7958256
2.0978813 -0.08908208 -0.42136648 2.3074052 -1.1238948 0.54641944 0.22045365
2.1382222 -0.1270972 -0.5824629 3.002775 -1.8242357 -0.06470226 0.88726974
1.3115581 -0.40724897 -1.3187282 0.39390615 -0.91291744 0.6073303 0.6672038
2.3512084 -1.2639287 0.3173456 1.2974323 -0.5944415 -0.47675297 0.76425856
1.8256253 0.80519515 0.9782038 0.43158525 -1.6086841 1.2943658 0.08303496
3.8675928 -1.2324744 -0.5766736 2.9008641 -0.78191704 0.9020226 -0.1934025
2.1864266 0.7836419 0.2591556 0.9482981 -3.019295 -0.6676059 2.5508335
2.2023795 -0.7606866 -0.42114237 2.7239776 -1.0492474 0.62745905 1.1726923
1.9216002 0.56642705 0.034625273 1.6746571 -1.4791977 -0.552837 -2.0378747
2.7852402 0.12553029 0.37301394 2.2259257 -0.7802564 0.030402038 -1.4933151
3.0611022 0.89569837 -1.9368148 0.2050145 -1.807961 -0.16918682 -0.30701873
2.8264027 -0.042042714 -1.2192721 0.56601137 -0.64088297 0.52141833 0.907956
3.967786 -1.5218906 -1.7667357 1.7619462 -3.612857 1.3607042 0.057467375
2.180948 -0.22186036 -0.96220046 0.5006336 -1.1974115 0.91935575 -0.08137748
1.717534 -0.33981174 -1.8574489 0.46917152 -2.5077226 -0.16363738 -0.35226896
1.6469012 0.69445544 0.21064256 1.2276402 -1.2219621 -0.63593984 -1.8773447
1.8551449 1.3483856 -0.69530344 2.1146767 -1.159701 -0.27844194 -0.15165916
4.0888724 -0.5085502 0.17343019 2.6065667 -2.316349 -0.19642024 0.86034924
5.480811 0.704794 -0.33147362 1.4451514 -2.0858254 -0.0937805 1.3036811
1.9876786 -0.64296275 -0.1701081 2.1779337 -1.2139066 -0.24541561 -0.0225006
2.278223 -0.81457466 0.41357884 2.3142655 -0.37073782 -0.4230332 -0.05357447
1.404581 1.0595212 0.7264501 0.6809939 -0.24642204 0.1468537 -1.8666506
2.4470298 0.79811364 -0.11167695 2.5587165 -0.16788565 0.24968721 -0.049329665
3.2481208 -0.043114614 0.8960904 2.5749938 0.26131377 0.8709438 -0.5789704
5.0675144 -0.260284 -0.5585613 1.780636 -1.6516967 0.294019 0.4219928
3.0063207 0.6211346 0.9164442 0.3779394 0.9270178 -0.95157313 0.6956349
2.2432077 -0.2852953 -0.7186645 2.7071726 -1.5137795 0.7583354 1.6721722
2.6700978 -0.7410542 -1.2430947 0.0037654932 -1.9364702 1.0225528 1.4197302
2.346454 -0.94408697 -0.59490013 2.0060036 -1.5491331 0.61879784 1.4378831
2.2894979 0.13229303 0.7814131 1.6413735 -1.8326366 -0.14514248 -2.1223729
1.4078063 -0.07531007 -1.0324103 -0.014558047 -1.6540109 0.8102416 0.5234749
3.2183414 -0.4080096 -0.19379558 0.0053775604 -1.362429 0.45449403 0.9423946
4.022714 -1.3484558 -0.7111026 1.7225609 -2.8363535 1.1006212 -0.038502004
2.109169 1.3531096 0.21364711 1.223705 -2.0615172 -0.38820478 -1.0900006
3.039629 0.75951874 0.302165 0.08015135 -1.2626665 0.03402068 0.98295814
5.648718 2.4944034 -1.718272 1.3284317 -1.9064443 -0.53877926 2.8162024
1.7810572 -0.15066059 0.12181555 1.6755856 -0.99112964 1.4019268 0.58985376
4.536571 -0.5048859 -2.7763476 1.1557333 -4.0315967 0.68268037 -0.3692614
2.7377439 -0.3793282 -0.05580141 0.5806073 -2.3344378 -0.23576222 -0.52447665
1.1028966 -0.20963712 -1.4875286 2.450292 -2.300513 0.71012545 0.64526147
5.0339665 -0.44007188 -2.2486835 0.7298595 -0.21193288 -2.084879 1.5078132
1.7474679 1.4393077 0.9800999 0.014696509 -2.1243541 0.27910212 1.9982139
2.596621 0.17150666 -0.013898987 0.1805717 -1.830118 0.9135659 2.4219139
2.803597 -0.48797816 0.41987965 2.4856038 0.17996176 0.6319436 -0.81560934
1.826218 -0.5355465 -0.94465643 1.5631142 -1.6836485 0.5941299 -1.3516939
3.665845 -1.2327639 -0.660468 1.8577754 -1.6556026 -0.09767768 -0.90610206
1.1562372 0.3230459 -1.5060838 2.2694972 -1.9556669 -1.02736 2.1450646
1.2762552 -0.4756977 0.41597983 -0.401063 -1.0089763 1.660378 0.39229926
1.9447757 -0.111467555 -1.3014606 1.6690428 -0.8746798 0.33222336 -0.33272555
1.8647078 0.5759682 -1.1048113 2.3929396 -1.3675817 -0.63437057 1.2214897
1.8279012 0.17261748 -0.0744604 2.3241231 -2.3437743 0.035118718 0.69380236
1.9256791 1.0787661 -1.5501527 0.97819155 -3.3523557 1.2040476 1.0410191
2.0842233 -1.1836075 0.4491087 1.7225685 -1.8383623 0.988091 2.2195864
2.7012947 0.0035610078 -0.69773483 2.020485 -1.5147978 1.079468 0.99929196
2.6723895 0.4652452 1.1771247 1.1627587 -4.715449 -0.31941244 1.6079212
2.4100113 -0.17935248 -1.6330435 2.4881454 -0.325837 1.0188684 -0.036323395
1.9183009 -0.97778 -1.3517243 1.0003775 -1.0051228 0.095892265 -1.1842713
4.0752826 -0.38353252 0.77582324 1.0111215 -2.1159523 1.0132118 1.5321585
2.55259 -1.099364 -0.7677213 0.9151563 -1.8652475 0.34577033 -0.7738709
2.4759464 0.9242379 1.1766002 2.1748226 -3.4907146 -0.40238997 3.21802
2.056002 0.17834131 -1.143345 2.7411356 -1.6158186 -0.5401942 -0.25670874
2.2549775 -0.43393332 -0.499882 0.34938183 -0.8381132 0.86073995 1.4971726
2.304121 -0.5657778 -0.9798535 1.9234109 -1.6045252 0.9707599 1.538567
2.3260436 0.5377899 -1.722338 2.5088863 -0.28843102 0.86535823 -0.13667062
1.6082445 0.5463744 0.75731874 0.60019344 -5.182507 -1.0009685 2.5167234
1.8693389 0.3422101 1.242699 0.82566404 -2.0760212 0.4404426 2.0012882
2.2288144 0.4499187 -0.48091164 2.6507218 -0.7937026 1.2411027 0.8501928
2.207792 -0.40463465 0.35704944 0.6859261 -1.7332678 0.1284643 -0.16821763
2.808885 -1.7237219 -1.5673418 0.9508327 -2.1156414 -0.078046665 -0.1514503
2.3903146 -1.2923976 0.19461726 2.515331 -1.4469768 -0.16027294 1.4941597
1.2249718 1.5894412 -1.6518785 1.5543457 -0.8260231 -0.28649983 0.9024368
2.117752 -1.0379215 -1.1155822 3.3862224 -3.209765 -0.0010238411 1.6126015
2.1295176 -0.38698763 0.78000975 -0.6994622 -2.5817766 0.04286297 -2.7735565
2.0570688 1.0314524 -0.9518784 2.1481836 -0.9844155 0.3482241 -1.1273512
0.7114516 0.48313957 -0.64805746 0.5425898 -3.8588705 -0.4355825 0.6802373
2.7940192 -0.21558966 -0.23062922 0.15863529 -1.3816762 1.1245451 1.7924011
1.9828798 -0.46388084 -1.4513412 2.3418891 -1.5487304 -0.96866184 0.14488786
2.5811753 0.44644213 -1.1804019 0.1390076 -1.8201128 0.78435194 1.3658762
2.967545 -1.2568958 -1.0805135 1.107105 -2.8263185 1.0591124 1.4598463
1.5045043 0.7807768 -1.5415341 1.6741455 -0.9470078 0.46733758 -0.018339481
1.7128428 0.39932162 -0.8709055 1.8540666 -0.94342434 0.30463985 -1.7348238
2.0455809 -0.8405562 -0.38460222 2.8330107 -1.0839714 -0.009181184 0.5142623
1.9145225 0.29042298 0.74711883 2.2417448 -1.628416 0.4689696 1.7847556
1.4122155 0.6169992 -0.16753496 1.2061129 -2.2701995 -0.52553564 1.6183887
2.5779595 -0.9677334 -1.1811157 1.3764184 -1.4300338 0.1258445 0.33634946
2.2943943 -0.24981685 0.03694747 2.1587102 -1.2766933 1.1202614 1.715863
3.2803679 -0.7710094 0.61481595 0.44582394 -0.4411603 -0.82720184 0.6612194
2.7146537 0.6918191 -0.031223316 0.29846302 -1.1793182 0.4651896 1.982398
1.0555799 1.4201977 0.23123096 1.0703295 -1.7859244 0.26305082 1.3054692
4.015285 -0.8214916 0.2072712 1.9822886 -2.8393455 1.0473257 2.0117161
2.6921277 -0.83808124 -0.27239493 1.6321411 -0.11120806 0.19269134 0.9930555
1.7590564 0.8887966 0.56677604 2.1131194 -0.4959353 0.3573486 1.1810396
0.7204161 0.4978159 -1.5322937 2.359267 -2.6922624 0.35871568 2.0212035
2.6244798 2.5672143 0.5360775 0.29042938 -4.046827 -0.73987675 3.4249089
2.0995116 -1.2285873 -0.33644173 0.5242909 -1.6712943 1.523776 1.7129123
2.386464 -0.19278474 -1.2694709 2.1603897 -0.11350951 -0.6627183 -2.366541
2.0280623 -0.122470096 0.24838756 0.8845132 -0.6846514 1.6006713 0.56905854
2.2512517 1.3069743 1.1214654 0.7481185 -1.1039021 -0.23973559 0.5740909
0.66178167 1.467464 -0.52852464 0.8012247 -3.3139286 1.4633106 1.0112573
1.9156622 1.3292217 -1.3425426 0.54058874 -1.3908868 -0.09241103 1.6539376
1.3929609 -0.51875466 -0.8540913 1.2434424 -0.09591494 0.5715476 -1.3144779
2.823371 -1.2777919 -1.1883073 0.81204015 -1.117581 0.2310691 0.41888568
1.7412634 0.1215332 0.48637673 1.4884307 -0.95192873 2.0121832 0.99068254
1.8560321 -1.7593634 -1.5797735 1.651645 -2.836574 0.13417889 1.2978629
1.4719464 -0.3233983 -2.1229372 0.978753 -2.9189038 0.36094788 0.18843031
1.743273 1.219155 0.7787447 0.1234529 -1.3213193 0.73476297 1.4519947
1.02384 0.7098978 -0.7315036 1.4905128 -1.7334462 -0.9502287 0.75873834
0.83199227 0.36722904 -0.9928999 1.0237426 -2.2343898 -0.23702161 1.4863563
2.0955312 0.43161374 -0.6509545 2.4728634 -1.7745476 -0.23861615 0.12055716
4.464898 0.45241612 0.6964092 1.5048461 -4.183464 0.31699052 1.915797
1.411461 -0.5469529 -1.8300694 1.7950654 -2.582848 0.77615744 -0.7337818
2.7356203 -0.053306635 -1.226009 0.40532067 -1.5982176 0.51890635 1.5785935
1.6781214 0.57928425 0.30397317 2.1397555 -2.077609 -0.21462439 1.8550766
2.4219797 -0.8840447 0.3940284 0.83791715 -1.074587 0.75629985 1.0354102
2.2234192 1.4712247 0.4249799 1.5310644 -3.7401655 -0.92776775 2.9816093
1.3964709 -0.7834055 -1.4726038 1.2599819 -1.5809236 0.321116 -0.015717294
2.329589 -1.1603404 -0.0031998344 2.3984945 -0.62578326 -0.23601495 -0.48232672
1.4973525 0.50767785 0.55344343 0.6216062 -3.192882 -0.15342377 -1.5777521
2.251978 -1.2945969 -0.97721493 2.0496576 -2.4354773 0.53316414 2.1548762
2.1625657 -0.7799805 -0.67737114 1.7593277 -1.9347466 -0.5640894 -0.1835745
2.3877501 -1.4112208 -0.732039 2.1130059 -2.3744981 -0.0034553232 0.95877445
1.4260159 0.7088793 -0.10586764 2.2287517 -2.007461 -0.4767814 0.6808644
1.87689 -0.91508526 -0.79051495 1.7610759 -2.4583983 0.7881782 -1.8518492
4.5146503 -0.20059146 -1.0755963 1.2930667 -1.7111523 0.47665098 0.88946325
1.7195805 -0.49491984 -1.3088909 1.8514299 -1.1977825 -0.2857912 -0.20751575
2.0623858 1.071932 -1.0857275 2.3399706 -1.2655865 -0.007860941 -0.9584889
3.4212646 -0.9966317 -1.2678353 1.8083843 -0.7444995 1.1538142 0.6728137
2.895268 -0.89998657 -0.17971887 1.69594 -2.7333608 1.2519275 -1.2046447
2.1601334 -0.28517205 -1.7385039 2.2521744 -0.32699284 0.5350269 0.54683506
0.18864085 0.69817024 1.05916 1.1572762 -4.7048316 -0.5553987 -0.107969016
1.855766 -1.2406145 -1.2632717 0.53297484 -1.2039416 -0.43592677 -0.18241999
1.5774338 -0.12543578 -0.3954077 2.2840238 -2.3459516 0.44068906 0.2121447
3.8833134 0.2728005 0.8827487 1.4567684 -0.26158455 0.3307167 -0.28646597
1.836713 -0.29891402 -0.8413596 -0.009332746 -1.544226 1.2798893 0.63658774
1.6004032 1.8488699 -0.40640083 0.27464104 -1.3812749 0.0031686006 0.94692963
2.9310324 0.5836356 1.0923533 -0.069470376 -3.0657384 0.14220168 -1.3739023
2.4046931 -0.18083997 -1.1197313 2.4874887 -0.25046393 1.1454759 -0.8085743
1.2860881 1.26525 -0.1044891 1.089367 -1.436015 -0.26540837 0.8485435
2.3497427 1.4140432 0.7037363 2.0995133 -0.56663144 -0.10650574 0.87604177
2.0062342 -1.7584696 -0.7599845 1.4689078 -0.2344852 0.7179518 -0.2527431
2.5130851 -1.1433827 -0.39778534 1.6406515 -0.2168638 0.26788428 0.59919375
2.58456 1.3320458 -0.011313099 0.13863733 -2.3828554 1.020509 1.5757185
2.0958788 -1.3402166 0.6594362 1.3449767 -2.2930446 0.7910367 2.293899
3.342047 0.48815638 0.81467056 0.95989656 0.50906646 -0.58403015 0.68598086
2.8601742 -0.6834044 -0.2213762 1.0782498 -1.3797468 0.12189938 0.84009147
1.952299 -0.17125274 -1.6565135 -0.24680886 -0.5586159 0.8842592 1.3083469
1.570401 0.2705049 1.1640534 -0.7218422 -2.4278755 0.4318438 2.1067896
1.3991686 -0.8292901 -0.5828062 2.6969993 -2.668118 0.62222594 0.20397738
2.0880244 -0.12962942 -1.4442911 0.00053274585 -1.8461024 -0.6639303 -0.10628179
1.0477973 1.157232 -0.3358834 0.310047 -0.3159915 -0.5950147 0.49812743
1.955071 0.5063632 0.32236537 2.1349103 -1.6200246 0.82100433 0.48715886
1.4457786 0.138243 -1.6723608 1.7647316 -1.3115525 0.16884388 1.0901523
1.9511594 -0.29163653 0.28293225 1.1331568 -0.52005476 0.18223311 0.3642126
1.1774739 1.3953934 -0.869089 0.567497 -1.5249813 -0.7416382 0.720973
3.7771456 0.13329907 -1.1343889 1.3693885 -0.693195 0.52546144 1.0501804
2.5633874 -0.13963743 0.6036513 0.4087951 -1.5865365 0.3009355 -0.2132822
2.3473642 -0.18787523 0.30846724 1.323839 -2.2868855 0.42709145 0.38295534
2.1291542 0.8196892 -0.6919935 2.525853 -0.29129586 0.4658169 0.33559564
1.2791706 -0.3063392 0.31503674 1.2494203 0.35075024 -0.2937996 -1.7085304
2.961239 -1.6594087 -0.35428253 2.3557653 0.14849581 -1.2488906 1.2414845
1.032938 1.3520796 0.7953658 -1.0831621 -0.9155475 -0.18108301 -2.40802
2.544244 0.21832258 -0.22996522 0.18872252 -2.7424717 0.2658663 2.2986572
2.2389872 -1.2195573 -0.89822423 2.5590422 -2.5753555 -0.12023412 2.2978487
2.0386333 1.4320714 -1.4376026 1.4922342 0.15784015 0.7301098 -0.31920937
1.9198273 -0.1808476 0.26383707 0.65727216 -2.9698772 0.49157062 -1.3169266
0.61126184 0.51616126 -0.7566711 2.1053824 -3.1755004 0.5989653 -0.41183028
2.8242936 0.50387365 -0.5750625 0.26550582 -1.8469433 -0.4675574 1.6769968
2.4300385 -1.4328223 -0.9904265 1.4927472 -0.7631232 -0.9339023 -0.87033004
1.645985 2.4444146 -0.1165718 -0.57315385 -2.2126777 1.1472479 2.5197678
2.4351315 -0.54048806 -0.6286701 2.1606278 -0.080980815 0.6578115 0.20547202
2.7270255 0.36762547 0.30175683 0.4952639 -0.7596101 0.9912977 0.32107422
1.4734794 0.1122549 -0.57567 2.1835375 -2.369931 0.27791455 0.0069071986
2.184196 0.59635264 0.48796543 2.0573602 -1.3145326 0.54794407 1.9157368
2.1723468 -0.3375274 -2.0262127 0.24432155 -2.1334655 -0.7163776 0.6699995
3.2957983 -0.026799273 0.26298568 0.20279393 -1.5404184 0.790869 0.92397213
2.4273453 1.4791671 0.3250048 1.0436447 0.19915856 0.043986578 -0.51120377
5.2481947 0.40300876 1.2242553 1.2826476 -2.0085819 0.92292947 1.1836039
2.058448 -0.26677436 -1.4059327 0.38362136 -1.4670902 -0.09939943 -1.1409352
3.2087514 -0.38075975 -1.516645 0.8122339 -1.0117735 0.32683972 0.6146335
4.2809343 -0.06355636 -0.5650077 0.660134 -1.9135821 1.1110388 1.584766
2.4988976 -0.14698376 0.03814922 0.5714622 -1.5240049 1.4666376 1.4307379
1.8777276 0.9699772 1.2755815 0.2526662 -1.6671535 1.0626938 -0.22281036
3.5017192 -1.1723999 -0.8718509 1.0535244 -1.7286266 0.1329365 0.6966464
1.4551672 -0.083486274 -1.8177658 1.8359704 -2.7423403 1.0171746 -1.6701689
1.9278251 -1.2872483 -1.3943887 1.4962609 -2.2871423 0.5959993 1.4215287
1.9932059 1.9027635 -1.2519927 0.16296098 0.04212489 0.6462115 -0.5368405
0.73554116 1.0944736 -2.194326 1.8358653 -1.2712871 -0.6111758 0.6592263
4.3786845 -0.23559423 1.1979764 -0.052233264 -1.3303354 0.22717758 1.2700087
1.5525044 0.6625026 -0.8313434 2.5641077 -1.452924 -0.76356196 0.5835848
0.7882042 0.43428546 -0.921824 1.9390609 -2.1284728 -0.3318514 1.1124449
1.5802706 0.25217634 -1.4009349 1.5295424 -1.40157 0.45472786 -0.6928389
1.4844306 -0.7105357 -1.3749092 2.349808 -2.4256573 1.1920693 -0.22901562
2.2273777 -1.1500823 -0.9945992 0.8522461 -1.2844545 -0.51452523 0.0663867
2.7840533 -0.43875557 -1.4044073 2.5654662 -0.3939593 1.1206218 0.37410024
2.2204018 1.3274765 1.4303088 0.41036573 -1.0359694 -0.46156463 0.69012606
1.5446473 1.1482061 -0.5176755 1.8860167 -0.05719886 1.2020354 1.1653209
1.2285677 1.5977843 -1.1661013 1.2379476 -2.2866108 -0.47180733 -2.0579944
2.0395076 -1.3806539 -0.92157483 2.896467 -2.6020796 -0.17468977 1.3613361
2.9347963 0.9205833 -0.9814463 -0.24775115 0.0077711567 1.111949 0.3408158
2.037335 0.5137288 0.32547876 1.543761 -0.46140972 1.0086837 0.68240917
5.1687593 -0.06814547 1.1914942 1.4806432 -1.2656894 0.55241823 1.4337083
2.35436 0.9051538 0.6476047 0.6639317 -1.4777795 1.1131742 1.6579752
1.6514417 1.0413888 -0.2767959 1.647569 -0.6303841 -0.44551986 -0.9183365
1.9573578 0.2051764 0.5861039 2.072038 -0.7468078 -0.33617923 -1.5377758
2.9609451 -1.2272178 -0.5403159 1.6267201 -2.1750069 0.5523565 1.1049066
2.8010316 -1.5908446 -1.4637313 1.2851582 -0.32935324 -0.3122507 -0.67608845
1.4297247 0.88248616 -1.5659114 1.2640768 -0.48004302 -0.44862577 -1.9824663
1.3641754 0.18731098 -1.3086272 0.60205376 -1.8672115 0.06588818 0.6472298
2.5548663 -0.15971757 0.061477285 0.14211956 -1.8340106 1.3562596 2.1879025
2.7704263 1.2026536 1.3984108 0.930828 -3.4403567 0.26639274 0.0165377
0.2846801 1.0029039 -1.702322 0.19176558 -0.8370551 0.14773501 -1.5157244
5.653614 1.0742316 -2.2122319 -0.0529885 -2.8978024 -0.24499153 2.362892
3.664572 0.018347342 -0.94795513 0.089836866 -1.0670116 0.20119406 1.6000919
1.6746352 -0.7484053 -1.4700637 0.7070543 -1.1829293 0.24057694 -1.2311513
2.0103445 -0.4975378 -0.0005911775 2.7626157 -1.7390803 0.31686717 1.3256514
4.5411615 0.29625744 -1.5055367 1.8095038 -0.6991637 0.36621764 1.3712928
1.0517929 0.019404937 -1.2582327 2.6184154 -2.4419699 0.758602 0.76218253
3.636434 -1.0115949 -1.1263199 1.4116821 -2.2484508 0.41490558 0.39544192
3.466206 -0.84758955 -0.15177096 1.3462481 0.8160211 -1.2683082 1.5124311
2.6691544 0.023064066 -0.8274783 1.4444741 -0.8879548 1.1066407 0.658824
1.7941414 1.0002828 0.6984453 1.3759692 -2.037986 0.22293557 1.7200136
1.5237236 -0.9447388 -2.2037785 1.0783856 -2.2351668 -0.51712334 1.9753566
2.2015662 -1.3392642 0.06350969 2.048141 -0.9113917 -0.3408573 -0.3005683
1.8340576 1.4315155 0.13563226 0.8739089 -1.0691634 0.7091818 1.8805728
3.050391 -0.07246299 0.17339371 0.38791114 -0.23740636 -0.28112718 1.9339266
1.7595879 0.26191026 -1.589535 2.1191258 -0.5797773 0.6214644 0.53638154
2.1984465 -0.3076505 -0.15543486 1.6085346 0.017687105 0.13864018 1.1767101
2.179039 0.6714958 0.30030677 1.1708083 -0.7697679 1.4133207 0.9343925
0.7832209 0.83912855 -2.2519045 1.4574525 -0.47584566 -0.0027807178 -1.6276734
2.468287 -0.68218744 -1.2645125 2.1208556 -1.5169731 -0.14632754 0.43345943
4.168671 -1.1471549 -0.42848113 2.689636 -1.0120646 0.9691706 -0.1173614
2.618135 -1.0187169 0.5854622 0.81743455 -0.741276 0.043834228 0.13517407
2.3074064 0.4266674 -1.5980723 2.570487 -0.36223587 1.0819955 -0.27572468
2.6683047 0.41042784 -0.26460114 0.17388931 -1.4438895 0.5862529 2.597392
2.0496938 2.194057 0.88780737 -0.5517821 -1.811396 0.1742747 1.6634859
1.5256985 1.7374864 0.72140574 -0.91399276 -0.9065412 0.25410143 -2.3473682
1.6557683 -0.09338386 0.45648977 0.88118374 -0.9305484 1.981809 0.75866675
0.7015482 0.3295625 -1.0748436 1.8400571 -3.2503996 1.1076152 -0.20252159
2.8463864 -0.40037268 0.465605 0.03312227 -0.5681887 0.5763563 -0.10427347
3.063047 0.33062226 1.8928185 0.10881123 -3.0005121 0.76128936 -1.7042608
2.2044332 1.0999333 -1.575429 2.0889819 -0.69620645 0.731812 -0.6085177
1.8926727 -1.2766908 -0.920978 2.0928562 -0.49223885 0.4973376 -0.5024448
1.2816893 -0.027364206 -2.0325432 2.1886737 -1.888528 -0.18488468 1.7607634
2.210186 0.3705073 1.3234704 -0.07250786 -2.6750195 0.3748379 -1.1093419
2.906166 0.36806995 -1.2526704 2.4478261 -0.21547733 -0.85449386 -2.2425241
1.8353846 -0.9501452 -1.0525742 1.8892432 -0.5967974 -0.22500716 -1.0660316
3.9888482 -0.9700213 -0.27558914 1.4718897 -1.2612841 0.5465807 0.43727806
2.1011662 0.51095015 -1.6668757 0.6992464 -1.7565105 -1.0202541 2.494135
1.9781796 0.99751574 -0.3943639 2.2672908 -2.2173977 -0.66258025 -1.0353229
1.4982444 -0.29206043 -0.5849614 1.324896 0.04620161 1.0443057 1.1594344
2.8221793 -0.39296335 0.61295223 2.401186 0.7798743 -0.21044587 0.3745518
3.6387482 -0.9715742 -0.95463574 1.4796487 -2.2321782 0.5387621 0.6428676
2.2936845 -0.83451 -1.5367084 1.9549937 -0.16113071 1.1720121 -0.90903527
2.3453355 0.39472133 0.7609441 0.23807067 -2.7747483 0.2508693 -0.741279
2.1010814 -0.87459034 -0.86482 -3.9250124e-05 -1.4022346 0.47659388 0.20625511
2.643047 -0.4950611 0.14653562 0.9287788 -2.3049192 0.08416806 0.35098258
2.1295505 0.5584019 0.9755554 1.4071215 -2.7998884 0.5418663 0.42881313
