1307,4900,4541,1826,3268,380,6880,3249
3075,3607,4703,2800,5855,5870,6412,5366,6807,4190,1810,6487
3641,6981,110,3737,2732,5606
76,2179,404,4289,5855,2075,4361,3556
1950,6298,4999,2270,6158,7014
2827,4035,4015,1115,1310,1017,281,6820,592,2629,4834,3359
1596,1119,1469,1402,4951,2668,3738,3131,6248
5794,336,1285,1017,281,973,5949
4378,287,1405,607,1580,6880,3249,4493,6167
2638,2722,4517,2859,1127,738,785
6588,784,525,2371,903,1565,6748,5320,444
6206,3626,3201,4587,5467,620,3338,3855,5154,5136
763,591,5188,599,5454,3004,5997,3203,3882,2734
5633,6967,462,3180,1959,3137,434
2983,1587,4289,5855,2075,6117,3064,6894,952,1068,5134
38,1296,5374,4829,971,283,1015,1252,6282,2290,6000
-1
1075,5725,112,1145,1474,4143,3869,4743
4775,2424,5492,1197,4087,548,4760
3476,2216,229,505,4393,715,4731,3081,4708,5392,3370,6102
3457,452,2908,1197,5492,5185,3679,4142,6251,651,3517,2201,1448
2348,1207,1083,2100,515
4467,3978,3928,2777,3603,5588,4998,6277
6663,1762,4387,6022,5467,3303,5884,5834,3877
4429,1080,4938,388,3187,6023,4691,592,6511,2573,3343,2131,1535,4784
215,3784,3116,595,6909,5650,1971,1784,5778,6621,305,4939,157,6841
5784,5874,4597,810,3582,3479,562,2903,3499,2746,2239,4574
874,1766,3174,624,4874,3855,5154,866,6071
6926,2157,3115,0,5662,477
4429,1080,2098,5490,1386,4192,6056
6713,5779,2964,6491,6354,6018,1784,2179,5295,4743,6946,912
1119,2878,2491,3468,373,3323,5091
921,864,1033,1149,2896,5834,3877,6655,2906
3476,1574,3567,884,2873,580,5110,1303,4647,2237,6941,1110,102
4337,2958,923,3479,3232,168,2786
-1
5277,5759,265,4636,4771,2989,5454,1166,4689
5509,6741,6002,3704,3007,3696,3491,5868,1755,3153
2343,4274,1730,1494,2351,1006,4372,6668,5418
5482,5048,2165,5552,1864,4207,305,4939,157,6841
4247,3450,962,2094,6738
2477,6697,4629,349,1731,907,5048,6161,6700,2549
-1
-1
4429,1080,5558,5280,4926,5823,2100,2230
4125,2681,1762,2787,1972,4277,1661,4970,1171
2387,2646,6360,5052,4347,1391,4029,1992,5669
2231,3089,3586,1840,6412,5960,2994,1289
6881,318,620,6880,1580,1292,1691
3879,3411,5144,6471,1879,3175,1651,6518,3410,6109
