3470,1820,4460,8660,15800,24368,23213,9837
2655,15710,23004,21848,4104,14324,26973
2092,27832,3928,2653,11717,26117,12193
14751,11826,28130,15480,21276,29010,13644
24829,24389,9989,6469,29569
5056,16837,23921,23767,28903
5482,15646,23071,27727,5287
26078,7058,13196,3186
11151,25670,29430,9914,2774,17138,26708
28863,22934,28730,13910,1535,6890,3810
6183,10838,22772,1892,20912,3621
27455,27014,25418,2318,16682,19112
702,28652,29808,8829,23040,8640,11280,14205
29092,5872,4597,15749,1043,6839,5719
4590,7670,10100,12740,6944,8064,3389,309
702,15066,7772,24908,18824,14589
25528,27088,448,449,26629,19489,15409
2430,27014,15134,9050,22140
27832,3928,2653,2213,8297,17153,2347,11083
22048,1664,27809,2785,6985
8224,22589,28385,13489,17689
15615,2030,25250,6804,28904,24264
29007,4478,29063,3038,12047,9122,19782
6183,10838,1982,12146,28602,19746
2430,27014,21218,22988,5684,26564,20480,16245,25101
12623,8255,14834,9038,29862,27432,10128
3375,16430,22514,25880,23240,20160
671,28127,14202,24422,23148,6978
14751,11826,20394
24829,17549,11753,29617,6307,4657
27455,27014,15134,9338,8028,22602
7407,12047,17402,2882,1112,16632
13453,16037,18907,17137,3397,17797,19447
25528,27088,448,449,18193,22679,22183
26055,28926,27770,2900,7709,24165
9148,14944,25109,26593,26747,29177,12041,23921,12427
28384,4480,13489,10849,6649,18529
20111,15302,5292,24962,22532,18032,4941,28656
26077,7477,22337,22183,27539,29155,3415
671,28127,1982,28658,20378,16178,21042
17584,14525,28889,25523,26833,13897
4597,9953,1217,28673,28519
13959,1310,9914,21884,8948,29828,12692,27432,10296
6664,24109,16969,21049,4747
27148,3928,2653,2213,12433,4153,11447,21667
400,5209,15659,21643,8707
13959,17039,12398,23058,5922,7232,18957
27832,3928,2653,2213,25433,18139,21505
11390,5594,18684,12888,7533,29037,2361
13230,12074,4934,19298,4424,23024,12573
