3470,24368,1820,9837,8660,4460
14324,4104,23004,15710
2653,26117,3928,11717,2092
29010,11826,28130,14751,21276
24389,29569,9989
16837,23767,23921
27727,23071,15646,5287
26078,7058,13196
11151,9914,25670,2774,17138,29430
6890,13910,22934
22772,20912,3621,6183,10838,1892
27014,16682,25418
23040,29808,28652,702,11280,8829,8640
5872,1043,6839,4597,15749
4590,3389,10100,12740
18824,15066,7772
449,448,19489,27088,25528
9050,27014
2653,2213,3928,2347,8297
2785,22048,27809
13489,28385,8224
6804,2030,24264,15615
4478,9122,29063,12047
1982,28602,6183,10838,19746
21218,26564,20480,16245,5684
8255,9038,29862,14834,27432
23240,16430,25880,22514
24422,671
11826,14751
17549,6307,24829,11753
27014,8028,9338,22602
2882,1112,17402
3397,17797,19447,13453,18907,17137
449,448,18193,25528,22679,22183,27088
24165,28926,2900,7709
14944,26593,9148,12041,25109,29177
28384,13489,4480,6649,10849
5292,28656,24962,18032,20111,22532
22337,29155,22183
20378,1982,21042,671,16178,28658
17584,25523,28889,26833
1217,9953,28673
12692,1310,21884,27432,29828,9914
16969,24109,4747,6664
2213,4153,2653,3928,11447,12433
5209,21643
7232,12398,13959,5922
2653,2213,3928,25433,18139
2361,7533,12888,18684,11390
19298,12074,23024,4424
