3.294999839999999958e-03
-5.970276170000000045e-08
9.999945709999999988e-01
7.461345280669999802e-01
9.999945709999999988e-01
-5.950636419999999726e-08
-3.294999839999999958e-03
-9.324053523830000412e-01
5.970276170000000045e-08
1.000000000000000000e+00
5.950636419999999726e-08
1.193785280000000082e-07
0.000000000000000000e+00
0.000000000000000000e+00
0.000000000000000000e+00
1.000000000000000000e+00
3.294999839999999958e-03
-5.970276170000000045e-08
9.999945709999999988e-01
9.712397000920000023e-01
9.999945709999999988e-01
-5.950636419999999726e-08
-3.294999839999999958e-03
-7.717307325209999957e-01
5.970276170000000045e-08
1.000000000000000000e+00
5.950636419999999726e-08
1.116218817190000046e+00
0.000000000000000000e+00
0.000000000000000000e+00
0.000000000000000000e+00
1.000000000000000000e+00
