3.294999839999999958e-03
-5.970276170000000045e-08
9.999945709999999988e-01
7.580445079850000045e-01
9.999945709999999988e-01
-5.950636419999999726e-08
-3.294999839999999958e-03
-2.546122760360000070e-01
5.970276170000000045e-08
1.000000000000000000e+00
5.950636419999999726e-08
1.193785280000000082e-07
0.000000000000000000e+00
0.000000000000000000e+00
0.000000000000000000e+00
1.000000000000000000e+00
3.294999839999999958e-03
-5.970276170000000045e-08
9.999945709999999988e-01
9.169468718190000311e-01
9.999945709999999988e-01
-5.950636419999999726e-08
-3.294999839999999958e-03
-8.796614464690000190e-02
5.970276170000000045e-08
1.000000000000000000e+00
5.950636419999999726e-08
8.200972300129999448e-01
0.000000000000000000e+00
0.000000000000000000e+00
0.000000000000000000e+00
1.000000000000000000e+00
