3.294999839999999958e-03
-5.970276170000000045e-08
9.999945709999999988e-01
8.216141549280000511e-01
9.999945709999999988e-01
-5.950636419999999726e-08
-3.294999839999999958e-03
-2.727408590000000022e-01
5.970276170000000045e-08
1.000000000000000000e+00
5.950636419999999726e-08
1.193785280000000082e-07
0.000000000000000000e+00
0.000000000000000000e+00
0.000000000000000000e+00
1.000000000000000000e+00
3.294999839999999958e-03
-5.970276170000000045e-08
9.999945709999999988e-01
9.357489856430000197e-01
9.999945709999999988e-01
-5.950636419999999726e-08
-3.294999839999999958e-03
-5.150860521890000543e-01
5.970276170000000045e-08
1.000000000000000000e+00
5.950636419999999726e-08
1.074979408889999988e+00
0.000000000000000000e+00
0.000000000000000000e+00
0.000000000000000000e+00
1.000000000000000000e+00
