3.294999839999999958e-03
-5.970276170000000045e-08
9.999945709999999988e-01
8.173914777330000270e-01
9.999945709999999988e-01
-5.950636419999999726e-08
-3.294999839999999958e-03
-8.148776850440000441e-01
5.970276170000000045e-08
1.000000000000000000e+00
5.950636419999999726e-08
1.193785280000000082e-07
0.000000000000000000e+00
0.000000000000000000e+00
0.000000000000000000e+00
1.000000000000000000e+00
3.294999839999999958e-03
-5.970276170000000045e-08
9.999945709999999988e-01
9.053030824279999500e-01
9.999945709999999988e-01
-5.950636419999999726e-08
-3.294999839999999958e-03
-4.623675029820000226e-01
5.970276170000000045e-08
1.000000000000000000e+00
5.950636419999999726e-08
9.461328579629999513e-01
0.000000000000000000e+00
0.000000000000000000e+00
0.000000000000000000e+00
1.000000000000000000e+00
