9278,5078,3362,932,7016,5432,1352,1912
1550,8570,8690,4610,7976,6920,3400,7600,3364,6850,5134,9334,1039,1975,2689,169,1885
7310,5594,9234,7484,2844,9410,6980,8136,4496,5552,1912,3628
9578,5378,2012,6962,5346,9986,2252,6452
6518,722,162,1436,6386,2306,7220,3140,6100,7100,1744
9578,5378,2012,6212,2132,1196,1636,9490,1756,4186,3471,4627,8707,4507,3077,9161,8161
501,4581,2811,9831,6906,6346,7282,3642,562
6400,1605,7689,7809,5379,2454,6094,6655,9526,2386
-1
974,38,5274,9068,3272,7472,8408,4328,7288,3922,5638,6198,2118,1558,3274
6590,506,4806,7290,5420,7136,7576,6520,4090,2815,385,2969,5125
9614,8030,8150,4070,7436,1352,1912,7996,4342,8983,9697,1403
5294,2150,5670,5076,1436,162,9612,5972,7128,6008,4292,772
6518,722,162,1436,6386,2306,7220,3140,6100,184,9754,8479,4279,1849
1082,2732,212,6296,6856,3490,3370,940,8794,7519,5089,5209,6329,7925,6989,2909,3029
-1
8565,4365,165,1881,9021,7437,9867,6787,9217,5563,9049
5078,3362,8732,2936,9020,8900,7900,2530,6610,6490,2850
-1
3566,486,8186,5756,4820,740,4940,5380,9580,130,4330,2614,2494,1219,1779,3529
2198,2858,9878,8262,122,8978,5612,7328,7448,5018,7538,2268,4424,8624
9326,470,6386,2306,7220,8936,5416,1336,3106,4602,4042
7814,6044,1964,8984,8864,7864,1780,1660,4090,2815,4531,6961
3818,7898,5468,9668,3872,728,232,9682,5602,4546
5519,8390,7830,6620,7676,4156,790,5926,1846,2782,6862,778,898
5294,1094,9234,6804,3284,5000,3944,5660,4660,4540,3826,2670,4231,8311,457,17
6842,6962,5346,5906,2540,3100,5410,1770,186,1902,627,7921,8041
7319,2390,5330,2250,4680,3560,5276,1636,1516,9370,7786,2431,6511,8227,4147,7513,373
191,9695,6770,6210,8640,7520,3440,2320,6520,436,2866,3802,316
4502,3566,486,8186,6602,3236,9320,9880,2740,5170,6886,7327,307,4387,6817,8413,4333
7751,7310,5594,9234,7484,9200,8640,7520,3440,2320,6520,4090,2815,7015,1219,5419,4859
5903,9542,7772,3692,3132,2012,4532,2936,7136,7576,436
8030,8150,4070,7436,1352,1912,7996,4342,3847,9763,193,1349,3373,7573
429,4224,7029,9459,9579,129,4209
-1
8493,9549,7899,6963,5347,5907,2827
3840,9705,1905,3489,6855,2895,4611,1671,4191,5466,5586,6796,6202
1622,4988,9288,5648,5528,3812,2096,2216,6856,8440,2644,1930,5010,7935,3855,2139,3259
7485,3285,7365,4881,2451,1891,771,5007,6282,2202,5842
3453,7653,1857,2571,3727,2607,6247,2167,3937,8017,1933
1622,4988,9288,3492,4428,3272,7472,8408,4328,3208,1492,8512
7485,3285,7365,4881,2451,9591,3727,3882,3322,6522,1167,9022,2938
-1
6842,2642,6008,4292,1708,58,618,838,1398,1518,9967,5887,1246
7022,3942,4658,1172,8312,4232,2516,5456,6016,6136,2770,4486,7566,8007,307,4387,8467
9038,4838,198,7898,6588,792,1352,1912,3628
1082,8102,6386,3020,5960,7676,4156,790,4870,1230,735,6531
7814,6044,1964,8984,5344,7060,6940,9370,3286,6211,6331,8761,9881
7319,2390,2270,2150,5670,6386,2306,7220,3140,6100,184,7204
8138,3938,2322,2882,3596,6026,2540,3100,1330,8350
