9479,6554,4034,8114,9234,7484,6770,8486,191,1907,4337,2621,3557,2997,533,6617,5497
-1
5294,1094,9234,5594,7310,7751,1955,3539,6905,1109,2725,2285,9305,5105,9745
-1
-1
2654,9794,7484,2844,9410,6980,8136,4496,6212,7928,3848,8048
-1
-1
-1
-1
-1
-1
-1
-1
-1
-1
-1
-1
8488,5968,8124,4758,7278,7158,4287,2571,5377
974,7058,4628,8996,1296,3816,2696,4412
9501,4861,7941,1857,2571,4287,7158,4218,1138,2074,6274,6868
-1
4223,5498,9578,8642,6212,4496,5616,1976,260
6688,4168,1648,8668,9978,2958,4078,8158,1138,2074,1324
253,3333,5817,5937,2571,5001,3945,4065,7651,5815
-1
9566,8291,7577,557,6353,5417,5857,1061,1501,4085
5903,1703,1583,9998,5798,9878,8822,9263,6833,5237,4237,6821,7261,1277,8297,2213
-1
7967,5042,842,722,9612,8492,4412,3292
-1
2927,4202,122,8262,8822,9263,6833,8549,2873,7073
-1
6045,6981,6861,8577,6147,3783,703,2418,274,5188
1703,5903,9542,7772,3692,3132,2012,6962,6842,1046,5246,8171,6401,485,6569
-1
9782,5702,1622,4988,9068,5868,4658,6374,5438,83,2603,8467
-1
-1
-1
-1
-1
6455,5519,1151,8291,7577,8017,997,1997,2117,533,6617,5497
8522,4322,5972,6092
-1
638,4223,9018,5378,2012,3132,5562,6122,38,9047,1907,2027,9881
-1
5510,9710,2570,9290,2270,4790,1151,8291,7577,8017,1933
542,4742,7172,8228,1208,1922,6122,38,9047,1907,2027,9881
8138,6422,3362,9446,9566,8291,8171,6401,605,4805,7289
