7094,8150,4070,1586,5666,8096,9812,3728,3168,824
9263,6833,5237,5357,9437,2297,6497,5497,8149,3949
9614,5414,7844,3764,5480,6040,3610,5326,4270,8350
2654,9794,7484,9200,8640,7520,3440,5960,1880,9020,8460,9770,5690,4094,2819,6185,7901,4381,8581
-1
-1
1725,1605,7689,3489,4425
7094,6534,2234,4664,2180,7976,6920,3400,3280,1564,850,3930,6855,3489,1905,5545
470,7610,5126,7556,3476,9560,9440,5920,7636,6580,2940,4710,3126,3246,3687,321,3961
-1
8711,4070,7436,5940,2300,3884,8084,9800,8644,9580,130,690,6486,6927,2782,6862,8578
1648,8668,9978,2958,7158,9642,9762,6396
-1
6275,359,1955,3539,6905,1109,2725,205,6001,3571,5287,4846,9487,8367,8247,1603,4033,3097
1725,1605,7401,9051,6126,9766,9052
5181,1101,165,7185,9615,8031,7590,5070,1990,6070
5078,9158,9038,4838,758,3278,5267,4553,3617,97,9547,6622,7678,1167,9022,1663,9958
6589,4224,3729,5379,2454,1894,3610,6040,5480,9560,3476,3356
6400,1605,7401,4971,771,1486,8506,8626,6196,5602,3082
1703,5903,4187,6617,533,2117,1997,997,8017,3937,2167,2047
6239,8759,2675,5105,4985,6701,7261,8261,1681
7197,9033,1893,9273,6843,7899,199,3838,8038,7324
4742,8822,8262,2466,36,3776,7976,6920,3400,3280,1564,850,3930,6855,2895,8691,7977,2841
3215,8570,1550,1055,5255,3539,6905,1109,2725,205,6001,3571,5287,1207,1327
7094,8150,5994,3650,284,2000,9800,8644,4276,5586,8511,1491,5571,9651,5451
5519,8390,4310,4430,2714,1404,1964,3680,40,1756,6396,1482
-1
6167,3683,758,3278,5267,4553,3617,97,9547,6622,7678,1167,9022,2938
1703,5903,4187,6617,533,2997,3557,9641,2501,6869,6989,2909,3029
960,7044,2404,2130,7926,9046,4846,5287,3571,6001,205,1205,5405,4469,389,1664
6806,5870,1670,3386,5906,2540,6740,944,8644,9580,9460,10,4090,2815,826
6806,5870,2790,8586,9146,2006,4931,3161,4877,7517,9728,8453,4253,8621,5101,9301
9782,8066,7506,8870,5726,9431,3635,6065,8341,8221,5737,3307,1537,4903
7094,8150,4070,5006,7526,6590,9515,5301,1661,1781,845,3805
8075,1055,5255,3539,6905,1109,3629,4685,605,6401,2321,2167,6247,3817
5174,2522,9542,5903,4187,6617,8333,4133,53,6137,781,3301
6590,9020,5940,2300,1244,530,9980,9826
9479,2459,4229,709,269,6065,8341,7627,5857,6857,1433,7297,4867
7535,7094,6534,2234,9254,8759,2675,5105,4985,5425,7009
2270,4790,2306,7220,8936,9056,4976,7252,7132,9442,5802
-1
6191,395,7415,3215,8570,8690,4610,7976,6920,3400,3280,9076,7206,2566,7516
5519,8390,7676,6026,8370,1076,7160,7040,3400,3280,1564,850,5050,3334,3775,2059,6259
9744,240,9964,514,3594,4650,8290,9906,5266,1066,3496
960,7044,2404,2130,7926,9046,4846,5287,2803,9943,4147
3215,8570,8690,4610,7976,6920,3400,3280,1564,850,5050,3334,3775,2059,6259,6379
5078,3362,8732,7796,7236,6026,7676
1550,8570,8690,4610,1244,2300,3884,8084,9800,8644,6214,7930,910,4990,5431
3782,9866,4070,8150,2234,9254,8759,2675,5105,4985,6701,7261,8261,4741,8977
8992,6562,9642,9082,3286,9370,9930,6850,7564,7444,304,4504
