9542,2522,5042,2612,4328,7288,3922,778,6862,7422,5707,9361,5721,5161,9241
-1
1622,4988,788,7928,3728,3168,824
-1
-1
-1
1583,1703,5903,9542,7772,3692,3132,2012,6962,5346,9986,6620,7676,6676,6556,3190,9055,2035
501,4581,2811,4527,327,7467,3387,5257,3541,1021,2176,5101,4165,6685
-1
6589,9669,2529,759,879,3750,3190,4906,1266,706
-1
1622,5702,4106,2390,5330,1844,1690,4210
2990,4860,7940,1856,1976,5616,8696,1556,556
4502,6932,5996,1916,6556,4906,7831,4311,111,5907,2827,1617,4983,6103,2022
1703,5903,9542,7772,1688,4208,7268,8424,6368,1728,4808
5006,4070,7436,3796,6226,8710,1690,3406,3966,4407,8047,8983,4783,4222,22,5818,1618
2198,2858,428,4082,716,9452,8396,9826,6306,9946,3862,222,8943,6513,6393,3313
6589,4224,3729,7809,2859,6225,4915,7345,3691,7177,5461
-1
7296,8571,8691,4611,9406,4270,8350,55,615,6531
5181,1101,165,1881,2595,7831,4906,6556,6676,9106
9830,8114,4034,1604,8744,4376,3320,5476
7296,3621,5337,9537,5883,7003,5353,7837,7277,5561,3845,7925,6989,2909,3029
4790,7220,3140,6100,8530,2734,7375,3295,1711,2271,3987,3867,3153,7233,4713,1633
9038,9158,1458,2732,212,6296,8012,3932,2996,1412,6208
5181,1101,3531,5961,3441,7521,2571,6771,2691,3966,3406
974,38,6122,1922,3572,52,6136,2770,4486,7566,8007,307,5662
9614,3530,8444,4364,1844,1690,3406,3966,2691,6771,6211,127,4327
2774,4698,738,5378,7148,7268,248,9124
7526,506,1220,5420,1340,4210,8410,1270,1711,7507,9937,2643,433,7573
6589,5469,1101,8241,5161
1919,50,4844,9080,9794,9234,8114,380,4580,3580,6010,94,5959,3019
-1
9326,470,7610,3530,8444,4364,1844,1690,8710
6590,506,1220,3650,164,2594,5794,7510,6355
7982,3782,9866,2012,6962,3596,6026,6740,7180,9610,8026
1955,3539,5255,1055,54,7634,3434,1004,1564,3994,5710,1630,4150,1939
5006,4070,8150,1130,5330,7760,9476,8476,1336,7252
9501,2361,2481,1921,1207,8347,3433,3313,883
7296,8571,8011,6295,6855,6414,550,4630,2914,484
3062,9146,9266,6836,2636,1426,3910,4470,5406,51,2481,6121,7837,3197,4133,8213,4013,2297,737
3453,2517,9657,7941,801,4881,5595,4011,6441,5881
-1
3494,1130,5994,8514,6644,3004
2198,2858,428,4082,4796,6226,2860,2740,5170,7690,1606,5806,451,7471,8527,2731,5161,9241
-1
-1
1622,5702,4106,2390,5330,1844,2284,4714,634,1194,8214,9775,5575
1622,4988,3272,3832,4832,632,6716,5132,1052
-1
