2.3831902 3.1957862 -2.836982 1.8562685 -4.6699166 -0.4335241 3.1279874
1.7969321 1.7947646 -0.6433834 1.1766508 -4.4679236 -0.6956004 -0.10524586
1.6789924 0.7315492 -2.636556 2.2491171 -0.43904182 1.2018526 2.4817238
2.9014983 -0.81394607 -2.0725791 0.7148818 -2.8974304 -0.758095 2.0983293
0.47235763 1.1865516 -0.42148224 1.2803285 -1.3050991 1.8281353 -0.5557891
2.8335123 -0.97346157 -1.9665006 0.40546432 -0.04109011 2.671993 1.2502217
1.455411 -0.39455348 -2.2064946 0.9099338 -2.207266 0.027197886 -1.5330003
0.7638911 2.2017295 -2.2961714 2.7874925 0.15165962 2.126973 -0.037826505
2.5740354 -1.9341769 -2.4957173 0.77491707 -1.8241673 -0.5855266 0.010027472
2.2579882 -1.5484004 -0.9075229 1.3671067 -0.6907811 0.23389985 -0.23142448
1.8371102 1.8942498 -3.11248 0.9977224 -3.914474 -1.1177042 -0.6647828
-0.45308053 0.09669928 -1.1950647 1.1175666 -0.15429436 3.244505 -1.5969558
1.3310184 1.2574825 -2.6697617 2.1890953 -1.3923396 0.7611386 2.4350295
1.5677294 -0.86643964 -3.1354747 1.0163912 0.07745292 1.8139296 0.58389306
3.6810012 -1.8324788 -0.8125736 0.24235442 -2.2657228 -0.65750325 0.35392663
1.7749678 3.419082 0.832603 0.18170816 -1.9304143 -0.115090474 1.0644152
1.959305 0.0572217 -1.3480594 1.2520944 -1.9605838 -0.039674472 0.98692673
4.05683 -1.5130835 -0.18439008 1.1489544 -2.690815 -0.040281277 2.4962974
1.1859875 0.14497928 -1.0711695 0.90149677 -0.7834573 2.9728074 0.57110626
1.1817366 0.09982781 -0.29070976 0.8540073 -0.65572524 2.5753825 0.45834973
2.932626 0.41926658 -3.3080552 0.46680304 -2.7250748 -0.10001223 1.0541757
2.0269327 -2.376876 -4.0086436 1.0469737 0.93536156 1.280235 -0.65186805
3.171866 -0.46193737 1.1243529 2.1552885 -0.8787415 1.9902956 1.2067783
2.7389667 1.0452092 0.20037936 -0.16763355 -4.205685 0.2865471 0.9675749
3.5639932 -1.1597652 -2.0081766 0.96908236 -4.360661 -1.0176816 0.9772726
2.6025152 0.5081925 -2.807607 1.7837684 -2.7292585 -0.61406493 2.4366856
2.5581036 -1.3761336 -2.7895687 0.52166873 -2.6985767 -0.24295436 0.27123025
2.2879167 1.0478597 1.540905 -0.3103675 -3.43403 0.44210997 -0.001229849
3.1708567 0.9777151 -1.1664982 0.2600383 -3.8306704 0.16791607 1.9783318
1.2303263 3.039579 -0.2962542 1.4849538 -2.193466 0.55841994 2.4307404
2.5223675 -1.0783784 -1.0930207 1.2341685 -0.78312755 -0.23239301 -0.9792517
3.5537658 -0.48863572 -1.7954264 1.1508931 -2.971797 -0.1908307 2.5166607
3.3888326 -0.13775273 -2.5060668 0.60291946 -0.36194727 2.4241943 1.4943666
0.9665723 2.9652114 -2.6833355 2.2279932 -2.7570755 0.55800575 1.5884618
1.4032296 1.4919579 -1.2243552 2.3251207 -1.3749698 1.470963 1.716821
3.706081 -1.935071 0.43538043 1.7437149 0.641626 1.584477 -0.06889072
2.0179205 -0.7681858 -0.0084696 1.687684 -0.74118227 2.329563 0.67871433
1.2775979 -0.89620525 -2.5457175 1.0339845 -0.07960717 2.1548345 1.057091
2.139904 1.8142003 -1.7241532 -1.0115435 -3.2490988 0.847775 2.090186
2.2050478 2.1985388 -1.7632413 2.2509024 -3.4990802 -1.2929777 2.6896653
1.7519329 -2.0912347 -2.8055966 1.2921578 -0.7051821 -0.19973658 0.012397531
3.030939 -0.36683148 -2.103754 0.2206785 0.05190351 2.719753 1.6770599
4.7457767 -0.54446167 -0.42848113 0.86085606 -2.857533 -0.51111305 -1.1869919
2.9868414 -1.9636532 -1.8304609 1.0230638 -3.8904715 -0.6453266 -0.9234927
2.4767635 0.26287156 -0.785089 1.6325412 -1.5885566 0.8119573 1.8578348
3.3248315 -0.54551727 -1.6345979 2.0425406 -1.8813807 -0.13024138 2.3797653
2.912808 -1.263774 -2.794538 1.2721689 -0.24503689 1.5652747 1.0937984
0.45809853 2.7721734 -3.3507361 0.66408324 -2.683686 1.5827771 -0.3921568
1.6428611 -1.9395244 -1.7014003 0.20474786 -2.5248423 0.37803754 -1.6618651
1.8610111 0.036604453 -1.1810257 1.1743557 -1.8686653 0.17541029 0.5143193
1.3275913 -1.0433791 -1.6302074 0.9999137 -0.72896516 2.0777133 0.3407093
0.1899475 1.021975 -1.7003504 2.0300348 -1.1640297 1.7453499 -1.5346925
3.4652565 -1.443757 -1.6113615 1.0163327 -2.278797 -0.5552441 1.8284075
2.3452682 0.9465249 -2.593488 1.708817 -3.3838117 -0.5441131 2.6033587
2.7159872 -1.0590749 0.6236942 1.6590563 -1.1513468 0.5747155 -0.006985035
0.8112305 2.2949708 -1.8961867 2.5943139 0.035357855 2.5229073 -0.7171312
1.6810135 -0.6936292 -1.4980543 1.2014418 -1.6769451 0.20127971 0.21044734
1.259595 2.9733055 -1.8428609 2.0953705 -3.5463076 -0.89141774 1.886912
1.72498 2.5444238 -3.1659248 0.8285908 -3.6121514 -0.27699658 -0.64291054
2.5600514 -0.5334889 0.25346062 -0.70844734 -4.00357 0.5441601 -0.22842667
2.0273862 -1.7334113 -3.368704 1.4485276 -0.08869354 0.51967984 0.17599821
1.3975171 -0.6324083 -1.279469 0.7162153 -3.5199733 -0.9725393 -1.2824972
3.1990678 0.86647135 0.21170567 0.27554867 -4.525585 0.44607273 1.4631474
2.8283262 -1.5809476 -2.8499303 1.1491435 -1.112395 -0.4154586 0.08173689
3.918224 -0.3694293 -2.4832985 -0.597366 -0.13513766 3.1214852 1.6024683
1.8468006 0.12836568 -2.8740938 1.9186399 -0.80986226 -0.077138826 1.1542621
2.0111313 -0.58430785 -3.3869746 1.013525 0.42152938 1.7330418 0.6124388
0.5913187 -1.4950528 -1.7101394 0.9245511 0.36445728 1.1791594 -0.9349118
3.6160095 -1.3488975 -0.61345947 1.553766 -1.8390889 0.6930226 2.251127
2.617286 2.5942817 -3.108639 -0.16401936 -1.298513 2.3905728 0.16874674
0.80403894 1.171676 -0.96512085 0.45435935 -3.5031147 0.28667304 -2.5046744
1.1808928 1.407111 -0.6736102 2.3908756 -1.0985473 1.9728963 1.6270726
1.0177454 0.7298493 -3.7733638 2.2341232 0.20169146 1.5425692 1.3269953
0.305493 0.2925529 -3.222241 2.5499122 -0.22784124 1.6043556 -0.83503085
1.4822301 1.3172374 -1.6880765 2.3771422 -1.3683709 0.82354623 2.599823
4.323479 -0.9806494 -2.235519 0.6272996 -3.7882996 -0.7110156 2.0314908
3.050383 -0.24841596 -3.0724876 1.4189188 -1.9320241 0.29526737 2.7910109
1.7843583 2.741256 -2.85832 1.4875586 -5.130214 -0.44095328 2.3700562
1.8524506 -1.1991112 -1.6961693 1.3168964 -1.6027352 -0.25397792 0.36161003
3.3757012 -1.2639018 -1.8261971 0.83655024 -1.3655492 0.48275653 1.8233082
2.6922498 -1.6664276 -1.5412986 1.0904245 0.3101783 2.528169 0.76280034
2.072974 -1.6961677 -2.0801203 0.7132913 0.20357527 1.9754326 0.44454417
3.107861 -0.61450803 -3.0646439 1.3756368 -1.3462012 -0.356694 1.3253381
2.6779108 -1.3298655 -2.8573174 0.398234 -2.3094158 0.4159594 -0.7799963
0.011721265 1.5608187 1.2823048 -0.06725454 -0.41251644 2.0228899 0.80572164
1.8429192 -1.289186 -2.203363 1.6994736 -0.38335547 1.4311247 1.2590947
3.0448112 0.072157905 1.2740362 2.2065544 -0.7336837 2.7645981 2.1210442
1.0475676 1.8530917 -3.8247278 1.1025894 -1.5322148 1.6940197 0.24405661
0.56509477 2.510268 -1.7089202 3.0346317 -0.5473052 0.68315387 0.9919626
-0.31121755 -0.5708489 1.4356561 0.8637166 -0.16392277 2.9984758 -0.9205367
1.6804804 -2.1846583 -2.6850379 0.5831042 0.011367463 1.5249243 -0.0039515756
1.0190006 -1.0580628 -1.0212556 1.0784843 -0.90833575 2.04417 -0.2892827
2.803814 -0.4416563 -0.0830033 2.664186 -0.6206383 2.1744995 2.1655562
0.4168024 2.1235807 -2.8233395 1.0345141 -1.7533844 1.9521416 -1.6991713
2.9805934 -0.75986236 0.21865462 1.5044531 -1.2843146 0.6502819 1.2979898
4.4196734 0.016676713 -2.3810365 0.57832146 -4.2807817 0.94962764 2.6399336
2.6435773 -1.8093145 -2.7911317 1.5121099 -0.8534866 -0.38771227 0.7014888
3.7009857 0.46744448 -2.1285784 0.25816247 -4.924953 1.1971256 2.940382
1.0729784 -1.5911727 -1.4909209 0.39857635 0.2502493 2.0482035 0.27138093
3.7156441 -1.1768643 -2.5849025 -0.3978131 -2.0733588 -0.40921828 0.89079326
3.2457657 1.4059961 -3.5872881 -1.7633792 -3.4677496 1.7011706 0.16039702
2.7221103 -0.697792 1.0694189 1.3435379 -1.4166166 1.4228387 0.6258494
1.8521333 0.29784495 -0.2524071 0.2562553 -3.6957235 -0.7152791 -0.70821047
0.8225183 0.39620763 -0.78217375 1.2469287 -1.1840957 2.1315684 -0.27722377
1.4636579 3.2770488 -3.4127784 0.26480415 -3.8353763 0.87475747 -0.669479
2.4306557 -0.5131766 -0.13714434 2.732205 -0.24265073 2.4551566 1.727095
3.034197 -1.4827566 -2.076718 0.95575386 0.50346184 2.1649396 1.2217383
3.1660783 -0.005205092 -3.2350447 0.6139434 -2.0912666 0.012788552 1.16044
1.4591752 2.6275249 0.30376765 1.1431997 -2.0850983 0.75923157 -0.14967483
0.92357635 -1.639477 -0.5523262 0.98213816 -0.5032451 1.7500546 -0.76316625
2.1298676 -1.3326921 -2.290736 1.0776784 -1.1166646 0.89501905 -1.7517253
2.6035366 0.1481394 -3.1929758 1.4502485 -1.2789888 0.108305946 1.3515939
2.2163763 -1.3061705 -0.07337572 1.0729935 -1.1317439 0.58576965 -0.35626003
1.4864432 2.057106 -2.9308445 1.8093957 -2.8781695 0.14903168 2.0264316
0.30766523 -0.044364166 -0.4691992 0.76333356 -0.7835798 2.5937047 -0.3886337
1.7489631 -1.073364 -0.42926875 0.5677528 -3.6301188 -0.83243906 -0.91909456
4.7239113 0.9457634 -2.1487973 0.49958923 -2.917017 0.69811916 2.6920502
1.4155365 -0.7567025 -3.7434933 1.6531062 0.09338101 1.2795603 -0.3982742
1.7537978 -0.5588057 -3.6999898 1.1730644 0.34097853 1.2176185 1.1119881
2.353179 -0.94023997 -2.6447775 1.9393966 -0.9585701 -0.53278637 1.2134312
0.97131836 0.1854785 -1.2365017 -0.123605855 -3.6498342 0.6418273 -2.679686
1.1260842 1.1399773 -1.1796783 0.931531 -0.92254746 2.6169155 0.8586052
1.2217768 2.9841928 -3.439688 1.1004782 -2.7599027 2.3195698 -0.60798615
3.482203 -1.8131189 -0.37434998 0.79988813 -1.9314021 -0.13967584 0.99106795
2.482955 1.4760889 -3.519073 0.40049234 -2.5807314 0.48035246 0.2468386
5.5678577 -2.0390735 2.1567898 1.8759422 0.47850028 2.0339332 -0.9601907
0.89726025 2.2300158 -4.3881145 2.0985892 -0.72779953 2.3510048 -1.5859087
3.3744967 1.4326363 1.9761593 1.0787512 -3.211749 -2.5031931 -2.439311
4.837324 0.03341799 -2.6089234 1.7493027 -1.1610875 0.22998811 2.5815063
2.3369184 1.7714885 -3.2569966 0.24420568 -2.435859 0.39364943 -1.1638805
3.212172 -0.5491094 0.30421278 1.981501 -0.6427048 0.5745117 -1.6029307
0.99155605 0.99552363 -2.9261978 1.8919514 -1.2316797 0.49405274 1.9185002
1.7083286 -2.0435255 -1.7892418 0.7553147 -2.482427 -0.9763818 -0.3788788
0.96847403 -0.005340767 -2.2502084 0.9244534 -0.05414114 2.080133 0.10993591
2.5315137 -0.7529456 -2.8304117 0.6080314 -2.695532 -0.19671021 0.17559624
3.195679 -0.10584921 -3.0680666 0.879511 -0.55878913 0.99047554 2.3899183
1.3683699 1.3883557 -0.28812745 1.360807 -1.1975375 2.2244904 1.6348505
2.5351 -0.2290935 -0.7340236 2.1428027 -1.1514311 1.1613955 2.1127324
1.5217787 2.9906049 -3.3127077 1.1110352 -3.7216413 0.6578356 0.8527563
5.258223 -0.37981933 0.18009137 0.68005085 -1.5558523 0.29758325 -1.621036
3.3489993 -0.65900725 -0.32188967 1.4691886 -0.8420633 1.8636181 2.5099328
1.6666114 0.76680094 -0.79344463 1.1367675 -1.718622 1.076997 0.9222701
1.6872119 0.13112621 -2.0714142 1.7872292 -1.9494674 -0.58371204 0.64582556
2.795164 -1.5928628 -1.8092858 0.53050077 -1.3454018 -0.47923228 0.41989246
0.9887731 -0.46571296 -1.5829731 1.3057683 -0.5550857 3.0451653 1.2042758
1.1368684 2.6923046 -0.5547719 2.0119221 -0.84116685 1.162231 1.7143259
3.5494983 -0.946794 -3.628557 0.17785665 -0.8827294 0.6823659 2.3137407
1.4517184 -1.1314708 -2.5011272 1.4295559 -1.500111 -0.22792505 -0.7388579
1.0564708 1.8164241 -1.7933257 2.6349647 -1.6989523 0.38387385 1.1334534
3.3850174 -0.10611148 0.69747496 2.1298664 -1.5059515 1.6953895 2.0446756
1.6370381 -1.9281542 -3.10948 1.373666 -0.06454668 0.96050954 0.39581636
4.852041 -0.2182662 -2.8753533 -0.43028438 -0.83338654 1.258421 1.4042323
2.4714632 -1.659133 -0.35973766 0.4193922 -1.7890297 0.10440065 -0.7108953
1.8453075 1.0234736 -2.3754528 2.2765067 -1.0667892 0.1912026 2.4342442
1.3830875 -0.97630876 1.6382589 1.3743174 -1.0855507 1.9679 -0.6518176
2.5272393 -1.3058448 -1.7292752 1.1345836 -2.0704613 -1.2825572 1.311182
2.531593 -1.3354028 -2.7800653 0.7002593 -2.126071 -0.2652665 0.10748586
1.7778766 3.5965602 -0.41009787 0.6821978 -2.884107 -0.019783836 3.4974828
1.3677734 2.905662 -2.860685 0.7082994 -3.1576216 0.6806307 -1.2178128
1.5053816 -1.7915046 -2.2772877 0.8404636 -0.19244765 1.8842616 -2.020924
2.0044649 0.09592061 -0.39802673 0.71386296 -1.6506699 0.8025939 0.58524984
1.377594 0.83230764 -0.9502901 0.6480119 -0.42025945 2.2086918 -0.4224039
3.3596706 -0.4893424 -0.5015172 2.017132 -1.907014 0.22878458 2.1901479
1.4905299 -1.0697427 -2.5938468 0.68159395 -1.676189 0.34794888 -1.4034204
1.9973823 -0.5049028 -1.8375472 0.8423438 -2.7602763 -1.2700582 1.5276308
2.6219938 -2.0803776 -2.474818 0.3964251 -3.5194204 -0.28374264 -0.08226362
1.5301012 0.8481324 -3.050585 0.6577255 -1.6728424 0.63650167 -1.9742552
-0.031752218 -0.95213765 -0.5930438 0.79128736 0.4998316 2.5417876 -1.965878
1.8582848 0.4293892 -2.7533212 2.3384714 -0.68131375 0.928819 2.610076
0.9912056 -0.3737728 -1.3744355 0.75465995 -0.5913383 2.8033714 0.33662516
1.9559549 0.95332056 -2.003109 1.3513187 -3.835521 -0.6571971 1.7807814
-0.6306857 -0.35356706 -0.68384206 0.6408055 -0.74402857 2.445779 -1.7993181
3.564299 -1.5355608 -4.004626 -0.10828605 0.6846414 1.4731654 0.6629253
1.7240899 -0.1755224 -2.8303962 1.442431 -1.3591648 0.19663809 -1.2040898
1.0479933 0.78612787 0.8211446 0.12797025 -1.5390713 1.8392708 -0.19943771
1.7865454 0.014607954 -0.18735553 1.080773 -1.1843454 1.836057 0.4680273
3.3493917 0.3838395 -3.8827932 0.40489534 -0.9061793 1.6711283 0.31642917
3.786542 0.70608133 -2.1663828 1.9231267 -0.56404257 2.184794 2.3070493
2.7078931 2.719768 0.47374985 0.45307997 -1.6432589 0.9511707 2.0456042
1.5114982 2.3977406 -2.5189881 1.1293347 -3.2784386 -0.18575828 -1.1853257
2.9181147 3.0321617 -0.33624366 -0.93245107 -2.6184125 0.5845933 0.95285237
1.0842268 1.6042228 -0.42689207 1.5688611 -1.2297782 1.8961842 1.6741607
1.3513595 1.0236927 -1.6608162 1.9809339 -1.0643938 1.5343001 1.2811327
3.6079946 -1.2542365 1.4208033 1.2397195 -3.129286 0.8638811 -0.7685408
2.5639408 -1.1708434 -0.8149586 2.0355034 -0.64466166 1.2471356 1.3159196
0.72597474 -0.16895635 -3.3861854 1.8612723 -0.35010716 0.92503816 -0.31743315
1.0006965 -2.2024522 -0.03623416 1.4454896 0.3487251 1.7812977 -0.9284611
1.0981805 -1.8974032 -2.7475035 1.170773 -0.34598455 1.4102409 0.035561536
3.8206153 0.5929274 -2.395396 1.0389742 -2.700471 0.24790038 2.7133741
4.3518624 -1.2669759 1.4044378 1.392885 -2.9879897 -0.22683547 0.7895145
0.29143035 0.30915123 -0.050804634 0.47827587 -2.3166993 1.1930888 -1.5339692
0.79043067 0.53707796 -1.0130066 1.6875179 -1.430267 1.567678 -0.9493979
1.3256592 0.9649442 -0.411325 0.87992823 -0.64620304 2.386988 0.5645861
0.8098047 1.9002982 -2.2900374 1.9401977 -2.0335095 1.1611003 -1.609249
4.655423 -1.4729655 -1.662794 0.93429804 -5.144571 -1.0847235 0.51409817
1.1086195 -1.1411048 -2.7965357 1.4212068 -0.8350719 0.9224119 -1.6009427
2.4967818 -1.3941042 -2.227351 1.3743122 -0.71483064 0.7468605 1.3314248
0.34754175 2.285039 -3.8071191 1.6315485 -1.867933 2.4593174 -1.143772
3.4060483 -1.0217073 -1.6071479 1.2627249 -0.67249835 0.14578278 -0.14831269
2.1249537 -1.4933357 -1.4704859 1.4120674 -0.16953538 1.8791897 0.57575196
5.545435 -0.3983372 -2.4932039 -0.9072299 -3.152487 1.1954012 2.5894318
1.7251984 1.1342535 -0.42887273 1.1417669 -4.8096375 -0.79236054 -0.95208406
1.0705009 -0.6695177 -1.0630605 1.128777 -0.76766455 3.0338132 0.58281046
0.99251294 1.6557044 -0.21574523 1.1636655 -3.3312569 -0.39204404 -1.9682286
3.1114788 -2.0299935 -1.3062286 -0.0063820784 -1.5997615 0.2406186 0.93238336
1.2235609 -2.3029647 -1.2797108 0.903505 0.49221602 1.4142964 -0.65650636
1.3939052 2.735538 -2.1358383 0.86787766 -1.1630789 1.3399111 -1.1978486
0.8116925 1.0081195 -4.2536154 1.4816151 0.7274138 2.0570219 0.71652013
2.0503197 -1.5588864 -2.1645277 1.729989 -1.5887293 -0.8772188 0.7976585
2.7907896 1.479226 -3.1418033 1.5035739 -4.622981 0.118434206 3.385727
3.889579 -1.9451451 -1.3928072 -0.047248513 -2.1823106 -0.32784972 1.6850021
3.7332537 -1.3437033 -0.11234082 1.216869 -1.0175775 0.8123877 0.045885775
0.61248493 -2.1511052 -1.826551 0.99253184 0.29090706 1.8978739 -1.8287792
1.9049863 -1.0967915 -1.4591142 0.98392135 -1.4000971 0.15552272 0.4063435
1.2621967 2.7343688 -0.68863654 2.0834928 -0.65829897 1.1451216 1.687475
0.80425966 2.7489548 -1.5951376 2.6290193 -0.30275497 0.28862455 0.727279
0.89587325 1.4546964 -2.5826817 2.8108125 -0.8476119 1.1313958 2.099166
0.9135338 -1.1868107 -1.9400102 1.545101 -0.89877367 1.2210679 -0.98829585
0.8617978 1.8266087 -0.40704253 1.1152425 -1.3157086 1.7009654 1.3017216
1.4628552 0.3020584 -3.9520826 1.6385603 -0.24654947 0.9502044 0.2703103
1.0633693 -2.4685204 -1.9708174 1.0206267 0.7590256 1.3020066 -0.8647259
3.096256 0.6146843 -0.97099125 2.2109325 -1.3828752 1.230413 2.286374
1.6142255 0.70212203 -0.8688189 0.45555833 -3.2261362 -1.0635004 -0.062536985
3.4857807 -0.86938286 -2.844631 1.0395277 -1.81609 0.16033734 2.259305
4.1018376 1.6460445 -3.2504194 -0.9542109 -6.0491066 -0.18459068 0.34063914
3.2443087 1.6253146 -2.7409608 0.09709266 -5.317221 -1.3268127 -0.55298483
0.51798546 2.3626266 -2.6376126 2.1343033 -1.644021 0.82655835 0.25843063
1.3576323 0.5515676 -2.2377863 1.5543561 -1.928787 0.2559925 -0.6157335
0.22339715 0.099745795 -1.9207958 0.94628537 -1.2226666 1.5262544 -1.8391943
3.98421 -1.3420811 -1.7150112 0.58645 -2.2742898 -0.8348584 -0.9868137
1.137293 2.3466153 -2.4608848 1.1088276 -2.8529599 0.6431623 -1.8190441
3.0838585 -1.2648642 -2.8485537 1.6480793 -0.91069937 -0.31862494 1.66432
2.733841 1.7598047 -2.2655358 1.2853589 -2.160833 0.6016159 2.8825574
2.0627747 -1.3774395 -2.5273259 0.5751985 -3.1742654 -0.20212929 -0.14687371
2.7905893 0.8888646 -1.4449598 0.31734797 -2.6415472 1.0614626 2.1637235
0.67465866 -1.5279765 -0.024293441 1.050124 -0.049648263 2.4303873 -0.4060634
0.78378224 -0.035481166 -3.5960865 1.4802492 0.06059619 1.7792629 0.15665397
0.34359425 1.0260209 -2.5185862 2.9507725 -0.60820985 1.3403308 -0.91939664
3.3241906 -1.3611374 -2.5541358 0.96146846 -1.2707636 -0.7030457 -0.18181053
2.3529937 -0.71933717 -1.0867306 1.5467453 -0.39881948 2.8789015 1.6622607
2.961165 -0.22433038 -0.7023107 1.4718623 -4.5111117 -0.92431635 0.7229622
1.8185662 1.5906416 -3.346515 0.9834453 -1.9387668 0.8864973 -0.50204605
3.2137628 -1.5271809 -2.021563 0.16335091 -2.1892443 -0.417536 0.56903154
1.7979931 -0.38122112 -3.4899852 0.8596068 -0.11396549 1.655366 1.102454
1.0872544 0.8765486 0.18225645 -0.15623732 -3.1134148 -0.4164892 -0.8978776
1.9863042 1.0263295 -0.370487 0.719082 -4.0755644 -0.84837335 -0.029896405
1.2728127 2.2797108 -2.6691887 0.6364119 -4.3764796 -0.9869039 -1.7044009
3.5968382 -1.3045156 -2.6922095 0.084148616 -3.1243563 1.581204 -1.9444127
2.097057 1.7239474 -1.4355422 0.0068703885 -3.4650242 -0.2514862 1.5820891
2.5244353 -1.1832733 -2.8266594 0.19808334 -2.781808 0.96455055 -1.6247785
1.1687909 0.8469011 -2.2058659 2.0460002 -0.8888084 1.3320332 1.3128419
1.4023677 2.2304754 -1.9279188 1.8513293 -2.9397893 -0.63865805 1.4125042
1.8992847 0.442028 -1.9019504 2.5980098 -0.72564965 1.4990333 2.279544
2.8912466 -1.6380126 -0.81949556 0.45115092 -0.69717264 2.5774171 1.018904
1.3117782 -2.0726786 -2.4575155 1.1001955 -0.6247993 0.31390426 -0.42812985
0.921919 0.50304395 -1.9431794 1.8671663 -0.74762845 1.8784909 0.2534081
1.8198372 -1.5221224 -1.6269692 1.1193666 -0.8894097 0.68526953 0.32463643
0.35295057 1.8047394 -2.6167088 2.9255686 -0.90723896 1.0875967 -0.24707052
3.9586043 -0.24443848 -1.7261028 1.3971188 -3.0375733 0.011465925 2.8394978
1.8272388 0.45319998 -3.1409128 1.2366471 -1.2465507 0.6758667 -1.1708422
1.5063716 0.5735293 -0.18016364 1.2427399 -1.1979128 2.5169213 1.4866786
0.34251118 0.1880856 0.008603316 0.36417946 -1.7825931 1.4565587 -0.8657734
3.79637 1.3282808 -1.9545732 2.086117 -0.44652638 2.7051032 2.342316
1.5896611 -1.131156 -2.1887684 1.1784337 -0.0976548 2.3588004 1.214078
2.140778 1.4959937 -3.6202614 0.68448555 -1.9564377 0.9545652 -0.03461903
1.9849199 -2.2178547 -1.1871529 0.61437577 -2.4517581 -0.46794638 -1.0304849
1.9489235 -0.8454477 -1.4919153 1.0105278 -1.9699224 -0.9262904 0.46649015
1.7296332 -0.7948882 -1.2375789 0.6518817 -1.9949749 -0.03869329 -0.11256257
3.0034056 -0.41220015 -2.9547985 1.7538657 -0.46002707 0.83389604 2.1344624
3.9729161 -0.70506746 -4.111807 0.755301 -0.17689149 0.76015544 -0.10161325
2.8192763 -1.5724604 -2.5892744 0.86194247 -0.991542 -0.31355974 0.5279658
2.2453704 2.6713011 -3.6184847 -0.13036397 -2.4381015 1.6492747 0.21358904
3.7915704 -0.96167785 -2.4257815 0.69315183 -2.9024608 -0.4124951 2.2460332
1.8685843 0.4910081 -2.0637422 1.3251745 -2.599939 -1.1865625 1.4404039
3.247871 1.4883296 -1.7886531 1.7106609 -1.9311227 0.2705517 2.7167468
5.3219495 -0.8205742 -4.0272155 -1.3378556 -2.0434453 0.40799144 1.3669322
2.6332762 1.0774405 -3.7150443 0.43344614 -1.5604643 1.1744314 -0.30264065
2.2659736 -1.159375 -2.6741602 1.6470343 -0.6646619 -0.05462591 1.4022999
3.770947 -1.147809 -2.8631437 1.0243983 -0.8994813 0.48350194 1.1285356
3.7791076 2.8081937 -3.5531576 -1.4978973 -1.9649338 2.6516798 -1.2090943
1.1189858 2.344606 -0.056753177 1.3559566 -2.1958466 0.7095762 -0.6966737
0.40119064 -1.0463433 -2.9854152 1.7282212 -0.12901996 1.7950339 -1.3219328
0.8440677 1.2581145 -2.6767223 2.3234153 -0.74486643 1.1457225 0.74475384
2.329813 -1.0900238 -1.1628091 1.8811089 -0.28577235 2.1322632 1.25463
3.0969987 -1.4627922 -2.5820422 0.9183962 -2.2208416 -0.45861587 1.5785031
0.533178 0.2845288 -0.9294206 1.3524425 -0.7024034 2.3099878 -0.26347235
3.164721 -2.1373453 -1.0762323 1.1390314 -3.4649866 -1.2704122 -0.66617423
4.2185464 -1.2074583 -1.0564728 1.0569507 -2.8248935 -0.16122447 2.7044744
3.3536272 0.11579029 -1.5991669 2.1937535 -2.1921356 0.19404103 2.712037
2.5668042 -1.3528935 -3.0265782 0.022841841 -2.371896 0.9271457 -2.094492
0.82205313 0.34051114 -1.9862218 1.8450067 -1.4160914 1.1453934 -1.8031994
4.186373 -0.87823695 -3.1177475 0.6841417 -0.8041147 0.33438852 0.380964
3.3753502 -1.538666 -2.4178278 0.9056778 -1.2633264 -0.0983728 1.2938294
2.7503765 -1.3757086 -0.7519864 1.731971 -0.48054215 0.8989537 0.39547005
1.7953156 -2.08973 -1.4694023 0.38592842 -1.9313539 -0.065695986 -1.2340828
2.3892362 -1.4289399 -3.0217535 1.4701822 0.12540461 1.40259 1.0318818
3.1270802 -0.09629522 -3.7554157 0.96561456 -0.9129803 0.77759755 0.2681399
1.1716291 -0.5331916 -2.8340104 1.6668736 -0.51113755 0.8231733 0.024049196
1.110858 2.1999607 0.6678754 1.1260056 -2.3141396 0.6707506 -0.3730641
5.006606 -0.3142001 -3.3311403 -0.10215315 -0.57527745 1.1580114 1.2137167
