0.646623 1.5903041 -1.9036576 0.99296236 -3.347362 1.360276 2.0623207
2.5793867 -0.28833133 -0.57555604 -1.5261652 -0.9222556 2.4906943 -0.27037176
3.569322 -0.25520962 -1.2930918 0.83617556 0.40780726 -0.22040729 -1.7273085
3.9542277 -0.88132477 -0.7162009 -0.39892587 -0.39860937 0.3667051 0.511349
1.6610674 -0.0071085515 -2.1155925 -1.0643613 -0.44862136 1.8652881 1.1482139
2.1119528 2.0531414 0.086715445 -1.4258924 -1.2254537 1.7252736 -1.7414525
2.2301238 0.23162763 -0.22035135 -1.2879303 -1.4289002 2.386164 -0.24509731
1.592954 2.4318726 -0.45741132 -0.8633914 -2.0409765 1.9946036 -1.4552866
0.4649861 2.064233 -2.5913239 0.264529 -2.844225 0.3619868 1.5738636
1.1076679 1.5043244 -0.39876702 0.30485573 -3.0679748 2.5895865 -0.4902973
2.4049885 1.2535414 -2.2159584 -0.075666726 -0.013364889 0.8374971 0.5080834
3.6133733 0.2910872 -0.97290087 1.0404286 -2.5214567 2.3036804 1.8647368
2.00986 1.8522123 -1.1829643 -2.217296 -1.9604028 -1.2096531 -2.1081493
2.058114 0.45993137 -0.6432851 -2.0722148 -1.5557226 0.21653946 -0.89991856
2.622209 1.7598113 0.05526064 -1.616803 -1.0175358 1.6015162 -1.581372
1.7815406 0.048387993 -1.987976 -0.8910221 -1.2387887 0.5984687 0.57427734
2.5391452 1.9658226 1.4757485 1.9199754 -0.4310058 1.4274485 -1.6821473
0.554335 1.9214728 -2.4663403 0.14862505 -1.9372543 1.0512893 -0.29377863
2.7135956 0.86495286 0.85336673 1.3530284 -2.2311041 3.1916788 0.15259975
2.5281377 2.167327 -1.3648536 2.2315133 -1.4589788 1.7163002 2.2599094
1.34786 2.913034 -1.2954577 0.7024338 -2.2946582 2.6963558 0.22170392
1.6686271 2.8814363 -1.7773778 0.026867121 -3.7778857 1.0527015 1.2829956
1.7138374 1.4526589 -1.2430168 0.2923332 -0.9183438 1.3940284 -0.67003125
4.4881425 0.19473808 -2.1454716 -1.0737648 -1.1383727 -0.2864487 0.20302758
4.3196635 -0.21973498 -1.5147998 -1.7344186 0.241318 1.1792337 -1.5764205
1.9685605 0.6478327 -0.42048648 -0.1895243 -0.78198403 2.0363011 -1.0790892
0.91243565 3.6901863 -1.1092372 0.8320087 -3.0207167 0.65402484 0.28749993
0.814537 1.9114294 -2.1132476 0.07938185 -1.7057511 0.15986665 0.07984927
2.1441855 1.6870273 -0.20451476 1.5370567 -3.9180894 2.047322 0.3231966
0.6391627 0.86776596 -1.8075618 -0.68417656 -1.4983555 1.2898898 0.008958373
0.46586967 0.93875915 -1.9948831 -0.11801061 -2.1068263 1.2356459 0.21448842
2.233282 3.187674 -0.5246551 2.2042625 -1.5880228 1.8667309 1.9754202
4.939856 1.717633 0.863755 0.30685553 -0.8853415 0.08415474 -0.6791657
1.8197572 1.3313102 -2.4935825 -0.5118105 -0.3037903 0.97014487 0.02850965
0.17393376 1.4500487 -2.7870672 -0.09048316 -1.784853 1.4493184 0.086657315
1.4930736 0.6653537 -1.2555596 -0.05273074 -1.1741128 2.4343657 -0.43932113
0.11313297 2.1366582 -2.4450493 0.70200706 -2.286438 1.6186877 0.84776074
2.2020144 1.7786332 -0.33338693 1.3157499 -2.4384065 3.25014 0.7948681
0.2520249 3.3081148 -1.4176532 1.4735588 -2.1587727 1.7152063 1.1205859
0.9259597 1.7979226 -1.6761024 -0.13210341 -1.5198874 0.14768101 -0.3305436
1.9028305 1.4082488 -1.7684823 0.22273168 -3.6067884 0.79196477 1.6853507
3.6367824 1.9117402 1.5004959 -0.4004655 -1.6246796 1.8879886 -1.1749092
1.6089103 2.324576 -1.1911389 0.9432262 -2.7870693 2.9425328 0.81569785
3.676117 0.7500273 0.545807 -0.20538303 -1.1196307 1.7085025 -0.11603531
3.631594 1.5314069 0.0854051 -1.5737897 -0.34315714 1.2448902 -1.5539731
1.6670661 3.072447 1.2431531 2.5176175 -4.0196357 1.0134237 0.5866057
1.8316771 2.3927846 -2.3306525 -0.00439176 -0.59153867 2.5823963 -1.3218633
2.5837853 0.4759708 -2.5562708 0.21565476 -0.8018893 1.2416807 2.254942
1.7593071 1.9894018 -2.4552054 1.0906111 -0.430492 2.0116138 0.034904275
1.6785272 0.18031113 -2.996853 -0.13021335 -1.929499 1.2213777 2.3584833
4.3842654 0.77319485 1.0498024 2.9005477 -2.5579185 3.0155995 1.0455675
1.5056523 1.7048464 -2.6383383 0.8255733 -1.3834624 0.4297066 2.6939626
2.125738 0.97665125 -0.13798203 -0.36617962 -0.662815 2.2516654 -1.3622452
3.3099556 1.9413023 0.885391 -0.55268466 -0.60777366 0.92386067 -1.6207657
2.992684 0.641231 0.7829397 1.4315779 -1.6884072 2.408179 0.26017275
1.8556238 2.1758833 -0.1469238 0.92805046 -3.9981484 1.8748161 -0.3068328
0.8390429 2.1552715 0.5624819 0.5107143 -2.424919 2.9883707 -1.3158431
0.7649739 2.8150988 -1.5377114 0.7345725 -2.9569795 1.7673843 1.2761672
2.603243 2.1359406 0.7089248 1.614186 -0.2954528 1.558344 -1.1727037
3.2088017 1.2297614 -2.195078 1.4158798 -1.6239682 0.81600094 2.799632
1.8878219 0.60975087 0.24460624 0.73711526 -2.8110657 3.3340614 0.032991935
2.0352008 -0.47772974 -3.3025692 -0.4033967 -1.4898919 -0.22948991 1.6097629
2.6397026 0.38370734 -0.555179 -0.13904911 -0.21677111 1.9386044 -1.4693155
3.4727182 2.6619396 -1.9383467 -0.8831806 -0.07980988 0.6887723 -2.2060537
3.2577155 0.36395937 -2.996189 -0.44339526 -0.3382767 0.092825666 1.6234188
2.237668 1.1983504 -1.1202767 -0.41819748 -0.38301775 2.1958623 -1.6896327
1.3145052 3.3773623 -1.5361471 0.80629563 -4.2533402 1.1359167 0.43851736
4.2292275 1.2284119 0.30870327 -1.2509549 -1.2508773 0.7904711 -0.861418
2.7137485 0.4110614 -0.3572127 0.40392235 -2.846377 2.0733082 0.43024048
3.8857522 0.3370671 -1.0678905 -2.2130816 -2.0823429 1.0221167 -1.3483628
2.3520923 -0.09316309 -0.8423559 -1.6082973 -0.8876413 2.291078 -0.28845862
1.6843439 1.1344265 -1.4600632 -1.19609 -1.3488461 -0.59390557 -0.42256066
1.300718 0.15926762 -1.7232355 0.3582019 -2.4002504 2.5700355 1.1787006
1.3345635 3.3971276 0.36438724 0.79733425 -1.271211 0.89782315 -1.2131628
1.298452 2.4062295 -1.6857684 1.4478062 -2.978115 2.1727746 1.8786108
2.4581501 3.2645264 -1.6380413 -0.28109846 -0.7209531 0.3890691 -2.0257888
2.2218597 0.72012407 -2.1892867 1.8240888 -3.5146637 1.2837781 2.921964
0.85194457 1.8414979 -0.6025615 0.5403148 -2.4652119 2.4498663 -0.13319156
2.4895368 1.4084779 -2.263703 -0.21210223 -0.19125329 1.2545943 0.99732333
3.410595 1.2067046 1.2722882 2.7029922 -1.770554 2.68417 1.0664728
1.7617526 0.25765872 -2.5821705 0.8617052 -1.7887181 1.7398392 3.105771
4.424563 0.389072 0.9253681 0.5057646 -0.41200098 -0.51475775 0.019870017
1.7704984 0.9864916 -0.8829255 -1.1933613 -3.2506473 0.37184778 -0.7689796
4.1888022 0.8887228 0.38687465 0.60952896 -2.3679943 1.1629124 0.69114
4.1750555 0.3502137 1.1182379 4.1671805 -1.7093836 1.805018 1.6134222
2.339153 1.1195548 -1.5656067 -1.1391573 0.037086867 1.5516645 -1.2686201
1.9003497 0.5952702 -2.34073 -0.39484987 -0.328585 1.702689 1.4644096
1.8513241 0.66991025 -3.1525235 -0.43006268 -2.1025653 0.3158026 1.9471806
2.1804924 -0.1558605 -2.2440116 -0.23718473 0.22426583 2.0393558 -1.291115
2.775529 -0.17518349 -1.6450084 -2.3865345 -0.7037592 2.057039 -0.88603
3.910472 1.244581 1.8193674 1.8306829 -0.8880074 1.8923918 -0.8121273
4.3456697 1.211395 0.37437388 -0.20515403 -2.1746323 0.97830963 -0.7043027
2.6783528 -0.45945936 -2.043892 -1.4650772 -0.8130007 0.1472642 0.128853
2.7977798 0.2711379 -2.5797174 1.3134365 -2.6067398 1.199472 3.0182433
4.0079336 -0.09506692 0.5778134 3.6126509 -1.4398535 1.6964136 1.7251496
2.369162 0.72859544 0.6871003 -0.826073 -1.3316396 2.6310833 -0.956532
0.9821403 2.119352 -1.3082808 0.7949277 -3.7829983 1.5643691 0.78959817
2.6402905 0.15312414 -3.0771859 -0.63088065 -3.019926 0.6838846 2.2838945
0.90384823 3.1227179 -0.6925558 0.45224035 -1.5635792 2.187107 -0.43867323
0.91952026 1.5803548 -1.8482536 0.89057344 -2.418603 2.1478732 0.91201353
0.94712985 3.2418075 -0.75896955 -0.32700756 -0.5183524 1.2891529 -0.76903063
1.745836 0.038657453 -1.2032026 -1.8436639 -0.29764315 2.0059347 -0.8301983
3.4008534 1.198263 -2.065795 -2.1413412 0.21851648 1.5889927 -0.83544964
1.8057141 0.25398752 -1.1399591 -1.1391783 -1.0564961 2.0770261 0.07986918
1.4007151 3.737898 0.102626786 0.27934206 -1.2023779 0.47594574 -1.7418058
3.829859 -0.05859388 -0.5183412 -0.40695956 -0.91706765 1.3790925 0.28901824
1.5389957 1.3531034 -1.791147 -0.17629288 -0.7079301 1.7242241 -1.2777194
1.775173 3.1595855 -0.47257593 0.47466534 -1.3843222 1.9757545 -0.75887454
1.2413778 3.241892 -0.05222561 1.4922612 -4.149835 1.7568853 0.18171665
0.45419586 1.2470965 -2.004299 -0.1541816 -3.0203838 1.2177076 1.4509562
3.386297 0.5557632 0.51758647 -1.047533 -1.2419118 1.5505989 -0.589895
3.1332815 -1.9267015 -1.9102845 0.6478667 1.1103668 -0.4274862 -1.0667039
4.850829 1.3005811 2.694995 1.333897 0.9967598 -0.5902368 2.0615292
0.5085949 0.5650078 -2.2771392 -0.16194865 -1.9616169 1.1973925 1.1482544
0.10937138 3.1525285 -2.9510047 0.043612033 -2.2137995 0.17107917 0.2759917
0.9456675 2.9969647 -1.9511453 0.3906016 -4.077167 1.2889637 0.119748384
0.40895042 2.5328054 -2.9678562 -0.013160557 -1.8005284 -0.0041175904 -0.8464168
3.2592063 -1.0334017 -0.8854934 1.757468 -1.053348 1.0800482 1.8637041
2.5761552 2.5806947 0.7653786 1.4290118 -0.8016776 1.6820024 -0.7904284
1.0209116 2.4949665 -1.9922268 1.64451 -2.3211555 2.3644373 1.6403503
3.3072002 2.397589 -1.0476444 3.0697148 -4.93909 0.5515063 1.484106
1.5026183 1.896892 -1.2750082 0.52131337 -1.373057 2.1714928 -0.28637728
0.4625957 2.8523645 -3.587313 -1.2180997 -2.0778925 1.0009472 -0.37511703
2.942352 1.9653533 1.4324723 1.9154382 -1.6954509 2.6135406 0.51927507
3.2454615 0.6903234 1.0003438 1.7539043 -3.1712842 3.0645714 0.120542794
2.3432395 1.8955489 0.90882707 1.795 -3.7743137 1.1728623 1.1519213
1.2971506 2.4933333 -0.5936978 0.4835029 -2.0580318 2.5753162 -1.3678334
1.8642823 0.3139819 -2.3804963 -1.1111763 -0.054217674 1.4488571 -0.13723943
1.4796308 0.5508613 -2.8363295 0.08026631 -1.0696933 0.88285303 1.9269226
2.4939756 -0.21297099 -2.1691015 -2.3339076 0.20622505 0.9559457 -0.32541034
2.9102745 0.24780647 -2.312481 -0.6746589 -0.07682905 0.80667996 1.2327135
2.204294 2.081355 -0.70177937 1.1546609 -1.2699769 2.9140348 0.5556003
3.5942347 -0.08571668 -1.8324301 -1.4103047 -2.2795634 2.2376912 -0.34166494
1.8581997 1.0934103 0.9127959 0.7092242 -1.594526 2.8939502 -0.624801
1.2497222 1.5863713 -2.46037 1.745271 -0.7630466 1.9634627 1.6126924
4.1766834 1.2596292 2.0515234 0.9919536 -0.86870086 1.3670797 -0.8009685
0.90232414 2.0144427 -2.801813 0.24157193 -3.7389388 -0.049381 -0.035630193
4.427732 -0.21030946 -1.9947176 1.620427 -2.1735122 0.91852 2.5792925
2.5290256 -0.3169847 0.27910528 0.0122978315 -1.2734584 2.60013 0.11155638
1.4669285 2.8522336 0.70961046 1.8751085 -3.8540173 1.7022923 -0.28106824
1.6367457 0.88359433 -1.8251426 -1.4478554 -1.0141174 -0.21134548 -0.02629098
1.5612208 -0.04239757 -2.230427 -1.650574 -0.29169485 1.4841294 0.4529809
3.554945 0.3694716 -3.2132401 0.08626321 -0.7769927 0.10087754 2.0431528
0.9917382 2.3124988 -1.4954884 0.9726182 -3.0542088 2.2765388 0.88187146
3.883376 -0.8677307 -1.609974 0.089883834 -1.2738202 1.0233464 1.1417215
0.3185389 3.4169812 -0.34526208 1.1046281 -3.215359 0.7365167 -0.893031
1.2176499 0.52810186 0.030950766 0.28756878 -2.4864395 3.2603343 -0.44375765
3.3726907 0.2954182 -0.966288 3.0193362 -4.7629704 2.5750601 3.0247684
0.8624439 0.36619973 -2.3503032 -0.47417995 -1.7107702 -0.0062308135 0.8423634
1.1852187 2.2410128 -2.0892746 2.001787 -1.426006 1.2768171 2.2783475
3.522783 0.43826765 -2.7529147 0.12845767 -1.2798263 0.4884489 2.4036608
1.5430045 1.5686419 -1.3012161 1.4537517 -3.7682009 1.9016283 2.1719818
0.37010336 1.5994539 -2.9770234 0.8158189 -0.84404874 1.2513609 0.50734526
1.7899814 0.9733079 1.2816967 1.0454968 -2.3399355 3.125798 -1.0521339
1.62699 2.198394 0.39958355 2.1543953 -3.7922988 1.7851521 -0.05937865
2.889348 0.9776729 -2.52679 0.34327903 -0.9403795 0.5470996 2.3698733
4.515053 2.056872 2.7424448 3.4966698 -1.199086 2.1385438 -0.6733975
3.5966241 0.38420016 -0.04023065 1.1547518 0.2951019 0.5296478 -0.6277229
0.43422005 1.6785653 -2.5021558 0.07143679 -2.276801 1.1438627 0.00093344203
2.8454852 3.790893 2.1132514 2.1500673 -0.4001368 1.7594302 -0.6354672
2.0715537 0.97164136 -1.4678257 1.8860317 -4.1000953 1.1133592 2.3790495
3.9875507 -0.28082198 -3.9390075 0.15143844 -1.4404808 -0.14375447 1.913787
3.9393547 -1.6600027 -1.8025951 -1.1324362 -0.40452942 -0.3900642 0.5286943
3.2536907 -0.048049044 -0.25803557 1.5235366 -3.013617 2.4455552 1.71992
1.6814203 1.9583191 -1.3992406 1.2718474 -4.058006 1.152165 1.2522147
1.2582846 3.085197 -0.74205816 0.27647036 -1.4983021 2.26588 -0.64607364
4.986932 1.9973999 1.0669096 -0.7879637 -2.1000943 0.38556913 -0.6693909
1.2206675 3.363756 0.17579149 -0.28731924 -3.3158424 2.1741107 -0.5066846
0.58460575 1.3717405 -2.3439999 -0.061475128 -1.6187634 1.5005119 -0.05535003
2.0102544 1.0446945 -0.81814384 1.8169026 -3.7378578 2.0654633 1.6826786
2.3074415 2.3517876 1.4523704 0.75154245 -0.61082864 0.57868457 0.8923989
3.4921305 0.09783803 -1.6661695 -0.10513356 0.4733216 -0.98517895 0.76951224
0.2821555 2.5295062 -2.5612185 1.2579839 -1.7426192 1.4614258 1.6773504
1.5903786 0.85902506 -1.2134352 0.023422047 -0.8657777 1.7735226 -0.7379077
3.7653232 3.6204014 1.4083707 -0.25568983 0.67042816 1.7536224 -2.6628928
1.7936112 1.9766476 0.18628775 0.92272836 -1.9514563 3.18145 -0.15949753
2.14639 2.7053068 -0.45597628 3.0723026 -4.5934515 0.9273298 1.3912855
1.8149711 3.0002978 -0.42295614 1.0598754 -3.5532167 1.815909 1.7669199
2.165533 1.4499161 -1.1524396 2.1039083 -4.1534567 1.6072369 2.5600352
1.1947525 1.829354 0.77688503 -0.5692336 -2.9160023 3.3893619 -1.3103688
2.1190944 2.378534 -0.49435154 1.3468469 -2.057887 2.817824 1.4275
3.8524036 0.10771637 -3.5453756 0.60013133 -1.7228231 0.8762691 2.3331695
2.397867 -0.008541775 -0.89801437 -1.7516227 -0.49614045 2.4743168 -1.1382821
2.850909 -0.65278417 -1.6175951 -0.35722843 0.060981415 -0.5400111 0.624191
4.463052 -0.59590906 -1.9279041 -0.7716296 -0.5177282 -0.9830562 1.2726866
1.6623684 1.0294572 -0.6041275 0.25033444 -1.5857358 2.6144903 -0.08618769
1.8812307 3.2875018 -1.1195705 0.8096034 -1.7307457 2.909797 0.7773834
1.0948743 3.1692433 -3.118519 0.07729679 -0.92658913 -0.6702745 -1.0601985
4.92711 0.742256 1.8648791 2.9766483 -1.1421556 0.83354986 0.31817567
2.589858 -0.083266154 -1.3032641 -2.0732322 -0.9822444 1.9744864 -0.23317668
2.9358003 1.2122331 0.5068748 1.264827 -3.4647813 2.5008621 0.3322024
1.456802 3.1764748 0.33660385 1.4539418 -4.101869 2.0166812 -0.17771149
2.8470151 0.40196794 -0.10385825 1.5724113 -3.7151778 2.3108137 1.1469927
1.5426737 -0.075954914 -2.0955267 -1.599227 -0.27160153 1.6165698 0.16016415
1.5407393 0.63248694 -0.7667335 -0.059120268 -2.7470932 1.7244458 -0.064428
4.5576124 0.8523391 0.47509977 -0.08602998 0.103252195 0.65450084 -1.196828
2.61014 2.5279393 -1.0033834 -0.39479658 -4.407719 0.24365033 -0.50041217
0.27684233 1.8806548 -2.735076 0.2726413 -2.0400343 1.6501075 0.02428845
2.116222 0.6385794 -0.4745585 -0.2260246 -2.2829783 0.8437554 0.5607435
1.8114241 -0.43681055 -1.029888 0.8634832 -0.6950972 1.3481208 0.7334911
3.7247336 0.14700936 -2.003451 -0.43536067 0.4288408 -0.3707666 0.9854899
1.1228677 1.4837182 -1.333768 -0.3940539 -1.2089583 -0.18884955 -0.77493244
2.1607878 2.325643 -2.8627503 -0.09901944 -0.6986495 0.7493558 2.0586603
2.6392431 0.5006086 -3.2692358 0.6377753 -2.6908762 1.799493 2.647882
1.5970675 0.4990307 0.45402917 0.038716912 -2.3397527 3.5584178 -0.39502954
2.1688387 2.443707 -0.8191925 0.7998197 -1.3561454 2.7613988 0.30698255
0.92031157 4.542289 -0.8550999 0.12180892 -0.049028255 1.0140716 -1.5264661
1.2177784 0.39798674 -2.373203 -0.1861051 -2.4868703 0.6750252 1.2766764
2.765233 2.260305 -1.5131409 0.932056 -4.4143577 0.5269059 1.270202
1.7958001 1.8610439 0.6967578 1.4495173 -2.7562628 1.7971041 0.083123565
3.9184365 1.4757919 1.9156653 2.8069346 0.98478425 2.7201002 -1.6529001
1.5705361 0.7111227 -1.5086329 0.04464224 -1.449454 2.6014006 0.21926871
2.3259544 1.5142447 1.7736491 2.115393 -1.4730161 2.7341528 -0.68764836
3.0630276 1.4385726 1.2910228 -0.19050692 -1.2714362 2.092708 -1.1601768
1.4644566 0.6483785 -0.9439873 -1.3154777 -1.0954587 0.60520214 -0.19176623
1.683315 1.0895312 0.43557426 0.11498362 -1.3624684 2.4324758 -1.0905507
1.8225759 0.11832981 -1.2894526 -0.7425595 -0.8355148 2.7294664 -0.1404886
2.9319448 -0.40570784 -1.6597986 -0.18835685 0.1350378 -0.11795889 0.84731096
2.0979633 1.853472 -0.69612193 1.3794128 -2.1977324 3.285507 0.93851715
1.5366176 1.3819107 -0.72104335 -1.1020496 -1.8892714 0.588874 -0.5252995
1.6298534 2.1731262 -1.7252525 2.223052 -1.4097254 2.3404577 1.8021448
0.50550085 2.8721156 -3.6619651 0.12046257 -2.8869479 0.9931519 -0.3974304
1.9454017 -0.9392102 -1.1035252 0.59839 -0.9676465 2.1068652 1.2984848
1.2133572 0.385887 -1.9126071 -0.7391333 -1.4490093 0.6595353 0.60366565
1.348249 2.6538055 -0.19515945 0.52122545 -2.289224 1.295211 -1.6817577
1.2384789 0.9849507 -2.6321185 0.19346781 -0.4398987 1.5964271 1.3009973
0.88888425 2.3575077 -0.48470643 0.2609616 -1.2009289 0.8837913 -2.1150331
0.58674926 3.167333 -3.503643 -0.061317533 -1.5993408 -2.1202402 -0.6024489
1.7928133 0.43597177 -0.41929498 -1.5133016 -1.4562331 1.3971546 -0.342626
3.3614476 -0.9931099 -2.876805 -0.2962576 -0.8725914 0.27752796 1.3827686
3.288209 1.9798589 1.4981961 -0.41431418 -0.8071204 1.0601394 -1.9345514
0.99061143 2.3993375 -1.0211248 0.97842383 -0.37160787 1.1340028 -2.1871784
3.3808002 0.772448 0.6375041 -0.962935 -1.3061113 1.597222 -0.7529529
0.73023695 1.231501 -2.8696415 0.6737658 -0.89102626 0.8785124 1.8635507
1.4596566 0.49559417 -2.0610063 1.4533825 -0.97385037 2.2270715 1.9996662
2.0108376 3.6598234 0.8680668 0.3588859 -1.7186254 0.68510056 -1.5990928
3.257166 0.4441383 0.32163832 0.6344361 -2.3924046 2.661215 0.54329175
2.4461386 1.4395679 0.41270444 1.447917 -2.1925287 3.3579316 0.37505814
1.107283 1.7545023 -2.5379858 1.0961252 -0.7831573 2.2840466 0.36610892
0.19524856 0.94363993 -3.0272264 -0.6590476 -0.9785718 0.16451277 0.5093656
2.3789606 1.777895 0.3564963 -0.5740957 -3.1124377 2.8867881 -0.8445299
1.1255758 0.2288994 -2.6282427 -0.32617423 -1.7389452 0.7630029 1.2425213
2.0764887 1.6489186 -1.7702581 -0.9644339 -0.13727997 0.62133384 -1.0262558
1.3952156 1.8996955 -1.5942211 0.4469591 -0.11869178 1.7237887 -2.206913
1.558946 2.4113646 -1.3623128 1.5231014 -3.310752 1.8241102 2.023971
1.2263825 2.1850412 -1.1436645 0.0009710486 -2.1034856 2.2348163 -1.2418535
1.6590292 1.4896971 -0.6437793 0.34393948 -1.2549564 1.9934255 -0.6849686
4.075528 -0.3555609 -1.954536 0.7168405 -1.7999878 1.6375442 1.4442041
3.1137083 -1.2251897 -1.5753298 0.9000118 0.9308878 -0.12235843 -1.4193115
0.8630612 3.4759917 -3.2152817 0.5174812 -0.24030362 -0.7317033 -0.25093624
1.1995031 2.5688572 0.38603112 0.94617784 -2.6682994 2.205361 -0.4589385
3.1493807 1.2220771 1.4888947 1.2416866 -1.1552734 2.3937387 -1.0399789
1.4137375 1.5888251 0.76459265 1.4476498 -3.0446568 2.4235632 -0.37097365
2.3214529 0.061919738 -2.7221048 0.44690332 -2.3302581 1.7985686 1.8364371
1.7171445 2.1889224 -2.394203 -0.41602597 -0.60092485 2.4854333 -1.7574353
3.6982365 2.0540996 -1.009798 -1.602963 -0.83807766 -0.3132722 -1.9785899
1.0354465 0.23779966 -2.5314395 -1.3318045 -0.6126374 0.18196364 0.65903026
3.1405642 1.1403887 -2.6485224 -1.6351886 0.25115243 0.9862819 0.21037725
2.6354842 0.13200645 -0.28167608 1.0836439 -2.963978 3.0611794 1.3760403
1.8364154 5.1700826 -2.5376174 0.46422577 0.02188053 -0.088919744 -1.1629283
1.13142 2.8119936 -1.3354945 -0.57562226 -2.3062732 0.87091297 -1.0259368
3.4382248 0.5233045 -0.78998184 0.31273237 -3.767322 1.9598637 0.2493594
3.3970935 -0.7655244 -1.0122873 0.34975532 -1.2036027 1.0862741 1.6728494
1.8834816 0.12164274 -1.2678854 0.3920699 -2.496746 1.986329 1.108134
-0.012755025 1.6110573 -2.5074441 0.44731408 -2.2188344 1.320933 1.3532892
1.9645627 2.5461538 -1.2009791 1.3226945 -2.1659632 3.052326 0.8878495
1.9262383 0.64071107 -1.9958465 0.83127356 -0.1591811 1.0798918 -0.16066346
1.0296676 2.4759133 0.09954356 0.20331231 0.07416739 0.30267838 -2.2807844
1.5153545 0.73354125 -0.91905904 0.124252826 -2.7640977 0.80218375 0.18940064
2.5342705 1.039531 -0.6338483 0.44418758 0.6998589 2.1949437 -2.0648606
2.1593423 0.20191152 -0.32561865 -1.3165574 -1.352524 2.268363 -0.19664374
4.3247337 0.11311881 0.024764758 1.8312931 -2.782178 1.4040631 1.7495097
1.7297305 0.5822943 -1.4444929 -1.1559334 -0.44296023 -0.35811815 -0.54643077
1.7888696 2.890256 0.3984811 1.1004541 -1.0918239 0.99483925 -1.4330119
1.9103194 0.17354412 -1.1527649 0.6238761 -3.1109703 2.727768 1.6264226
1.8041568 0.4539684 0.4441943 1.0638504 -3.203581 3.5148747 0.20534602
0.2736014 2.3407023 -2.8174345 0.50424635 -0.8308431 0.032660265 0.8946827
0.7338042 0.71350044 -1.4792168 0.70341074 -2.929547 1.9772158 1.4711645
4.7620945 0.5352227 0.86288214 2.8609529 -2.0558877 2.2732556 1.0755
1.7598921 0.8860021 0.16252254 0.74117893 -3.077116 3.0728996 -0.097898535
2.7342114 2.576715 2.286266 1.0491107 -0.7742263 1.9858743 -0.4116448
1.2621285 1.0875916 -1.3614613 -1.1464478 -1.1688274 2.7921393 -0.6806162
3.2547238 2.4213283 -1.3001313 2.3318245 0.063264035 0.95706683 1.1830616
2.8828769 1.4546158 -0.71748066 -2.3646986 -2.0330172 -1.2328022 -1.1073247
1.4439851 3.5814025 -0.1397021 0.4655573 -1.5395309 0.74584377 -1.3711374
1.0472611 2.8987024 -1.150916 0.35748127 -3.5873933 2.0001225 0.29495552
2.335188 -0.52755904 -0.64175224 0.8922634 -1.5746503 2.6739035 1.4030688
4.1259136 2.2328317 2.398626 1.4587499 -1.4943371 1.5582314 -2.001369
2.2879457 2.7972748 0.45461854 1.0654397 0.24759044 0.5922848 0.2217026
4.29458 1.1087334 -0.59246284 1.3313366 0.09024372 -0.5976578 -0.7306072
1.8047394 1.9328101 -0.857157 -1.8083698 -0.9226382 2.1207993 -1.6490158
1.6500791 2.2558887 -1.3435324 1.1911161 -2.7103806 2.915994 1.0238302
2.7178397 -0.24317741 -0.35492375 2.1620755 -1.7541921 2.4955542 1.6148695
1.9286376 -0.25082076 -2.690089 0.85337853 -2.2492905 2.483036 2.6745853
1.704538 3.3516824 -2.4818375 0.38852262 -0.71421814 1.9576437 -1.3180879
2.1008885 1.6526471 -0.25808147 0.7298629 -3.6597698 2.0750256 -0.029603925
0.3125645 1.4332063 -2.5808342 -0.12138948 -2.1366673 1.0073225 0.46172765
2.8825974 0.2845515 -0.27062204 1.8411947 -4.0492907 2.002712 1.7061615
2.022116 0.9969118 -1.4643168 0.16573218 -0.38074514 1.597893 -0.80624026
1.7465974 1.8347213 -0.090755 2.0355294 -3.9505136 1.9402057 0.53796774
