2.529224 -1.386728 0.58140755 0.07505962 -2.7152095 -0.038201045 -0.58468896
3.14865 -1.7637293 0.6477549 -0.5218799 1.3888489 -0.20975028 0.8420566
1.180183 0.6992189 -0.68923473 -1.9857848 -2.83133 -1.1380111 1.7168477
2.9024963 0.06735854 -0.41719523 -0.21996924 1.6853925 -1.8055451 -0.16652504
3.5746 -0.73874766 -0.4184967 0.55919164 0.9158211 -0.65451777 0.63440233
1.2582549 -1.6647179 1.3617966 1.1968079 -2.9681602 -0.604206 -0.35136017
0.8031812 -1.5494652 0.13152455 2.313516 -2.5970228 -1.9834262 2.9653425
2.5148907 -1.2261615 1.2241848 -1.304213 -2.1181462 -0.45201725 -1.9618763
0.7533655 -1.0603459 2.521465 -0.66070294 -1.6908146 -1.0297376 -2.163088
0.53871024 -1.1035734 -0.37503055 0.34137502 -1.1756828 -1.2917068 2.3197145
2.3217847 -0.1905045 0.7997798 0.15440753 -1.7427298 -1.0668361 0.26848367
0.7508505 -1.9248049 0.3854495 -0.027116463 -2.5020905 -0.45019734 -0.26395452
3.3264253 -0.96585053 -1.803792 -0.38833258 -2.760102 0.50887966 -0.7062879
3.7681236 -0.5984971 1.0547032 -0.50780034 -0.19715719 -1.0500281 -2.6492774
0.32107526 -1.2785068 -0.079507604 1.4288019 -0.22464536 0.22948308 1.8136756
2.0773828 -1.4756203 0.202237 1.494146 -2.5231144 -0.5027147 1.0428177
0.61178875 -0.5897072 2.761942 2.6104226 -3.8361263 -0.0256357 0.38138714
0.44417155 -2.2850857 0.09907685 -0.12228873 0.78160495 -2.3979392 -0.7374745
3.8854568 -1.0812118 -0.05718078 1.5962367 -2.9309552 1.093304 1.1164365
-0.02426349 -0.6761727 -1.0943847 -0.37545714 -0.019975282 -2.8497705 0.71895677
1.8046702 -0.6111488 -1.0687525 1.0837135 -1.6361434 -1.0221245 2.699429
0.48823684 -0.96515816 -0.8353251 -1.9131626 -0.5746504 -2.051764 -0.9771749
0.84367186 -2.8978734 0.29284045 -0.071962796 -0.17966996 -1.0366757 -2.0088532
1.8983381 -1.0855668 1.6719909 0.57518864 -2.7405462 -0.77197015 -1.3780783
3.9410892 -3.0649421 -0.4192975 0.61988676 1.6669139 -1.4166201 3.7856152
2.929679 -1.4420477 0.41378185 0.12390351 -1.0048586 0.36129412 -0.23215058
0.7558471 -0.08146997 0.89323163 0.022345029 -1.6118462 -2.806165 0.90997285
4.7335024 -0.40806597 -0.63777447 -0.11780286 -1.4494593 0.82421315 0.57521546
3.7761521 -0.8700382 -1.1023381 0.47094372 -1.1690855 1.405149 0.56434727
1.9227983 -1.2003961 0.80496883 0.46121916 0.8648405 -2.2448187 -1.6023443
2.8417985 -1.240834 -0.55265844 -0.067684695 -2.584416 -0.12240611 -0.79065406
4.065398 -1.0668615 -0.22975697 0.5074416 -0.056130745 0.35656217 1.454191
3.2296267 -0.8185485 0.19114612 1.6001883 -1.976885 -0.038647633 1.1237451
1.0970143 -2.380981 0.66842556 0.7085811 -1.4448992 -0.4905038 0.5093992
-0.99776256 -2.2806458 1.3856134 -1.04385 0.90415585 -1.7145088 -0.4553084
2.124731 -0.3299579 2.2004573 -2.035235 -1.6644145 -1.2516384 -2.274149
1.3151128 -0.9615107 0.14888822 -2.8856177 -0.26015148 -2.5769002 -2.6915061
1.95394 -1.8600684 -0.33818278 -0.0039560203 -0.6768724 -0.63751626 -1.2778215
2.1596422 -0.5715714 -0.024374027 -0.09795055 0.4214312 -0.26035342 -0.3086836
1.11092 -2.2804046 0.5724611 0.40304586 -1.6162097 -0.4586401 0.07461551
-0.04186498 -1.116624 -0.33190373 0.9236728 0.13120688 -0.7806183 1.1873574
3.7238705 -0.10004921 0.6756165 -0.6792537 -2.1071692 0.9830991 -0.16633567
2.3282638 -1.5244559 -0.6050948 0.379707 -3.1982746 -0.8386613 -0.5013099
3.3253474 -0.9586081 -1.1235151 0.35293606 -0.96428007 -0.6327565 -2.4444284
1.2323071 -0.4894833 2.321963 -1.2646009 -0.9074464 -0.93741703 -1.6724837
1.6044843 -0.4019019 1.5124886 1.5216873 -2.7402701 -1.1368697 0.8803447
2.7887008 -0.0076922895 -0.973752 0.049961597 -0.49128392 -2.0853631 -1.3134178
2.3320384 -1.9441054 -0.15879412 0.5159611 -0.54039836 0.18445887 -0.057822224
-0.038559306 -1.6697867 2.1838539 -1.7980027 -0.038630582 -2.8590972 -1.5837076
-0.10963689 -0.07173057 1.0378293 -0.5633676 -1.4591182 -1.8252764 0.43445888
3.665028 -1.0205824 0.70355725 1.5866792 -2.603951 0.36160943 1.1630548
4.4229293 -0.19845696 -0.09190537 0.9350213 -3.0333054 0.029201765 -0.025308516
3.0667844 -1.6530919 -0.8922355 1.0160575 -1.4614375 -0.15607284 1.0867461
2.2892683 -1.0911149 0.26905867 2.0485547 -2.3546083 -0.23943512 1.7660737
4.0893006 -0.9750752 -0.31244162 0.6521078 -0.3022379 1.1237856 1.3820962
4.646305 -1.1320643 -1.2548192 1.853239 -1.5975393 2.1256258 2.15879
0.61932135 -1.9825246 0.04311977 -1.1116631 -2.5118423 0.10569383 -2.0819447
0.38522226 -1.1317227 0.8363037 -0.37104073 -0.8618778 -1.48119 -0.6150565
0.7210105 -1.2031267 0.75548697 1.1447687 -0.6349621 -1.512126 0.7604797
3.8304124 -0.88861054 -1.3719404 -0.33324423 -2.9329188 0.5903717 -0.43154672
2.9615138 -1.1313751 0.6269772 -0.5352844 0.045631967 -1.4971855 -3.3571687
0.34688812 -0.9652188 -0.25242344 1.5736865 0.4303693 -0.710971 1.6598074
1.1844085 -1.1318123 1.399143 0.657495 -2.867004 -0.6313605 -1.0548884
3.8608162 -1.0233748 0.69476366 -0.2554675 -0.0063552037 0.016731817 0.20943883
1.2919521 -1.4498591 1.0917255 0.91831005 -2.8504086 -0.20015036 -0.20459852
2.103385 0.12861447 0.1002662 0.22910115 1.4269464 -1.8614912 -1.9595413
1.2415036 -2.6367178 0.29853377 -0.0778367 -0.2936161 -1.1085724 -2.1609268
2.738039 -1.6279259 -0.6612291 0.6415461 0.4189503 0.86688703 0.5618118
0.7255898 -1.414561 -0.15874054 2.4466848 1.012997 -1.8729938 2.030406
3.5246196 -1.3711368 -0.6112416 0.36010352 0.37464324 0.0756215 -0.53015304
2.1272044 -0.24730511 0.49868748 0.2600319 -0.9162576 -2.404022 0.5274225
0.5031334 -2.5180733 -0.23334976 -1.4736156 -1.4577965 -0.20684586 -1.4575813
-0.5123422 -2.0613325 0.28346834 -1.4649906 -1.2124705 -0.22792523 -1.1214206
3.3065464 -1.0746586 -0.07366021 1.7026238 -1.7783375 0.85476327 1.6217593
2.3728592 -1.4008605 1.1819047 -1.4610295 -1.6337531 -0.67190313 -1.3187631
3.1879263 -1.7639868 -0.39642432 0.55375016 0.5300652 -0.60553056 -0.75962466
-0.21157382 -0.91369003 -0.033765573 -1.2401091 -0.50309515 -1.8996011 0.093774766
3.8584468 -0.76645064 -1.0749582 -0.8935312 -2.220109 1.0803463 -0.5598559
1.7461269 -0.4464726 0.044968348 -3.7148468 0.29361334 -1.4007738 -2.6280036
4.235026 -1.0580308 1.1745872 -1.1070092 -1.476753 0.03010263 -2.2223563
1.3122286 -0.5051363 2.2416825 -1.3446144 -1.9056976 -0.90716565 -2.2682703
3.1998315 -1.5948567 0.27619848 -1.1244471 -1.422005 0.26643458 -1.4899795
-0.39716333 -1.476763 0.2904019 -0.7394593 -2.5799613 -0.5392449 -0.81831056
3.6297479 -1.4266052 -0.85431606 1.4649689 -2.0042439 -0.3278694 1.3673173
2.2469318 -1.9699967 -0.1893666 0.0145153925 -0.053727783 0.2562264 -0.09477028
2.406629 -1.4857523 0.07261239 1.4847422 -2.5924938 -0.5945693 1.1512941
1.0129944 -2.5802958 0.9019419 -0.47355545 -1.8348588 -0.5021329 -1.3737929
0.23986705 0.2818461 1.088161 -0.42986453 -1.6068441 -2.1984453 0.56068784
0.94702137 -0.6900725 1.47393 -1.8707426 0.3951868 -2.396301 -1.4312297
1.5751854 -0.7105388 1.6832088 -0.7134099 -1.4920834 -1.0571288 -2.6048582
4.3266006 -0.96997315 -0.2667692 0.8715435 -0.51615113 0.94156384 1.6454338
3.970713 -0.62118953 1.9876995 -1.9809217 -2.0658443 -0.58767146 -1.7183485
-0.08427636 -0.21339865 -0.9386575 -0.9392953 -1.5087136 -0.6906619 2.9816685
2.518746 0.66379243 1.1162238 -2.8511415 -2.2443907 -1.4951594 -2.3611183
2.044034 -1.5643867 0.105325684 1.7268822 0.59428144 -1.7035722 1.947727
1.3026963 -0.35678095 0.70634747 0.3452169 -2.089033 -2.6457763 1.8391654
2.3649712 -1.5771326 0.4600149 -0.6773966 -2.1958184 -0.3908533 -0.99920446
2.949636 0.14531405 -1.1455804 -0.2359646 -1.38696 -1.0554405 -0.09849891
2.4814222 -2.224083 0.017124396 1.0823196 1.6370487 -1.4518383 2.2862625
4.4277377 -2.6574385 -1.4306414 1.0464634 1.5625808 1.0861905 3.2182283
2.1579223 -2.0594323 0.21386014 -0.17107973 1.9257373 -1.6207218 0.83563983
1.5214986 -0.1650197 1.133846 -0.80646765 -0.8592738 -1.3236762 -0.59200865
0.3496257 -0.568422 -0.58016956 -0.45403358 0.3937098 -2.8884258 0.39080635
0.6312713 -2.492054 0.33057007 0.5751293 0.23761828 -1.0988157 0.39428556
2.0702915 -1.2766494 0.8849808 0.31566992 -0.96313226 -0.31203845 -0.38782468
1.7458831 -1.1350906 -0.47155443 -1.4819839 -2.3468263 -1.9046516 0.03338358
-0.7018912 -0.75558704 -0.72071993 -0.33501527 -0.123844005 -1.9965043 1.177423
0.29673827 -1.6882108 2.416551 -0.1671752 0.4085351 -2.8624437 -1.7169837
0.68900514 -0.54573625 0.7654779 0.072999865 -2.6091588 -2.6716115 2.1317525
0.49034184 -1.7320708 0.37604138 0.6344249 -2.8522167 -1.2445889 -0.37170407
1.656213 -1.5957806 -0.36581758 0.5415047 1.0276227 -1.8413715 -0.43187305
0.983464 -0.4782142 -0.33470038 0.51745296 -2.5807447 -3.1825628 2.891634
2.6467857 -1.372122 1.4068758 -1.2335017 1.5694237 -2.3165262 -0.49438098
0.46621042 -1.6120715 0.50759196 0.15056433 -0.1685329 -1.6981845 -0.07197888
0.74628377 -1.4030054 -0.5293553 -0.21871708 0.6321485 -2.6189058 -1.0071704
0.29602838 -2.6774597 0.40711638 0.115401685 0.854653 -2.174896 -0.39097986
1.7224904 -0.6276297 1.9889534 -0.46054605 -2.3408084 -0.6486505 -1.6752102
2.6400628 -0.45681983 -0.9669758 -0.38792482 -0.5124047 -1.2014536 -2.2801151
1.8166622 -0.91136146 -0.65472305 0.5451739 -0.09232936 1.0285323 1.795513
1.8350966 -0.7037887 0.2882268 -0.91657865 0.08084466 0.5333537 -0.052069213
1.9438263 -1.2118173 0.23839603 -0.26662645 1.5664626 -2.4548109 -1.1911166
3.5575397 -1.9601966 1.6693506 2.0683577 -3.5776508 -0.62496763 -0.5050728
3.2055955 -1.021654 -1.2189169 0.787766 0.13937952 1.7625139 1.6215088
0.23088677 -0.85791224 1.3473552 -0.015334003 -1.7042027 -0.51560247 -0.48904774
0.38622057 0.12619452 0.0070292763 -1.1544384 -3.435894 -0.84947455 -1.2812208
1.8414589 -1.1647036 -0.8782022 -1.836612 -1.9580158 -0.24537121 -2.7460947
1.3197409 -1.3322895 -0.22708096 1.9446876 -2.1608202 -1.7877002 2.4267178
2.5519905 -0.15699358 2.0987315 -1.571297 -1.1904691 -1.2387747 -2.3825436
4.1151924 -0.8930319 -0.99330974 0.9853021 -0.2585959 2.5708811 1.1001345
-0.10121851 -0.96184987 -0.8301833 -0.911545 -0.4945663 -1.7262216 -0.6928393
1.4995928 -1.706922 0.26861343 1.3045208 -2.6767347 -0.96578676 0.7498445
0.7195315 -1.8599671 -0.56651604 -2.216436 -1.4866527 -0.8014296 -2.713448
2.0128329 -1.5397986 -0.7769054 1.1395625 0.705143 -0.89978814 2.2158918
1.8069497 -2.383288 0.45263264 0.1804071 1.4013988 -1.0929244 1.0088717
1.8765457 -0.4385485 2.300946 -1.8468839 -1.8048711 -0.8338132 -1.8304133
0.56752884 -2.3302677 -0.19389452 -1.3371347 -1.5692904 -0.24181692 -0.930732
2.5732849 -0.77458256 0.43630025 2.0011346 -1.8675061 -2.3931708 2.5086544
1.639505 -2.0848088 0.64683986 -0.462177 -1.6683463 -0.46158475 -0.9258838
1.8672991 -1.3945513 1.122484 -0.80228996 -1.0559207 -1.2958614 -2.5448503
0.74357545 -2.1990678 0.18355058 0.77144307 -0.121701576 0.1518683 -0.1899223
0.8639297 0.50171286 2.0651755 1.4034097 -2.2698972 0.19210936 -1.0459627
2.471088 -1.1892576 0.0006995015 1.6878743 0.29542354 -1.4455214 1.9773422
0.8982502 -1.5734173 0.03191791 0.60295916 -0.9990003 -0.23847936 1.3538201
-0.67105556 1.3356577 1.1994283 -1.0912479 -3.532374 -1.1006743 -0.2236509
3.5072067 0.17729957 -0.43113044 -0.3824042 -0.8528 -0.61115074 0.5111838
3.0155911 -1.4743149 -0.52148306 1.253891 -1.7604989 -0.7038326 1.2287879
1.5311795 -1.680895 0.047951918 0.67454636 -0.057068206 -0.0710911 -0.04877579
1.1516382 -1.0398271 0.18450116 -0.2824478 0.94133025 -2.5614798 -1.7598822
0.14503233 -1.4685622 -0.04146554 -2.7875307 -2.0342634 0.5056588 -2.8866029
5.3087115 0.11668877 0.07471751 1.8891002 -0.45490542 0.071354404 -3.647137
1.3190199 -1.9710832 1.3290715 -0.19562253 -0.30346835 -0.96429265 -0.9384375
1.538249 -2.5572324 0.81004477 -0.29162315 -0.32086277 -0.4172516 -0.5010275
0.7565742 -1.4022888 -0.6538758 0.34375402 0.21452488 -1.1951547 -0.21131188
0.42562443 0.23255663 1.1495562 -0.59587884 -1.5133933 -1.5508015 -0.3702748
1.9455642 -1.4755992 0.9674901 1.0402489 -2.9523482 -0.06782137 -0.15759203
0.19730891 -0.5933501 -0.25368026 -0.054401964 1.1133045 -2.166577 -0.104596674
-0.052388776 -1.4459071 0.38518664 -2.205126 -1.6611882 0.11547087 -2.5642116
1.1822761 -1.0975171 -0.077494994 -2.7324755 -2.0019698 -0.9315194 -2.922504
-0.057727713 -2.2304597 0.25273082 -0.27271402 -0.94791603 -0.6794673 0.55310744
-0.14309387 -1.1111395 2.2692268 -0.722987 -0.6270509 -1.6333668 -2.2200778
1.5087391 -2.1421368 0.31969234 -0.6754411 1.8137614 -2.192537 -0.50316244
0.7364061 -0.15570398 -0.328872 -1.2283859 -0.8925866 -3.8752575 1.7071785
1.0657243 -0.50844306 0.15416716 0.34166962 -0.3228725 -3.0530038 0.925003
2.9092457 0.6174968 -0.24867035 -0.5318992 -1.5567108 -1.7542248 0.30268452
0.028212082 -1.0270921 0.56975937 -0.098056465 -0.5884103 -1.50207 0.598695
0.6544869 -0.6642068 0.2677532 -0.93715787 -3.2311802 -0.49362987 -1.9364445
0.057612073 -0.7068257 -0.32150832 0.3599247 1.047911 -2.2706296 0.17050049
0.10611658 -1.8000323 0.8067702 -0.1466752 -2.1141267 0.2818525 -0.6100976
0.86930585 -0.94593686 1.4952332 1.2924354 -2.806421 -2.005857 2.0279346
3.3150032 -1.0364175 -0.35787943 1.2263482 -2.8084643 -0.5266142 0.25644985
4.867821 -0.3857302 0.9164686 0.39469936 -0.92116326 -0.08222626 0.8576383
-0.26361334 -1.9071872 -0.5823563 0.7452136 -0.34477767 -0.91924244 0.6054417
0.33128518 -1.8356833 1.4737196 -0.50616884 -0.4142579 -1.1216826 -1.4652138
0.59811187 -1.310451 -0.26306048 -2.944332 -0.95968306 -1.3883424 -2.4637432
1.686115 -2.3263125 -0.17880286 -0.26519865 -1.0617304 -0.47549888 -1.0959171
0.24128331 -0.29274052 1.2896866 0.6697105 -2.4539697 -1.1160189 0.82404536
1.4364048 -1.885382 0.16551279 -0.918474 -2.630754 -0.32800803 -2.1050122
1.246243 -1.4100795 0.58778715 1.306766 -0.9391743 -1.6752574 1.2847679
0.4535883 -1.6679801 0.4282677 -1.0492706 -0.16164719 -2.1868703 -0.882626
2.3167953 0.11276512 1.3714678 -1.5324744 -1.3622218 -0.1835147 -1.2979925
4.09839 -0.3291257 -1.0738637 -0.9892981 -1.4436775 1.0660285 -1.488266
2.195931 -2.2762036 -0.33341643 0.47626504 -0.17697893 -0.34756926 -0.20705071
1.3187838 -2.0607018 -0.045200963 -0.03484381 -0.081203915 -1.7470229 -2.4710631
-0.27691513 -1.2760391 0.4306986 -1.0143127 -2.1656773 -0.292539 -0.8176171
3.0728462 -1.3311598 0.737077 1.8697199 -2.1379628 0.34237936 2.0371566
0.5134522 -2.1295414 -0.56224656 0.047638334 -0.09293262 -1.5969702 -0.46188167
0.55285037 -1.5354211 -0.6448549 -0.1776284 -0.51350385 -1.5920944 -0.7821146
0.566567 -0.021180104 1.3107896 -2.0565395 -2.0460334 -0.64041626 -2.6442297
1.3667862 -2.8497932 0.05274723 0.54243624 0.07240363 -0.42734078 -0.1297825
1.2704521 -0.77272075 -0.018790502 0.96714103 0.1510091 -3.1989686 1.6031258
1.0101033 -1.6181363 0.40680978 1.2361741 0.3893311 -2.055965 1.0461607
1.6634033 -1.0751016 1.3923585 -0.36840782 0.45087913 -2.1115086 -1.2188492
2.9059448 -1.5471876 -0.3801116 0.7249219 -0.98265284 0.9620915 0.33181974
1.0317941 0.064783856 1.5852958 -0.7480837 -0.97389275 -1.4630281 -0.8224103
3.9029343 -1.5574946 -0.018170971 0.49064487 0.67152697 0.0026805578 1.9712374
1.8245198 -1.0100152 1.6973377 -0.4877579 0.46684137 -2.472158 -2.2794363
2.3193436 -0.45980686 2.0794942 -1.0656916 -2.2310648 -0.20050965 -1.6274328
3.7735116 -1.4346942 -0.70841426 1.1378698 -1.8176922 0.7991215 0.9080513
0.0058742277 -2.7759426 0.7279067 -0.565938 -1.6208607 0.46059683 -1.6289871
0.5599977 -0.9826111 1.5296218 0.6922316 -3.1104527 -1.6219558 -1.1755146
1.2453829 -2.0942104 0.3831384 0.09901695 -1.9875166 -0.70372176 -0.2479727
4.371761 -0.4056608 0.373903 1.1663165 -2.2927566 0.694129 0.71898484
1.8078744 -1.941939 0.039437037 0.7627168 -1.9472944 -0.7936858 0.55363053
0.8028225 -0.21554036 -0.04762127 1.0146446 -1.2314647 -3.0258014 2.5725324
2.2075703 -2.135898 0.86856985 -0.002361447 0.16009708 -0.59392685 -0.32207522
0.40510115 -0.965833 0.04225133 -1.2689246 -3.5804625 -1.6073363 -2.2111206
2.816897 -0.9902155 0.7924006 1.0931928 -2.1039624 0.63232625 0.7155948
2.745285 -1.2601315 0.757995 0.5212514 -1.9752172 0.057331312 0.029073749
1.6394686 -2.127185 -0.3532276 0.28940168 0.022347175 -1.6175177 -1.8711348
2.1950035 -0.21097632 1.6535714 -0.49667576 -2.5506177 -0.89589477 -1.8410773
3.298193 -1.1099753 0.3795819 0.15615276 -1.4914087 0.2899665 -0.31671903
1.4579302 -0.88285536 0.3198106 1.6201046 -0.24502037 -2.92544 1.8326066
0.3730782 -1.9729654 -0.16055001 0.081830144 -0.8504616 -0.11356436 0.026808653
1.8105928 -1.7052202 -0.58643603 -0.3587632 -1.0838082 -0.5938486 -2.2217712
4.477617 -1.3483729 1.2036026 -0.9537647 1.2381691 -1.8301612 -0.6042247
2.6895103 -1.2398107 1.3839427 -1.3347654 -2.0441134 -0.51166224 -1.597256
0.3024432 -0.22270937 -0.66992813 -1.4930832 -1.1827025 -1.618922 -1.3339139
0.7481334 -1.4911945 1.1470013 -0.42978272 -0.5310595 -1.0976478 -1.028019
0.54835874 -2.0239344 -0.038321156 -1.6584495 -0.11369381 -1.8574843 -1.3581201
1.8962275 -1.4750155 1.0701069 -0.8647456 -1.213529 -1.1030592 -2.4519014
0.8083566 -2.4259121 0.0078044944 -0.9037883 -2.3172264 -0.26745299 -1.6415098
0.44561732 -2.5692964 0.045871835 -0.4352882 -0.5580414 0.055398125 -1.1589048
-0.23270018 -1.0645199 1.5377346 -0.54467946 -1.6289415 0.31575415 -1.7944909
0.35917187 -1.7037342 -0.60113263 0.7123432 -0.0073385015 -1.7652018 0.30993167
5.2712646 0.2594188 0.5142212 0.5445261 -2.141313 0.62856615 0.74764144
2.176236 0.46140057 1.6591604 -1.5642221 -1.2924528 -0.98332083 -0.9987864
4.3423166 -0.45753902 -0.6874144 0.67558247 1.0147165 -1.0243433 -0.20814484
3.2856197 -1.1741769 0.2446606 -1.1825109 -1.2646297 0.21759386 -0.70650405
0.54984105 -0.7102416 1.5679317 -0.12880942 -2.473814 -1.0800986 -1.8848956
3.3192444 -0.5264184 -0.9190466 0.20880991 0.41079512 -0.7860414 -2.8702242
2.6462462 -0.31442553 -0.25838557 0.19727753 -1.215334 -0.77074504 0.90067333
2.960482 -1.0026035 0.684993 0.40024403 -2.131383 0.40754184 -0.01594719
0.11891259 -1.6350737 1.3313775 -0.7113332 -1.5843191 -0.25212914 -2.0209548
0.536211 -1.9005352 -0.4409826 1.6199509 0.47886518 -2.200855 1.2615823
0.58323187 -1.5413078 0.37799105 0.90445507 -1.3236243 -1.2528112 2.0777302
-0.12565343 -1.4885298 -0.2517729 -2.7145631 -1.8869445 0.64890635 -2.1215289
2.0022016 -1.7853454 0.51586735 1.0823679 0.20881924 -1.1867762 0.72198206
1.0746883 -1.9873728 -0.78514147 0.621573 0.5110549 -2.2318797 0.63793904
1.9506848 -2.2938757 0.5726696 -0.7397398 -1.3723022 -0.5638168 -1.8539411
2.9355645 -1.4122314 0.8020313 -1.129694 -2.1390843 -0.1595834 -1.277983
1.7831105 -2.3166595 0.2048168 0.49496952 0.26385248 -0.8336872 0.7502708
1.0557965 -1.2864769 0.5660046 -1.8046473 -1.4425744 -0.34694597 -3.1178446
1.8091259 -1.9638902 -0.0645913 0.15412733 -1.1652298 -0.30667642 0.07446805
1.3247968 -2.5809283 0.073591694 -0.2691169 -1.4925034 -0.4134319 -0.3590206
1.1262115 -0.8278219 2.131994 -0.5221952 -2.0997128 -0.84757185 -2.1210337
1.7250261 -0.77074665 1.1057122 -0.46701416 -0.74986875 -0.4175807 -0.680028
4.099965 -0.8989467 0.62424636 2.3958752 -3.2056422 0.51087606 1.4789115
0.5837037 -2.6648672 0.48134038 0.231422 0.59238875 -1.8798993 -0.4318561
2.2337308 -1.7001219 -0.0045578666 -0.277888 -2.2082813 -0.3997335 -1.0260733
3.5762095 -1.0532124 -1.39972 0.11968616 -1.6274148 1.3557024 0.12409511
0.56765807 -2.3572927 -0.5326551 -1.8757632 -2.103567 0.2373993 -1.7211926
1.6036052 -0.7695556 1.9016409 -0.10108146 -2.4097993 -0.7011666 -1.6161472
1.6893054 -0.4066807 -0.55497825 -0.19238839 -1.2467672 -1.1613123 -0.9478901
2.674455 -1.2048223 0.27753672 0.17622003 -1.9478911 -0.27391157 -0.25727782
1.4559368 -1.0126783 -0.5778062 -0.067413434 -0.106547214 -2.459601 -1.2239789
1.2067512 -0.20311232 -1.486494 0.42105582 -2.3527994 -3.0625997 3.359735
3.7174244 -0.34334248 -0.13863267 1.8367097 -1.1355927 -0.1819701 1.6697154
0.9230419 -1.3953979 0.33829877 1.8699133 0.1399851 -2.179544 1.6476912
3.8477092 -0.6725761 -0.16870011 0.18062565 -2.1141844 0.7365118 -0.08786711
1.9735001 -2.3632503 -0.50478554 1.0996307 0.87015605 -0.6452571 0.97240984
0.34692776 -1.5064462 1.495693 -0.445906 -0.54866076 -1.4963942 -2.0694296
2.3813848 -1.1585898 0.8260962 0.2429888 -2.9227824 0.027683932 -0.96579915
1.4591712 -1.0908264 -0.040502805 2.0338483 -2.4292383 -2.5588567 3.4204106
0.29891247 -2.578827 0.2871215 -0.49192202 0.024231516 -1.3593276 -0.92341304
0.9903976 -1.662182 0.843318 -1.1296254 -1.941017 -0.46314266 -2.7058516
1.4556401 -0.3316781 -0.24984254 -1.3339548 0.13346066 -2.6813383 -1.8405033
1.4579825 -1.4606227 0.4162154 1.6674676 -2.0621953 -1.6933336 2.3497617
0.9488169 -2.3539495 0.3425282 0.004462808 0.7814487 -1.8035865 0.48360637
1.4173125 -0.9864939 0.15081595 -3.6205764 -1.5901343 -1.598248 -3.1517696
0.082424775 -1.1702526 -0.07170977 0.91743875 -0.16807388 -0.4705102 1.4823966
0.7020619 -1.4741378 1.1010212 -0.47969693 1.6665733 -2.7503145 -0.7742812
3.3170764 -0.8333687 0.4041817 1.8075927 -1.466565 -0.20732664 1.400722
2.690796 0.2662732 -0.7107098 0.6836384 -2.856195 -0.8807658 1.3666806
3.3813403 -2.2587929 -0.8977422 1.0801779 1.6979903 0.6900289 2.4123125
-0.29340893 -0.4850995 0.9882864 -1.7648404 -3.0453606 -0.28066602 -2.1606963
4.1101856 -0.18238111 0.9087608 0.576704 -2.3654928 1.5721207 0.41968158
-0.52333975 -1.4068073 0.88756704 -0.8349968 -2.4937117 -0.015585643 -1.8263729
0.10320979 -1.3559324 1.1017582 0.753656 -2.965977 -0.80408895 -0.13374233
0.07858385 -1.2390527 -0.4924921 -0.18015125 0.52046907 -2.9890075 6.3035404e-05
1.1975582 -0.16225167 2.5037453 0.29000184 -2.4566684 -0.6665449 -1.8874066
0.57086813 -1.3533823 1.5186301 -0.31215099 1.1046338 -3.1778402 -1.0459273
1.8890222 -1.4396179 0.3783525 1.3762709 -1.8528639 -0.959107 1.2089343
3.297545 -0.83360535 -0.28941384 1.7231941 -1.3371562 0.7969496 1.7855024
0.51746476 -2.2084193 -0.13233759 -2.2570598 -1.5753518 -0.14204751 -2.8030262
3.062112 -1.8402252 0.55134034 -0.7823508 -1.1955359 -0.16021062 -1.7386551
0.8845853 -0.39917964 1.1831895 -0.7360374 -0.7628019 -2.4333827 -0.67294675
0.40334657 -1.8951709 0.42747256 -0.0016334062 -1.7468976 -1.1000057 0.69444263
2.5727372 -1.2818704 -0.50557345 0.9749744 -2.378769 -1.4189507 0.9833445
2.9998102 -0.15742965 0.67095757 -0.4180399 -1.7927991 0.26567414 -0.0020332003
2.923167 -0.9577288 -0.22338964 1.4539168 -2.9686308 -0.51376635 0.5976122
-0.30918157 -1.4647342 1.2432779 -0.77629673 -1.9080604 0.32724187 -1.6014657
-0.12711583 -1.4434292 2.1541727 -0.67646915 -0.01604674 -1.9577811 -2.0124612
0.9468106 -0.43099415 -0.14190097 -1.653523 -1.9060011 -1.1175319 -0.36405745
0.08652194 -0.22800608 0.17399333 -0.5760313 -1.5974332 -1.5600566 1.2995954
0.2178484 -0.85163516 1.4920005 -0.21715966 -2.0361125 -0.6333817 -1.9682779
1.9417988 0.41571122 0.278388 0.5942065 1.9322652 -2.503218 -1.4828197
0.73219776 -1.283617 0.23523162 0.18457499 -1.7341238 -1.7193217 1.5875326
0.9578583 -1.7629802 -0.0065998025 -0.32589805 1.4713173 -2.3929904 -0.13471624
4.052529 -0.1415834 1.4195715 -1.3878863 -0.2665219 -0.44684657 -1.0938537
-0.44058728 -1.456568 0.40692756 -2.059519 -2.4589717 0.1964286 -2.0171728
