1.74467 1.09058 -0.55281126 1.0815544 -2.39418 0.43410137 -1.6974941
1.3199508 0.90019315 0.028878193 2.188617 -1.227166 0.1263978 1.600976
1.9606696 1.1139047 -0.562042 0.64715075 -0.10065899 0.53610176 -1.4758248
2.7647662 -0.65113276 0.8187988 2.1254961 -1.9940017 0.011795926 -1.413839
2.6773386 -0.79339224 1.611764 -0.5425716 -3.398281 -1.0115649 1.1093197
3.0628538 -0.23088641 1.7404829 1.8497905 -0.3290331 0.66416675 0.3932224
1.0510868 1.2302134 -1.0658019 0.26883152 -2.238019 -0.12176143 -1.7015758
3.238404 0.07737927 -1.4800453 0.2542634 -0.76687515 -0.69259274 0.004998956
4.199203 -0.93380296 -1.4517725 1.4952211 -2.2664437 -0.71821517 -0.73229396
1.783507 -0.044228505 0.12666462 -0.8581897 -4.665397 0.87747 -0.5126108
3.3438423 -0.39742547 1.7276669 -0.0266833 -0.8680718 -0.47164688 0.780284
2.2339845 1.1935111 -0.9366728 0.73405695 -1.7704968 -0.06729816 -0.8318464
2.947786 1.2001086 -1.9927893 0.08882402 -0.07539318 1.3632768 -0.03774902
0.7749785 0.6804343 3.0875247 0.32301334 -1.9841046 -0.88332343 0.95012873
2.9694934 -0.5235297 -0.15233113 0.8713934 -3.8690164 0.42497608 -1.1539755
2.3896458 -0.02928884 0.36479554 0.07684603 -3.2814672 -0.004290265 -0.11761245
2.5699463 1.1852846 -0.5156001 0.3731698 -1.5213584 0.7863055 -1.0984292
2.4962611 0.14100866 0.031385522 0.21704903 -2.0629036 0.21834166 -0.47465336
1.8774681 -0.46838614 -0.8288647 0.42752382 -1.3346127 -0.39886108 0.9652218
0.93548226 1.8346866 -1.2750866 -0.72433066 -1.2595824 -0.71610165 2.3634331
3.6257591 -0.73100716 1.6694013 1.6676202 -0.7776763 -0.11586748 0.94140977
3.2290218 -1.5722487 -1.5548811 0.2984729 -2.2545927 -0.6020498 0.59623665
1.2289407 1.5220935 1.0007784 0.51312494 -3.517236 0.18478943 0.84351826
1.2827398 0.4241882 -1.1249858 0.40239838 -0.7088448 -1.6975948 1.9834096
0.45526266 1.057265 -1.4075117 -0.6506445 0.17813648 0.03824677 0.18280485
2.8743768 1.6855464 -1.9002312 1.2328906 0.8415904 -0.5096008 0.19264463
2.2763891 0.5366011 -2.5011885 1.0219896 -0.13897894 0.47405198 -0.8095841
2.769106 -0.3856253 -0.62763774 2.1126611 0.8147832 -0.92806137 -2.3221414
2.6400852 0.48385316 -2.412224 0.84718585 -2.7136798 -0.4630185 -2.8173246
2.1170442 -0.55231935 -0.30151108 0.7206881 -2.2500222 -0.27064744 0.09713754
3.0448928 -0.73737234 -0.49331972 1.185742 -1.2657225 0.46732444 0.9656774
1.6886568 0.64010286 -2.4868295 1.9437037 0.0495949 0.12418105 -0.75109726
0.9476509 0.49114794 -1.3571733 0.7240992 -0.87548065 -1.405554 2.0106623
1.1587207 0.2602647 -0.25440457 1.3164766 -2.6448855 1.1054413 -2.3211176
2.5762649 0.049958993 -1.0805848 0.6782619 -2.1821623 0.5169412 -2.0022273
2.6264868 -0.54293746 0.5289159 2.1846962 -1.7460139 0.5279468 -1.3246224
4.2792764 1.0717444 -3.044253 0.1768209 -1.6533663 -0.9617218 -2.7759514
1.5625296 0.7239409 -1.9057914 -0.25886205 -1.238588 0.16018571 0.0024748181
2.2312193 -0.9789061 -0.3306778 2.059683 -1.0538889 0.85227436 -2.45469
2.1184978 -0.29353803 0.76265466 1.847468 -0.7589916 0.04431941 -2.2034914
4.7165313 -0.2374235 -2.3415942 -0.93634105 -2.4337022 -1.6025262 0.54099077
2.357638 0.43207514 -0.94704247 0.5633294 -0.99150974 1.3647629 0.14086345
2.8687296 0.19618182 -0.9499262 -0.31327006 -1.0380481 0.6124842 -1.1212866
3.7320602 -1.5101594 1.1167481 2.8120935 -1.5929532 0.78614163 1.2137508
3.1159163 0.36023453 -2.082602 0.12512752 -0.55865896 -0.6158625 -0.66756576
0.9631307 1.4257412 -1.4107206 0.2109293 -0.46962687 -1.0109308 1.190295
1.5454892 1.4287169 0.51139235 -0.23360178 -1.7853992 -1.0173783 -1.5082664
3.017418 -0.8651706 0.02657352 -0.06252441 -2.9127932 0.3989058 -0.7818714
3.702901 -0.100753024 0.3670207 1.7168669 -3.1410732 1.1639386 -2.250761
1.3590847 0.2407649 -1.9782717 0.5035671 -1.8712204 -0.0776494 -2.1518269
2.9477134 -0.12934227 -1.0071522 -0.18136254 -1.5625364 0.8628259 -0.5069944
5.054996 -0.69293344 -1.0506009 1.3743008 -2.5275824 -0.055527728 0.7040798
1.0353453 1.5912715 0.17779468 0.39030865 -3.0609818 1.0850332 0.05874345
1.643223 0.8747712 1.3613288 1.361719 -2.135196 -0.043792527 0.20957723
2.084724 -0.105381444 -1.099081 -0.460596 -2.4043903 0.36054406 0.29358473
2.0561976 1.0921601 0.57200706 1.3598726 -1.7020004 0.64564496 0.5940122
1.5996814 0.7713885 0.086237416 1.1786427 -2.0513902 0.29004642 0.4154878
2.2008543 -0.73354596 0.026584607 2.2143703 0.63759124 1.036058 -1.060567
0.46192968 2.7482164 -2.2794201 0.37811857 -0.61342514 -1.5053236 1.0194721
3.1846428 0.0038848398 1.0030264 0.95379895 -1.98605 -0.6812149 -1.7194539
1.2869855 1.3549736 1.5440912 2.1878915 -2.3080072 0.8186034 -0.43099833
2.5258343 0.96424574 -0.056810636 1.0461931 -1.6547129 0.41345295 -0.12049577
1.1829524 1.4878578 0.82108665 1.2928178 -2.8893747 -0.64863855 -1.6091352
1.8926985 -0.21224459 1.2110713 -0.6911155 -4.2182393 0.10874422 -0.016561117
3.0305498 0.10093032 -1.1890746 -0.3638833 -1.8253253 0.4908093 -0.72120637
2.818046 -0.035127353 -0.70054656 0.1033943 -1.6563195 0.8402184 -0.2507383
2.755663 -0.7754398 0.2639784 1.3852711 -1.7848016 0.7714446 -1.3728423
3.1431727 -0.7656762 0.202309 1.4828749 -1.9409271 -0.2958906 1.3054113
2.27376 -1.2598927 -0.7731897 1.8420634 -0.41708145 0.92304695 -2.1658974
2.8063014 -0.68946356 -0.2827976 0.3435699 -2.1843696 0.9156326 -1.7452087
2.0331917 1.8188094 0.5897052 1.4865906 -1.3233737 0.08444454 0.09676054
3.5353937 -0.50697345 0.6234484 2.6529658 0.9668832 -0.6679282 0.17047217
1.5974635 1.18786 -1.7676247 1.3656924 0.45432106 -0.15970276 -0.9825838
2.0767317 0.77893955 -0.5059607 1.7401114 0.38093272 -1.4564632 -0.8774335
1.2310414 1.4981966 0.8381046 1.563062 -3.0165093 0.20226742 -0.034146246
1.8160598 0.63385254 -2.1503446 1.8197978 0.6133591 -0.6451657 -1.5013853
2.8455846 0.1815496 -0.7423189 -0.24580666 -1.1346909 0.738023 -0.9855468
1.9716644 0.57854587 0.16029368 1.39588 -0.20584975 1.0109183 -1.4352976
2.8109934 0.08823876 -1.0326254 0.07156804 -2.2132053 0.41279796 -1.013719
2.6521244 0.86099225 -2.3043764 -0.03681335 -2.4974024 -0.73315525 -2.7693665
1.6081905 1.2849678 0.93603563 0.93576145 -3.1176383 0.48083916 0.37375745
2.6429434 -1.6084694 1.2326632 2.7664778 -2.1015978 -0.38468668 0.81292444
1.9299247 1.6816237 0.56071305 0.8729911 -1.252863 -0.6404897 -0.096313804
1.4840797 1.4126163 1.7354424 1.5193902 -1.9071978 0.32313836 0.35006872
2.0083237 0.93445724 -1.911895 -1.9089919 -2.871298 0.12805726 -1.9867909
2.4963784 -0.5045256 -0.7229838 0.6287093 -0.4965349 0.8149426 -2.1435785
1.9793749 0.37853426 -0.4822426 1.2491846 -0.6415231 1.120664 0.58465743
0.5490453 1.1353996 -0.14793088 -0.2749109 -2.3069544 0.12476148 1.4011755
2.4923902 0.41257244 1.1352499 1.5967876 -0.3431979 0.62407285 -0.019714799
3.489081 -1.2283716 0.28174528 1.4337025 -1.819207 0.22974826 -2.141607
3.0624242 -0.6305017 0.7972498 2.7799833 -1.259275 -0.20562564 -0.43376756
2.9872184 1.0896714 -1.5434046 0.110367596 -0.4305925 1.0889497 0.29526058
3.1350658 0.34425515 -1.008489 0.19774999 -1.2397827 1.354412 -0.014337476
2.2417068 1.2115188 -0.008445997 1.1768361 -0.7907105 0.2883818 0.18515149
4.198256 -1.3714962 2.678517 0.713189 -2.2831678 1.1132677 0.68313754
1.250941 1.036336 0.21418332 1.5667641 -2.552597 -0.598441 -1.5338229
0.9940785 0.10121755 -0.32281867 1.2429034 -2.2970152 0.6797884 -2.479236
4.196176 -1.1734 -0.22456138 0.72427547 -2.1342201 -0.21816806 -0.37338802
1.8340505 -0.10773189 -0.75123715 1.0567322 0.5886674 -0.66770554 0.39377883
2.084222 0.102234885 0.61399806 2.277333 1.1345005 0.7059822 -1.2341788
2.3644977 0.16496818 -1.0266402 0.9124439 -2.895614 -0.38282946 -0.7486492
4.1772027 -1.4642291 -0.11804213 1.6445612 -0.32396802 0.14473738 -0.026139941
2.2930741 1.1868979 -0.19190313 0.82848084 -2.358602 0.48682353 -0.88368726
3.8181124 -0.32587808 -1.723067 -0.34272572 -1.4435564 0.106923714 1.7426665
2.368097 0.479109 -0.149457 1.662179 -0.9366238 0.49739155 0.7442704
1.802146 0.31027633 -1.5601335 1.3522909 -2.7192485 -0.3174306 -0.963214
3.0490859 0.36714417 1.131009 0.100771695 -1.1710633 0.42291525 -2.2055469
2.1716797 0.8566802 -1.6177193 1.0727838 0.1781347 0.6239333 -0.533874
2.010139 0.23117273 -1.0815814 0.25960803 -0.97580373 0.02357747 0.6781531
3.3074632 0.23685609 -1.1121596 -0.34404737 -0.76617587 -0.5212536 1.9136543
2.1291423 0.1421433 -0.87777853 0.22076026 -2.302979 0.2224672 -0.54676336
3.0176961 -0.9713152 -1.5388921 0.35904726 -2.0061703 -1.1363994 0.47969642
3.9478269 -1.0710104 -1.4378917 0.96258605 0.4556572 0.068115726 -2.1011734
3.2623115 -1.1228509 -1.1007149 0.1416791 -2.0924969 -0.38753328 0.7364079
4.7016406 -0.52870196 1.8529615 3.231684 -0.62400126 1.9000429 0.5953756
1.6565424 0.3219399 -0.45378557 2.9710915 0.36462107 1.0376735 1.7616681
2.699584 0.025203276 1.3436143 2.516576 -1.1422276 -0.025707584 -1.6341763
3.0167663 0.6790657 -0.94382143 0.32266733 -1.3208952 1.4591889 -0.29547903
1.5754458 -0.14586039 -1.2960298 0.06728485 -1.3625368 0.056858677 0.52337176
2.287438 -0.42172706 0.28866705 1.1915126 -2.051595 -0.34391892 0.5504517
3.211751 -0.48973405 -0.6128625 0.06501761 -2.2088022 -0.1674494 0.7553145
2.8875103 -0.15648146 -0.23009266 0.82801867 -2.3876534 1.4407151 -1.9910756
3.5037072 -1.0548656 -0.9075135 1.1814783 -0.87578 0.9163426 0.32607207
2.597928 -0.10208197 -1.3941135 -0.26606458 -2.1763902 0.24137957 0.6659575
2.1768115 -0.14869244 1.2730112 2.6403618 -1.0961556 -0.22287898 0.42869446
2.2413015 0.09974532 -1.6508949 0.2801951 -2.5296633 0.16571356 -0.8200212
2.7750602 -0.16223116 0.69432867 2.8461404 -1.0629281 -0.2556004 0.04944733
1.0076351 0.53083223 0.050035935 0.016272336 -3.3335464 0.45106348 1.0129535
4.705683 -1.4416065 -0.8976042 1.139579 -0.9508151 -0.032457154 -1.3398602
2.7654164 0.340815 -1.6042643 -0.29191837 -1.9204065 0.5570858 -1.2051268
3.2730932 -1.139132 1.9733043 2.943859 -2.3952675 0.20993342 0.26182237
2.2981791 -0.8163714 -0.3717765 2.6627116 0.18351914 -0.27214858 -2.9409425
3.2423224 -1.5073749 0.4629871 1.9416053 -1.6075833 0.17839693 1.0410208
3.9405067 -0.5708825 -0.39494398 0.9776374 -1.7093152 -0.27064827 1.4510711
3.8314514 -0.9436397 0.38446805 1.4151268 -3.953947 0.90098214 -1.0577538
2.8872385 0.7467435 -1.6072586 1.4010034 -0.5601746 1.192311 0.0062845685
2.6474402 0.124796435 0.1524999 2.746608 0.16294672 -0.017394584 0.9109436
1.7558206 1.4903966 -2.2211921 0.92108417 -2.961766 0.30715135 1.3954422
2.2812784 -0.718826 -0.8814828 0.5550747 -0.78468734 0.96942395 -2.5472775
2.0928493 0.37901384 -0.50248766 1.0231802 0.15178205 -0.78774494 0.5592926
2.7123222 -0.9667368 -1.2106473 0.09684411 -1.5668473 -0.07162182 -1.555259
1.4407313 0.8107067 0.9472885 -0.3547797 -3.4083424 0.21711744 1.5953044
2.395661 0.09964709 0.3127838 -0.6958738 -4.4358764 1.121228 -0.7173076
1.8866049 -0.01766343 -0.85118276 1.4051634 0.39464274 0.2981862 -1.8147897
3.3025904 -0.5461926 -0.894926 1.373648 -3.2203677 -0.59736377 -1.472976
1.5592282 -0.12392779 -0.4791787 1.3909552 -0.72221625 0.19490226 0.8472233
2.4665132 1.1987818 -0.28669444 1.2513485 -1.6370394 0.2045662 -0.33366784
2.8510642 -1.0926101 -0.23207147 1.3440566 -1.6207759 0.99491876 -2.0065386
3.4667554 -0.64913195 -1.5347428 1.4258101 0.0570034 0.099438384 -0.77789193
5.334913 0.2927984 0.39139864 1.4909056 -3.4528491 -0.3226953 -0.15420946
-0.037891615 0.8607252 -0.9275129 -0.15578315 -1.3009528 -0.28029296 1.8594587
3.183915 1.4307051 -2.2964346 -0.14667886 -1.1363577 -1.371058 0.14180747
2.1189818 -0.32159883 0.31093702 0.4128448 -2.6095004 -0.17600097 0.36875933
3.3422136 -1.0299466 -0.20243944 1.2715485 -0.9876933 -0.2359085 -1.4388638
1.9079864 -0.45951074 0.09530686 2.449158 1.0055276 1.2158134 -1.0456377
3.1775875 0.65967864 -0.54418695 0.113990694 -1.5399041 1.176206 -0.52456355
1.3467225 1.3251736 1.1182914 1.9351704 -3.2344708 -0.572937 -0.6134847
2.1450756 0.46437198 0.020483833 0.69682896 -2.3115792 0.91438967 -1.3854427
2.7996268 0.60999554 -0.51206625 0.5636077 -2.4345381 0.83529437 -1.6364338
3.778107 -0.46014267 -0.49863186 0.17877021 -1.295863 -0.11155926 1.1663871
1.4941272 -0.05358715 -0.31065062 1.9011569 0.8843756 -0.9150526 1.6450516
1.2458326 1.5953827 -1.633681 0.68805516 -2.4969153 -0.5405015 2.1192374
3.141957 -0.20248409 1.6404992 3.3502696 -1.4808459 -0.6280862 -0.79705787
2.875544 0.36020118 -1.3069922 2.3920157 -0.46489295 1.0545688 0.9500247
2.9343305 -0.5033514 -0.4423755 0.34793147 -1.526153 0.9556544 -0.26210037
4.2606106 -0.1990958 -0.7125442 -0.116591185 -0.33000216 -0.16706191 0.92530376
2.255311 1.0150623 -2.1756496 0.56641567 -2.8883114 0.040265936 0.7702716
2.9584448 -0.09638731 -1.2192945 -0.096725166 -1.2655407 0.5739697 -0.20585823
1.9371444 0.69908684 -0.6308687 0.7807674 -0.44589946 0.3133569 0.32262972
1.3517572 0.48840636 0.30352566 -0.36110052 -3.185227 0.6499538 0.33709857
1.1022211 1.3877845 -0.96173644 0.26043084 -1.4064645 -0.57407284 -0.90043277
2.2694073 0.16186105 -0.07951142 2.0267036 -0.968375 0.32409146 1.0985681
2.0500736 0.75084215 0.75305957 1.5421438 -2.5671775 1.556659 -2.0959265
1.5489491 0.6523854 -0.3467665 -0.20782277 -3.3381948 0.8615755 -0.32787445
2.1527724 0.4384399 -1.1589642 0.9021061 -0.2227801 0.35030642 -0.95424736
1.8617473 0.5861049 1.6680279 1.2926402 -2.6823525 0.07870932 -0.05743816
1.9605296 1.3405073 0.08262919 1.6718925 -1.2696025 0.22110029 1.2384598
1.4246489 0.19733147 -0.7132368 0.69973385 -4.547446 0.62055075 -0.074484795
1.4211911 1.2416377 -1.0301874 0.8039497 -3.611337 1.0816039 0.8936878
3.1089087 0.016224552 -2.6508925 0.37717396 -0.7147206 -0.18350445 -1.1488976
1.8873272 0.09415679 -0.6231909 2.1503675 0.5414766 -0.54390717 0.2389485
2.8391685 -0.11179359 -0.38812116 0.024983674 -2.326284 0.5942331 -1.3853847
2.316515 0.18059759 -0.5705371 2.5455732 -0.2525297 0.8764652 1.4425155
0.9749748 1.1360686 -1.0204372 0.29066435 -3.8876514 1.631314 -0.41103575
3.243792 -1.684431 1.3768044 2.5616796 -2.3919425 0.06477581 0.45427784
2.3357186 0.4938032 -0.29726294 1.7183996 -0.7705357 0.7457651 0.7858641
5.0858073 -0.84165615 1.1025054 -0.38951242 -1.9183316 0.61404353 -1.6423061
2.5006323 -0.108369306 0.3056958 0.9673309 -2.0784483 0.8714864 -1.5062168
1.0372134 1.9705774 0.2301328 0.4667361 -0.86632097 -0.41457978 0.7711058
4.0937896 -0.4988811 -2.391186 0.5634152 -0.5993465 -0.3675551 -1.901118
2.1808581 0.9960757 -0.21291365 0.31356302 -0.81107855 0.95337313 -0.8956403
1.2858375 -0.12978311 -0.57620883 1.0978357 -1.6950535 -0.4145451 1.5620873
1.6019062 0.7995509 0.73940754 1.3193016 -1.4489475 0.6684033 2.138609
2.312254 -0.5031825 -1.672243 1.3874981 -3.168404 -0.31924888 -0.0875321
2.113543 0.39180118 0.3198283 1.6152451 -0.15649103 1.1388338 -1.3289095
1.625818 0.89512175 0.39671347 0.8704133 -2.7736678 0.48418954 0.52512854
2.6378145 -1.3129687 -1.5136645 0.29249787 -2.4921465 -1.1552072 -0.04323067
1.6313697 1.3372194 0.13446425 0.54085815 -1.5298929 -0.7269629 0.25457838
3.1678321 -0.21217127 -1.9588344 0.85371614 -2.7222235 -1.0191513 -2.4686766
2.404585 1.0826306 -0.77689946 0.3684179 -2.1884012 0.7013667 -1.2981683
2.0575445 1.1338478 0.5517602 1.082299 -1.8408959 0.46215 0.88467616
3.2304685 0.25415593 -1.6467714 1.5478075 -3.170485 -0.41032037 -2.4449162
0.5212554 0.68917304 -0.77508354 0.5590105 -1.7013508 -0.041703384 2.073936
1.1109587 0.2554155 -1.6392689 1.3350992 -2.4496999 -1.1882828 -1.6323318
2.803195 0.56746227 -0.6297939 -0.44646177 -1.1492767 0.80438536 -1.5376968
2.6190438 0.5386613 -0.78632367 1.8428422 -0.84161496 1.2880268 0.9587267
1.6392435 -0.12926163 0.08594273 0.82801497 -2.157418 0.3895007 1.259068
1.8669535 0.0699027 -2.023536 -0.29062024 -1.3333988 0.21169575 0.21075454
1.9729568 1.1764824 2.0044477 0.8275833 -0.765782 -0.61160684 -0.29694268
2.254449 0.2343034 -1.6240768 0.1249527 -2.5537095 0.21758755 -0.7440611
1.3837969 0.53318745 1.3991853 2.1801147 -3.3550754 0.7574658 -1.9606764
1.0942783 1.5526059 1.8511581 1.9258349 -1.9187816 0.7359685 -0.844734
3.9386687 -0.6316337 1.4470751 2.570096 -0.27587315 0.478785 0.9543503
3.8023572 -0.6599695 -0.6226445 0.8077213 -2.8927386 -0.049342554 0.004621003
1.2439016 1.2400057 -0.12419559 0.66622937 -2.9312963 0.7037469 -0.5105107
2.1667278 0.13319544 -1.3728559 1.7924715 -3.6413407 -0.37134406 1.3522116
3.3024945 -1.2283762 -0.16984959 0.53973335 -1.2037967 -0.474169 -1.1382449
1.0002977 0.6954182 -0.3231788 1.4193043 0.0936717 -0.80567276 2.192914
2.336549 0.68802744 2.061351 -1.076611 -3.4611468 -0.11228369 1.9532208
1.7503799 1.5448952 0.17834304 0.40842488 -3.8586507 -0.6882324 1.6060568
2.7157125 0.26719743 -1.6670126 -0.05873856 -1.194383 0.38680306 -1.169462
1.825813 0.35242993 -0.22210623 1.7350284 0.88409984 -0.71211106 2.1798785
2.0576289 0.6377073 -0.83464813 1.451738 -3.3341522 -0.61817265 -2.5684125
3.3965542 1.0643346 -1.5276048 0.070510045 -0.36187622 1.5583749 0.1323246
3.0047228 -0.10366759 -1.5715433 0.21311313 -0.7628217 0.82195795 -0.1807383
1.9606954 0.36503273 0.7174504 -0.14448902 -1.5149999 0.6900421 -2.8722873
3.1355243 0.31574875 -0.37935016 0.65058327 -2.8980637 -0.9087355 3.2156029
2.0330245 -0.3250317 -1.570474 1.4821463 -2.3279696 -0.14049642 -2.5413487
2.6552582 -0.964742 -1.0169235 -0.052292794 -2.106612 -0.8632982 0.07623347
1.1084741 0.5564025 -1.4746511 0.91893643 -2.5430903 -1.3333954 -1.4858837
0.89332193 -0.4390326 0.5460818 1.697681 0.23776568 -0.1569752 2.611321
2.192827 1.0980225 0.34871075 1.434456 -1.8902577 0.5911477 0.8076874
2.5525236 0.5399808 -0.56090605 0.512743 -1.0649464 1.2472355 -0.07185635
2.5210683 1.8389418 -1.0783651 -0.8364059 -0.92015815 -2.1387405 2.1591566
1.4619961 1.1853395 0.13069724 -0.4424729 -1.5772552 1.008662 -2.951885
0.9506186 1.3870636 -0.027232189 0.22419372 -1.216548 -0.59923685 0.8568354
1.7250111 0.46409613 0.875247 0.23813084 -1.6247736 0.4136996 -2.6237414
1.6434034 0.25401312 -1.191664 0.84299433 -1.194156 -0.5072809 1.1253489
3.6804597 -0.64266866 -0.6611431 0.78572273 -0.8129506 0.80507505 0.9541699
2.1945486 -0.54209894 0.62147975 1.8168114 -0.9876374 -0.21125911 -2.6862602
2.53152 0.10699849 1.2007954 3.1666715 -1.4103776 -0.30205774 -0.40446278
1.9760069 0.75258714 -1.0342832 0.40857473 -1.8857583 0.3003244 -2.05763
2.7482843 -0.37712926 0.09072362 0.05849102 -1.9855865 0.87374306 -1.0034528
1.7691499 0.9471112 1.1316416 1.3802433 -0.7219025 -0.14587995 0.22597578
2.2898104 0.63179916 -0.50758266 0.22874084 -2.886451 1.0363615 -1.5633197
1.2966217 1.4914298 1.8005415 1.2864481 -1.2004192 0.36742488 -0.4114965
2.3248193 0.29320437 -0.98524475 1.8248314 1.0362183 -0.65210885 1.2191429
1.8922199 -0.1699924 1.8560311 -1.0974476 -4.0727334 0.1374587 0.4284269
1.8647584 -0.08542986 -0.5152602 0.91053283 -0.97112894 -0.78184474 1.2143351
1.798165 0.052357126 0.86237514 -0.66401446 -3.247303 -0.041099053 0.43999967
1.7774758 1.3918651 -1.3067085 -0.26719165 -0.2510713 -2.2814922 2.4182944
3.052547 0.6488804 -0.7320629 0.10574666 -2.1367316 0.7277201 -1.3746167
3.3466437 -0.5502142 -0.7355412 -0.10522762 -0.9354465 1.0450138 0.39217928
3.2591114 -0.098034576 0.52078587 0.9606283 -2.7061014 1.4877598 -1.8175914
0.6220474 0.827447 -0.46359447 0.41889384 -3.171065 1.2164379 0.36609903
2.2265167 -0.502901 0.5585228 2.287328 -0.13328396 -0.5389112 -2.3776433
2.7909799 -0.33310553 -0.67699057 -0.60170615 -1.704096 0.2985036 -0.15823397
2.557085 0.2335804 1.8176295 0.9195042 -0.5101714 0.017934252 0.08086029
2.1744075 -0.4908538 0.17023717 1.4468753 -1.6965095 -0.35545218 0.7688903
0.5676555 -0.06482907 1.5098522 1.354481 -0.07938967 -0.6711519 2.514256
1.8263466 1.2818832 0.9799683 1.3401324 -1.9496751 0.5849199 0.42000553
2.4931135 0.017785955 0.5232629 1.8258045 -1.9701713 -0.23991142 -0.68672794
2.1974483 1.0693302 -0.947592 0.3141766 -4.0335574 0.005798715 1.4855765
2.5030658 -0.7427638 -1.3038545 0.31063452 -1.6831876 -0.9695513 0.015448008
3.9084759 -1.3320999 -0.7792815 0.84646946 0.49784806 -0.1657344 -1.6060447
2.732874 -0.7353402 0.4324486 -0.39600804 -3.3977606 1.1944609 -0.96663874
1.4597312 1.399657 -1.4363868 1.3183956 -3.722548 1.0300845 0.7236968
3.0751593 -0.37130827 -0.33035186 2.6357477 1.0859431 -0.4543334 -0.4920394
2.0047631 -0.27253312 0.09753846 0.5644251 -3.8434575 -0.7272055 1.0554979
1.313958 1.2279236 0.94080544 -0.50611067 -1.914653 -0.7321068 0.76913875
2.3829412 0.939724 -0.29243043 0.23324004 -1.1555879 1.0624146 -1.2582349
2.4961886 -0.9697234 -1.4084347 0.035146385 -1.5483731 0.42224702 -1.8195615
3.3029714 0.597815 -0.34179333 -0.036756843 -1.7322905 0.9583188 -1.0364118
3.2947617 -0.5690302 0.5168117 0.68777657 -2.7216902 1.5898986 -1.6033618
3.9213345 -0.10957451 -2.386106 -0.5716702 -2.8933585 -1.326508 1.4982313
1.3848627 0.9872468 0.31115422 0.82887626 -2.6628556 0.6859335 0.6498594
2.6830602 0.86800355 -0.2016709 0.9321091 -1.8865086 0.55455077 -1.1127114
1.745427 0.6148425 0.34334907 2.652473 0.8358576 -0.23858975 -1.4262385
1.2945675 1.6282424 0.26875255 0.7089722 -2.4439008 0.6799704 0.7902738
3.1565657 1.291462 -1.704732 0.059500933 -0.16873549 1.2734787 0.18389204
2.3420057 0.6212984 0.47755143 2.0658545 -1.0488524 -0.22828458 0.84835976
1.4405112 -0.3482265 -0.4673157 0.890465 -1.2966963 -0.45312002 0.77579266
2.6688175 -0.28254598 -0.5128616 0.55879354 -1.5573056 1.163808 -1.8389864
1.9215542 0.22411971 -0.95418763 1.463021 -3.120252 -0.30098638 -2.4185522
2.661687 -0.706626 -1.8052253 0.124007255 -1.254445 0.3393856 -1.6370139
1.1985843 0.4403481 -2.3348265 0.6220946 -1.698243 -0.361082 -2.1580448
2.2537136 -0.15753491 1.5165191 2.7039986 -1.1527455 -0.06906389 0.3888659
2.88351 0.527674 -2.713321 0.41518596 -0.10035489 -0.23378514 -1.0849686
4.195987 -1.4590038 0.017478388 1.2994074 -1.6471509 0.95952857 0.7801997
3.7769861 -0.5199347 -0.2997336 0.45719445 -2.29025 -0.032611113 0.45169404
1.2650355 0.32817787 -0.5915592 0.9771404 -0.26849684 -1.0308157 1.3938563
1.8357173 0.71821934 -1.1828935 0.64878607 -2.2880497 -0.0908616 -1.8374311
1.954379 0.77202874 -0.055795807 1.104922 -1.7369928 1.2741857 -1.6223835
2.1068027 1.66192 0.19763945 1.8699955 -0.77028906 -0.24010928 1.0012187
2.6462243 0.4858876 -0.7184123 0.75568724 -2.4416733 0.7719287 -1.8783841
3.3049965 0.14671253 -1.972545 0.32407108 0.120128654 0.83340234 -1.0348629
1.7092009 0.045061875 0.40759203 0.2925544 -2.7271616 0.34728387 0.8443456
2.6958826 1.0230806 0.91997397 0.47533372 -3.8347263 1.3555789 -0.99473554
4.6503882 -1.2887255 -2.1103961 -0.15084437 -2.6450477 -1.129885 -0.16969272
1.5433247 0.5646413 2.4202893 0.41736725 -2.4665444 -0.43405506 1.1013651
