1.9397122 1.0330156 -0.28525046 2.1904054 -0.868827 0.12363459 0.89695644
1.7931497 -0.32479328 -0.7151625 2.323995 -1.2093564 -0.06886624 0.023479316
1.3065889 2.1014397 -0.19201829 1.0257965 -1.8520188 -1.2773488 0.25200036
0.8841866 0.9995106 -2.2752807 0.3296887 -1.946184 0.34566072 0.53518885
1.1383405 1.7933488 -0.9802793 -0.38185596 -2.958201 -0.82031345 0.25190142
2.5997033 -1.459059 0.21779297 1.1518298 -0.9487391 0.48727456 -0.24989891
2.036938 1.378164 0.8918557 1.832937 -0.079811074 0.2802575 1.3169713
3.431276 -0.4494242 -0.40810254 1.1891345 -2.9636118 -1.006831 -0.08599502
1.1104449 1.9075594 -0.31784764 0.95058525 -3.3881762 -1.1097806 1.2100002
2.0945587 -0.77283686 -0.29634765 0.53045714 1.42088 -0.9623369 -0.038367
1.828837 1.1635138 0.5555401 2.3868494 -0.6389556 0.07396032 1.0447645
1.9611043 0.95262676 -0.23452474 2.4700096 -0.9141768 0.17999698 0.51867837
1.4676868 1.0910968 -0.43103352 0.34481582 -2.6807547 -0.095831856 -0.3655741
1.6576425 0.3883465 0.5994406 2.3561857 -2.5227413 0.19477375 1.0241307
5.633139 0.30771905 1.9986291 0.30904904 -2.5748985 0.15926667 0.8351777
1.6946377 0.3661055 -0.6338868 2.1390958 -1.5631605 1.2435975 2.6100707
2.6492062 1.3170075 -0.54421484 0.8460786 -0.52922034 0.832885 0.8850518
2.0668201 1.2695911 0.52522445 0.8866801 -0.41368398 -0.55710864 0.56971425
0.8176305 2.3698685 1.2082133 1.4577653 -1.952135 0.5359528 -0.6436948
2.9496596 -0.8135806 -0.08632006 1.8304365 -2.8268514 -1.696771 0.4369721
1.6684324 0.81242007 0.3511829 2.375639 -2.8507183 0.16201381 0.89406
1.47463 1.0256374 1.7104352 1.8672212 -3.3367739 0.4815167 -0.5069103
3.1087859 -0.9717924 0.6220434 0.4224663 -0.6121705 0.0069470583 0.53952366
1.3686125 1.0530324 -1.1717509 1.6693649 -0.84031916 -0.7940947 -0.20380923
1.9713594 -1.2645155 -0.17015089 1.129152 0.07620897 0.3233066 -0.5775563
2.1036959 1.4171677 2.0007389 0.9492285 -0.7686311 -0.74099135 0.9809986
2.5641026 0.04566436 -0.9988619 1.7273929 -0.6766013 0.40139416 1.1636844
1.5913447 1.0348406 -0.81440413 1.1508708 -1.3565638 -0.31107017 -0.8498476
3.9955964 -1.3951283 0.3908293 1.0351694 -0.14232229 -0.009929043 -0.4809441
1.6242803 1.5344651 -1.8863609 0.9750785 -2.1486778 0.36974373 0.66838306
1.3631266 1.9400725 0.42213008 0.8120847 -1.6100396 0.4918565 -1.2830313
2.0602148 -0.19798882 -0.16667058 2.4624612 -2.662416 -0.3792909 -0.34586534
1.8100356 -0.64304656 -0.34849742 1.1756566 -0.4932451 0.26416448 -0.32304475
4.0571556 -1.067194 -1.049911 1.0851421 -0.8730865 0.36841324 1.0693147
2.2692428 0.7645528 -1.3418312 0.6871681 -1.6596578 0.4707966 1.7575123
1.1954567 1.471782 -0.89105284 -0.824081 -2.3508046 -1.4536822 0.56414425
2.1737719 1.4813483 2.1567092 -0.030424505 -1.7885326 -0.011945707 1.1380026
2.9239626 -1.1365888 1.9141037 1.7296659 -1.1779884 -0.10956274 0.42712554
1.9055811 0.31443852 0.5329492 2.990247 -2.004926 0.9750085 2.6761894
3.8407297 -1.1771533 0.30567655 0.65571463 -1.7402875 0.22229578 1.011912
2.4874213 0.9297597 0.15642904 1.6010522 -0.16265558 1.1751821 2.3727288
1.9731709 0.60631174 -0.7010813 1.5215973 -1.6820422 -0.22021542 1.0911705
2.7100239 -0.4472453 1.3035481 0.7444078 -3.021862 -0.42526802 -0.9954941
1.749152 1.4915264 0.005840283 1.3693752 -1.423201 -1.3391231 0.46284494
2.269525 1.364331 -1.5898607 1.1723783 -2.4803064 0.06409229 1.6091992
1.553196 0.38508362 -2.0078192 0.7690549 -1.3292754 0.38473263 -1.4040574
2.702102 0.58246106 -0.013199348 2.4834294 -3.5912926 -0.34976038 -1.2135246
2.5909119 -0.31674415 -2.8058305 1.0069062 -0.74372894 -0.26654157 -0.9317077
1.2493876 1.9841228 1.3561778 0.4503756 0.1415266 0.084919706 1.4544449
2.4397979 -0.8924404 -0.2293997 0.602596 -4.047989 -1.1003587 1.85092
1.3333889 0.69583565 -1.1597049 0.18865302 -0.7641753 1.0290337 -1.9783705
1.767507 0.5166176 -0.13738014 0.3642331 0.0982435 0.19951011 0.30576304
1.6235085 1.2213471 -0.044362325 0.97769487 -1.6505911 -0.6315956 0.9046404
3.8027563 -0.90657777 -0.14507891 1.1829952 -3.4309509 -1.0630124 -0.47204575
1.4854171 1.4707118 0.49111935 0.5424824 -1.7098023 0.9532569 -0.6703791
3.1490993 -0.77918106 -1.1925341 1.3519838 -2.803077 -1.3335418 1.4197607
1.3499186 2.2033353 0.65356827 0.99759483 -2.5563924 -0.89201117 1.0729661
1.8895456 -0.09486814 -0.42830327 1.3259648 -1.0640415 0.010621804 -0.14192894
2.6739323 -0.11082406 -0.85829663 2.017143 -0.4265196 0.61302066 0.72453946
2.0467021 -1.0124032 -0.40496376 2.2728329 -1.7488307 -0.12667142 -0.056291427
4.739375 -1.230917 -2.1055765 0.8425907 -0.41763052 0.27746704 1.4569733
1.632655 0.0017929553 0.53149045 2.1775782 -3.078666 -0.012936574 2.5803385
1.8168489 -0.4313044 0.5004475 1.7857158 -2.7070425 -0.29928508 -0.30897003
2.8462718 -1.4303356 -0.022333879 2.8341458 -0.82382834 -0.29333374 -1.2447236
2.2375877 1.4115291 2.050372 0.8420105 -0.44303343 -1.9951849 1.0417306
1.3623908 1.1992754 -2.278336 1.1865919 -0.77649915 -0.29217175 -0.8654459
2.3969178 0.2934815 -2.3005126 0.9442096 -2.1856902 -1.0054873 0.7246669
2.7079153 -0.94973487 2.1596496 1.957433 -2.028527 -0.42304817 0.3872322
3.9718516 -1.4900385 -0.5998825 1.159689 -0.2816238 0.8635924 0.14189747
1.9524451 0.8125337 -0.5856559 0.4240669 0.41439894 -0.031094532 -0.73344725
2.712107 0.30667692 0.32577798 -0.031995147 0.35826817 0.5618311 -2.6085017
1.7217811 0.18309502 0.18535756 2.3018825 -2.1559448 -0.12653522 1.1571488
1.5617825 -0.38367695 0.41870376 2.3256836 -2.2281122 0.12432827 0.6567665
3.2853703 -1.4185017 -0.509161 1.2017689 -0.5630245 1.2424115 0.37559512
4.3257327 -1.4104741 0.42135975 -0.609033 -0.5966072 0.20261718 1.3771589
1.0433269 1.7569172 0.14359854 1.6077027 -2.9014416 -0.7187361 -0.068785995
2.7404852 -1.203181 0.00015411898 2.664008 -2.72505 -1.0146157 1.2719996
1.2250053 1.4961879 -0.83648634 0.32310972 -0.9760057 -0.5906203 1.701997
1.7327815 -0.08090241 -0.6610656 2.2229023 -0.8593416 0.030108947 0.11564103
3.7969227 -1.7569034 -0.6958004 1.6461704 -0.39079413 0.83969235 1.4751364
1.9895872 -1.0304102 -0.36748305 1.8583101 -0.5113069 -0.14229344 -1.0641142
2.0458074 -1.016875 0.5418534 1.5574213 -2.3288422 -0.63236654 -0.4092491
2.340059 1.2301924 -0.2854207 0.46494946 -0.1275097 -1.3996693 -0.904596
1.4997537 0.9790279 0.16089343 1.425494 -2.1538088 -0.022235136 0.7926557
1.8333824 0.13547538 -1.0999436 1.0382562 -4.0448637 -1.0248883 1.2953393
2.1523824 -0.0035497667 -1.4039881 2.501378 -1.148671 -0.16841052 -0.30171797
3.6017904 -1.7504582 -1.0818093 2.1853125 -0.30466434 0.8558965 1.4740082
4.4968295 -1.3044112 -0.45261434 1.367341 -0.89634705 0.6410793 0.28358462
2.280766 -1.3166333 0.85144734 3.1905315 -1.9536389 -0.7620868 0.9031593
2.8870723 1.6881762 -1.3487856 1.7578151 -1.732138 0.023273487 0.79803735
2.3743458 -0.08015533 -0.5556741 1.9834512 -0.88183975 0.48828533 1.6212255
1.1836935 1.8985274 -2.1045315 0.27039567 -0.9239178 0.5327524 -0.42646644
2.2795243 1.6143531 -0.89783037 2.0908911 -1.2619431 -0.47252557 0.95387274
1.0874614 1.5310268 1.4026337 0.19992581 -3.6564698 -0.33754832 1.2493289
0.73875237 0.76387876 -2.4911797 1.8682601 -1.4766704 -0.21009417 -0.11247411
4.222012 -1.4679861 0.6877439 0.2643471 -0.08420906 -0.39783582 -0.25663435
2.1354716 1.301765 0.4867303 1.202376 -0.9981767 0.46646884 0.1730102
0.8006169 1.4008081 -0.2835739 1.061266 -2.8216848 -0.7038945 -0.48291728
2.4360392 0.350295 -0.38678625 2.2911615 -2.702331 -0.5909805 0.53994006
6.14868 -0.6116907 1.8375642 0.91434 -3.0116591 0.9114598 1.7396457
3.1031294 -0.7856116 -1.2062404 1.0447426 -2.2472398 0.15877964 2.1672375
1.0398341 1.2917043 -0.69031096 0.2767413 -2.9500318 0.17492174 -0.61527467
3.037929 -0.5042574 -0.17140128 1.8525766 -2.746893 -1.0183271 -0.3709851
3.6482704 -1.3400623 -2.3732564 2.0623808 0.13365926 -0.13721274 1.2254565
2.134019 -0.38162953 0.99172914 3.1981187 -1.8511341 0.7230904 2.3284712
2.0076783 2.0169196 0.83777857 1.2462523 -0.23525761 -1.158956 0.9606822
1.6195691 0.7442196 -0.58907056 0.850997 0.015548609 0.09725048 -0.28733668
2.178694 1.5241289 -0.037798185 1.3074174 -4.1652308 0.18348934 -1.7808609
2.2185163 -1.18144 1.1250163 3.3488982 -3.3596594 -0.74095756 1.6021204
3.8536596 -1.3316365 -0.8788892 1.1035233 -0.021440841 0.46605042 0.004530702
2.8568504 -1.1019459 -0.6066729 2.599888 -1.311759 0.29717806 1.4935639
2.4876637 -1.4316777 -0.32650247 0.27510718 -0.069055535 0.067797795 0.016198728
4.406229 -0.7542023 1.3482554 1.9295325 -1.5572894 -1.391563 -0.8921673
1.157571 1.9205816 -0.98042655 0.73314273 -4.1815257 0.19080453 0.07648167
2.1037538 1.459126 1.0909867 1.2049783 -0.26679358 -1.0614169 0.89548296
2.2332911 -0.27306974 0.28292045 3.1252174 -1.4857599 1.1599537 2.8774843
1.4978884 1.2022154 0.6083572 -0.09035763 -0.71091354 -0.112813696 -0.7702518
2.347501 -0.5893449 0.10290478 2.0389655 -2.0354562 -0.56021905 -2.3269696
1.504788 1.1802492 -0.50296664 0.32026252 -1.2121896 0.7155596 -1.7945392
2.9066336 0.46312684 -1.2555702 1.3842419 -1.2521421 0.3249562 1.3631248
1.7711637 -0.37837702 1.220624 2.9482112 -2.7220693 -0.07736449 1.4348943
2.2785218 -0.7484893 1.3917301 -0.09727332 -1.8624882 0.038042236 -0.4876878
0.8475 0.6036888 -1.5898191 -0.095404774 -1.6473371 0.8436764 -0.7555088
3.7590437 -1.1971934 0.9254687 -0.090633005 -3.4763098 -1.2868452 -0.54670995
2.4071448 -1.2138355 0.108376965 2.6854064 -2.141051 -0.82675004 0.08938789
1.720545 0.72228056 0.38811538 1.7809718 -4.250361 0.8339119 -1.5673604
3.397563 -0.6001224 1.4767473 2.2649052 -1.1809744 -0.48368183 -2.5086865
3.050052 -0.18572254 -1.0556332 0.8272651 0.04058399 -0.59875035 -0.2827041
1.9670173 1.7273364 1.9769776 1.3148602 -0.7328785 0.88665605 1.5592852
2.3487835 0.93159884 -0.7458627 1.7060823 -2.6091657 0.08078374 -0.13084206
3.2067688 1.1907192 -1.2848825 1.1279066 -0.77574664 0.60459995 0.50360495
3.4133983 -0.31974936 -1.631099 2.0588596 -1.0782847 0.33493593 1.4109905
0.80220664 2.242688 0.22402833 0.053616077 -0.89622295 -0.13374113 1.6196247
2.1460483 -0.06370027 -0.579761 2.1257062 -1.0841898 0.814245 2.1379356
2.572421 0.12628107 2.126454 0.20056656 -0.57460344 1.7374703 -1.4093211
3.185688 0.33176202 1.1250217 0.506069 -3.2078154 0.6072055 2.292836
2.3550854 0.8745199 2.455109 -0.0052554314 -3.2624636 -1.1097037 -0.20326766
1.4662899 0.043242503 -1.02146 1.4369202 -1.2536868 -0.21841072 -0.81887174
3.3543506 -0.59490085 -1.3018876 1.107434 -0.0001311081 2.038129 2.449253
3.591786 -0.35403377 -0.77821344 0.2202613 0.2685105 0.02803852 0.8719923
3.5964937 0.6266199 -1.825263 -0.38007715 1.0693735 -0.028381806 -0.7353181
5.4973383 -0.9679142 -0.49392226 0.34203678 -1.3751262 1.2705986 3.0459967
1.1445347 1.0329809 -0.8436949 0.81439626 -1.7876395 -0.7298845 0.6047618
4.1079326 -0.15771408 0.22055672 1.1094095 -3.3711438 -0.6761974 -1.4778323
1.7353882 1.2541945 0.7614207 1.022343 -1.3176237 0.33210364 0.38616773
1.2001685 1.7653325 1.8103917 1.2461538 -2.385069 0.2712551 -0.26111397
1.5877675 1.2550015 -0.8879833 0.7224629 -1.8181053 0.013177115 -0.9816527
1.9324274 1.8208117 -0.33562544 0.574336 -3.2543285 -0.34208104 3.377213
1.370216 1.0851918 -1.1505517 0.46797982 -2.2473006 0.2563323 0.19100654
1.8467746 -0.13909812 0.7773957 0.32242277 -1.3919042 0.4656652 -0.15737729
1.8697723 0.49522716 0.95390105 0.48357174 0.5489384 -0.27255294 0.22719017
1.5943798 1.5214297 0.049633246 1.3546365 -1.6108843 -0.7999289 1.0569531
1.7724785 -0.31541926 -0.65449286 2.1403797 -0.7317369 -0.03712235 0.07635471
2.4598083 -0.8331068 -0.19411303 2.0219276 -2.2876043 -0.5431565 -1.9019479
1.659478 1.1239512 -1.8563607 0.9320972 -1.9843041 0.7524509 0.553747
3.5558355 -1.3852657 -0.8517072 0.98124397 0.19016518 0.57227325 -0.10665032
1.565755 1.6542262 -0.2805262 0.8354608 -2.8530357 0.09331699 -1.171135
2.4030204 1.6994011 -0.93082356 1.1259029 -2.4472647 0.4159929 -1.0263785
1.9599956 2.2380962 1.068608 0.74445975 -0.25756344 -1.6689422 0.59069747
3.415372 0.017848719 -2.0406275 1.2920213 -1.2244667 -0.70426226 1.0329064
1.6929506 2.076817 1.1984115 0.9620651 -0.06121216 0.4640303 1.5088706
2.2938547 -0.29259056 -0.31513777 2.016734 -0.12470303 0.86530375 1.5890602
2.594471 1.2723784 -1.0657473 1.8555328 -1.9067296 0.13825871 0.7443885
2.7336853 1.1088876 -0.06554963 0.11973676 -0.10170708 0.08110453 1.4780734
1.685263 2.1363645 1.371278 1.3144085 -0.5098325 -1.5468075 0.47897598
1.7332824 0.046028662 -0.5145365 2.4098887 -1.5241513 1.3095846 2.653018
2.7190619 -1.3349862 0.07627426 2.6144915 -2.1483989 -0.6076104 -1.1963794
2.657014 -0.022330951 -0.059425134 2.2389317 -2.7262664 -0.46417287 -1.9816322
2.8530643 -0.6281492 -1.0895222 2.359607 -1.7894014 0.061308045 1.0159668
1.9205601 1.4284418 1.8420026 0.2186414 -1.8837113 0.15038814 0.5850217
1.9376308 0.7030951 0.020358782 2.281799 -1.9177173 1.2201675 2.8377469
1.4430703 1.3338233 -0.39971521 1.4745597 -2.8252316 -0.60170424 1.4343038
0.501018 0.48844534 -1.0426252 -0.1466954 -1.7965719 0.86942977 -0.4764346
1.9528698 1.0077509 -1.7232358 1.1115963 -2.3937888 1.0268226 -0.6495101
4.3327384 -1.2799473 -2.6940992 0.7697355 -0.0018346685 0.1959653 0.3691317
2.5513186 1.1989262 -1.1028495 1.9588655 -1.7715282 0.33241656 0.75835997
3.0002596 -1.1325414 -1.0175023 1.272134 -2.5664687 -0.43842933 2.1378818
2.5695002 -1.3185965 0.45221958 2.6363246 -2.150406 -1.1543996 0.23297104
2.1396446 1.171039 -0.32921985 1.7283943 -3.10442 -0.038976293 -2.4880562
3.1784182 -1.1877675 -0.71975756 2.4248638 -1.9586849 -0.5606754 1.3645374
2.2872 1.6989526 -0.9919654 1.2171215 -2.4935832 0.2359819 -1.3910737
3.3243694 -0.70054394 -1.8802823 0.30997148 -2.7764854 -0.23680447 1.7998838
1.4337658 0.6613527 -1.9520116 1.5709338 -1.7238243 0.47446343 -0.18084905
5.309947 -1.0668527 -2.6008813 0.47181335 0.4731231 0.53836703 1.8071342
1.9559318 0.1875109 -1.2198964 2.9740305 -0.9296539 -0.618853 -0.19806561
3.754519 -0.86228627 0.011533957 1.034751 -3.433188 -1.1678349 -0.75035995
1.9973601 0.22594146 0.0060016923 1.6715374 -2.8203096 0.301047 -1.1116939
3.7762756 -0.7765891 2.25587 1.9815361 -1.2562959 0.68771493 1.92282
3.2626834 0.053940285 -1.9850049 1.2595224 -2.1017547 -1.6740779 0.45662144
2.9320962 -1.1085639 1.3304288 1.6348017 -4.4175706 -1.4534363 0.63913065
4.017186 -1.2829826 -2.009707 1.136779 -1.6847844 -0.15500616 -0.5539498
2.7090445 1.3818845 -1.0723652 2.3045788 -1.0978585 0.06602527 0.52526075
3.8308935 -1.0765545 -0.52187675 0.7811011 -1.7359048 0.058184166 0.6832444
2.535274 0.5213575 -1.1943275 1.950946 -0.9979594 0.5680895 0.83853
3.5251167 -0.44245785 -1.2885802 2.1324196 0.027851842 0.92101955 0.96487194
2.851106 -1.1590748 -0.23154737 0.831939 1.4500325 -0.20100795 -1.3954813
1.958305 1.1839461 0.1760094 1.1362216 -0.56451786 -0.5094576 0.6393922
2.967198 -0.26689005 -0.6932955 1.2359071 -3.417069 -0.98280156 0.5041701
2.8130984 -1.8656052 -0.46178797 2.7572591 -0.619948 0.5981933 -0.14175293
1.7146955 0.526486 -1.634471 1.4796792 -1.8793641 0.18101396 -0.29442897
3.7325883 -1.3743343 -0.035922308 0.06628016 -1.1054901 0.37114742 1.0642884
1.7596984 1.1002116 -1.6056558 1.0220683 -2.2652006 0.9891709 -1.0083275
1.8271319 -0.1485656 0.17587708 2.6133947 -1.6357044 0.15341033 1.3435655
1.9935488 1.0703924 -0.8003166 2.4136026 -1.4260339 -0.10533403 0.5912587
1.5979321 0.11000101 0.51280546 2.644525 -2.9143538 0.15822019 2.5502472
2.6746416 -0.39438766 2.1191914 -0.37694904 -2.232299 0.21328796 -0.57979196
3.241478 -1.5522306 0.36869738 2.2672074 -0.68224514 0.15321709 -0.75861734
4.3236494 -1.3250225 0.36383542 1.7669829 -0.5538012 -0.08871983 -0.6168414
3.1244082 -1.4939287 0.4937863 1.4306623 -1.7215092 -0.5034832 0.41681477
1.4262062 1.0268774 -0.27176884 0.45002547 -2.440752 -0.24098764 -0.2470291
1.4967599 1.684007 -0.38012365 0.49694255 -0.8832599 2.5014176 3.2026446
2.6213548 1.3890942 -1.223626 1.9462239 -1.6868038 0.26902607 0.86114293
2.4251206 1.8009044 -0.65420747 1.9064288 -3.115127 0.8743966 -1.199406
2.8747516 -0.12388094 -1.1701484 2.0471194 -1.911364 -0.32228753 0.87880796
1.7213233 0.72115 1.1160619 2.7253346 -3.3269062 0.1994095 -0.28862765
2.583804 1.3477389 -1.5009742 0.9094515 -0.42363688 0.2393861 -0.5457557
4.6618056 -1.2896988 0.12717889 0.71909547 -3.4492874 0.62305856 1.9122559
1.9186202 -0.014460874 0.53225696 2.799359 -2.9652052 -0.12216298 1.024766
2.6311426 1.163149 -1.5765752 0.42738464 -2.2283754 0.38458255 2.0001402
2.0881457 0.6109664 -0.45351794 2.174566 -0.74677014 0.11929537 0.47850636
1.110256 1.0999002 0.3207862 -0.02894792 -1.2996634 0.579998 -0.58422923
2.6132846 -1.1437299 0.8205373 0.09292486 -1.4226245 -0.13003902 -0.3667863
1.4100641 0.5879504 -0.6600121 1.4159547 -0.58934116 -0.124225006 -0.017587867
1.9076461 1.4445586 -1.0204612 0.7617532 -2.3593066 0.13997604 -1.6497784
2.3616202 0.0780981 1.8878746 1.2508414 -2.3651578 0.92094874 1.8519254
2.551245 0.7663074 -0.73606014 -0.49950925 0.51702094 1.3226194 0.11739305
0.7999855 0.59633666 1.433631 1.6897985 -2.9038868 0.5960308 1.7621081
2.6133456 -1.2450216 0.33533642 2.2967649 -0.27404484 -0.26456687 -1.3045746
3.4999707 -1.3783796 -0.9002445 1.9173046 -0.4950945 0.87285495 0.15632609
0.63019776 0.35683113 -1.5248853 -0.37097627 -2.224621 1.3061187 -0.52786076
1.910019 -0.65525883 0.49865624 1.6164396 -1.0885372 -0.09264813 0.44020915
2.054678 0.5221606 0.44399998 1.4527589 -1.4991248 0.3674805 -2.0916388
1.4993486 0.7240259 -0.42921498 1.5066113 -1.142748 0.10389687 0.1965864
2.9235787 -0.010795546 -1.3690655 1.1398098 -1.7644166 -0.0038683238 2.5326536
2.4482872 0.53320414 -0.113543525 2.1820514 -2.5742216 -0.2815406 -2.286519
4.951129 -1.7671869 -0.7300681 0.0208731 -0.87252057 0.9491689 2.5183485
1.5202816 0.6056414 -0.058657665 0.13072792 -1.7409896 0.45951936 -0.5345004
1.4260386 0.5991239 -1.0279441 1.7361659 -1.7216026 -0.55972284 0.08542201
1.3361222 1.275995 -1.1177138 1.3123695 -0.025630094 0.2485018 0.17875186
2.829348 -0.60734624 -1.082249 2.146707 -1.9092526 0.18848635 0.46355036
1.2498108 1.9182074 1.4066932 1.0285183 -0.94387305 -0.4622868 0.17934763
3.2993517 -1.0088243 1.9558197 2.0239727 -0.72828877 0.06971671 0.9198113
3.8754604 -1.3247405 -2.1438591 2.5583603 0.11883607 -0.105678305 1.3428459
3.1705632 0.030582715 1.6259274 1.0506785 0.22264875 1.5698843 1.4699205
2.1745424 0.93330944 -0.8978853 2.0873005 -1.171323 -0.005496484 0.8705347
0.9060538 1.1615286 -1.8912356 1.0713468 -1.7856419 -0.3877299 0.47632506
2.0733042 0.029868174 -0.07282175 2.3977997 -2.980743 -0.30490038 0.6798083
2.9519336 -0.3893407 0.6511259 2.3442688 0.13913907 1.1184568 2.5424707
1.2507309 0.41830188 -0.22813131 0.38627148 -4.3518224 0.3868129 0.3844953
1.7496467 0.16906588 0.040672045 2.537068 -3.3523445 -0.8615583 2.0766487
2.4931219 0.98614466 -1.4279453 0.9167999 -1.7982589 0.20386077 1.6092622
1.8843887 0.9436216 -0.74483 2.6711652 -0.6849016 -0.23839305 0.348995
1.0899537 0.83871335 -1.5987287 0.38791224 -1.2282997 0.90605885 -1.3733445
3.0627425 0.8167668 -1.1841146 1.6642908 -1.370714 0.52911925 1.1627231
1.6194001 1.2745013 -1.2528766 2.3191745 -1.2107842 -1.0381467 0.31483606
1.9948503 -0.28331834 -1.5285393 1.1448705 -1.7929014 -0.3041508 -1.3465269
2.0602484 0.49762398 -0.9691551 1.1753817 -1.1202927 0.4274278 1.727638
1.7786317 0.32442123 0.37600824 0.22818103 -0.47927842 0.8851416 -1.47016
5.8269353 -0.7473635 2.1631265 -0.6023215 -3.5330882 -0.79528344 0.63318807
2.8046758 -0.5475444 -1.0228598 2.3389297 -2.2771227 -0.7498642 2.1993532
4.0947886 -1.3062044 0.48603317 1.8467674 -1.9534392 0.80372643 1.8835174
1.354247 1.581675 -0.5142467 1.0971687 -3.8398423 0.71528065 -0.8948738
2.6787632 -1.4470766 0.38803908 0.25955597 0.24798311 0.09580268 -0.40512696
1.5796471 -0.00155015 -0.70564747 0.68568045 -0.10905323 -0.09479664 -1.4129802
1.2376162 1.1568768 0.63959146 2.1158211 -2.8613245 0.033210102 0.122828215
2.3952951 -0.24463303 -0.7758323 1.8593397 -0.32802615 0.8394301 1.3965882
2.8489752 -1.4610515 0.18549739 1.9537194 -1.4368287 0.25053778 -0.28507608
1.7206094 0.7108036 -1.0090857 0.0398058 -3.887466 -0.6328951 1.8597472
2.5376449 -0.8628728 1.6394324 1.6753979 -3.3089347 0.43580756 1.5773313
1.6660078 0.80197257 -0.07684995 1.0043368 -1.5124348 -0.14556979 0.57345635
2.4600582 -0.6955347 -0.716105 2.0751095 -0.81847554 1.0530255 1.1381298
3.5800714 -1.5945998 -1.8069152 1.9068702 -1.1080819 0.17873885 -0.21963331
1.4951175 0.04928975 -1.0877326 2.1677902 -0.76738155 -0.45056316 -0.430849
3.5513508 -1.1000035 -0.91812015 1.1865271 0.26085284 -0.32373807 -2.367041
3.643426 -1.203984 -0.021449704 1.1829233 -1.4855725 -0.11321746 0.25213552
3.1480105 -0.7692552 -1.5096469 1.2975762 -0.0905057 -0.59990954 -0.49077442
4.2996016 -1.5734272 0.18465684 1.7559056 -1.9052337 1.1442878 2.2991133
1.6686516 0.45871133 -0.709558 1.3438648 -2.1147473 -0.29258022 0.597421
2.392025 0.29215485 -1.0318663 2.1101308 -0.9349158 0.66960025 0.7533366
1.7368486 0.26839358 -0.087699905 -1.2232534 0.24908747 -0.06824671 -3.643909
2.278984 0.67912704 0.46859953 2.3861694 -0.3009722 1.2430096 2.791017
3.7533567 -1.1956733 -1.5799845 1.6472582 -0.22716235 0.1713536 0.44914368
2.6604292 1.7845438 -0.0005300231 0.526074 -0.5357882 -1.2297083 -1.0809233
2.208403 -0.4283499 0.55564165 -0.27637228 -0.5236491 1.0976903 -0.44260868
2.3765028 -0.22001548 0.7290473 0.085507184 -0.16444932 0.45452848 -0.04075366
3.0421717 0.63716394 -1.3885367 -0.21552506 0.5896289 -0.25217554 -1.0502248
2.089792 0.5444971 0.8185215 2.3254054 -3.3932824 0.16346325 -0.71999246
2.0452726 -0.7115217 0.50506914 3.0966356 -1.8076438 -0.049059372 1.6867452
1.9842135 1.437283 -1.3624413 2.8807797 -1.3634636 -1.1059303 0.3685985
3.5839336 -1.0864313 0.49030742 0.5617515 -1.3944405 -0.18359075 -0.45372528
1.6698208 -0.5949792 0.36110732 1.8443894 -2.1669397 -0.28581962 0.13598233
5.6298347 -1.560369 2.7782986 -0.13436589 -2.3675604 -1.5605369 -0.8050541
2.986831 0.26218778 -0.2868829 -0.59232855 0.5056795 -0.2892253 1.3748027
4.368955 -1.790889 -1.0224543 -0.8618785 0.5215877 0.011942166 1.3893027
1.0413653 0.9274214 1.8114729 0.7718445 -1.891986 -0.5198251 -2.554549
2.8314521 1.6681849 -0.7972934 1.4826013 -2.8627107 0.39577177 -0.57841843
1.7231449 1.2566891 -2.0626948 0.24092487 0.02770748 0.06756587 -1.7196655
1.4223651 1.4821699 -0.18806173 1.1450062 -1.8766578 -0.6870737 0.79247373
1.460225 1.0242567 0.9385984 0.21097234 -0.79048467 0.6358024 -0.025844421
1.5968516 2.1212208 0.85346603 0.85343075 -0.6685444 -0.49551508 1.021498
