4.6147065 -2.0537448 -0.43447343 0.6967279 -1.8693727 0.69992614 2.136261
0.52153087 1.1088378 -2.2692835 0.72773916 -1.6855828 -1.8296502 -0.17529318
2.5006473 -1.483988 -1.2128811 0.6614405 -1.8155473 -0.45084795 1.6983511
2.9392562 -1.1981797 1.5991282 2.0902057 -1.3821641 0.020826358 2.3688114
2.5129602 -0.19316144 2.207091 2.20817 -0.06186638 1.0203801 -0.28867838
2.6471534 -1.2111155 -1.0041708 2.569396 -1.5360062 -1.5052376 -0.07722017
1.5603424 -0.4347834 -1.8360199 1.64796 -2.0962768 -1.0548292 -1.8338958
3.0271437 1.4622915 -0.8812791 -0.23755166 0.6913084 -0.07759164 -0.181712
1.444797 -0.811353 -0.06782712 1.8812113 -3.7855759 -0.21074675 -1.5434858
2.7537608 -0.8035216 0.5258735 1.3336174 0.75696015 -0.44109854 -0.42020902
1.5464222 -0.24628325 -0.0023309179 1.2699271 -2.3660195 0.32487598 1.7881789
1.1150892 -0.3834464 0.49736258 1.486337 -1.5688137 0.9967391 2.0305085
1.8506762 1.281558 -0.36544922 2.4612844 -3.6275334 -0.83511424 -2.313754
1.9660195 -1.23475 -1.003176 2.0688565 -2.8112707 -0.6924988 -0.5867251
1.6363894 -0.40649015 -0.45767233 3.0250523 -0.18003748 -1.4014628 0.89972436
1.7710603 -0.6883289 -0.8563917 1.1640022 -2.8172195 -0.4416084 -1.9284059
2.0438235 0.6925376 -0.9644257 0.8460535 -0.42412624 -0.95583606 0.8262204
2.877633 -1.339185 -0.3682917 -1.4722048 -0.97746027 -0.13875686 -1.0936685
3.673031 -1.1294123 -1.3073654 0.3538405 -0.78676534 0.39548185 0.6740759
1.6333816 -0.7327332 -1.6548455 1.7573787 -2.1971474 -0.22229163 0.74710816
3.6643915 -2.3712664 -1.2553767 0.8008944 -0.7436271 -0.10424422 1.2528648
0.78710204 0.35980004 -1.5599327 0.31001684 -0.8160411 0.52047426 0.88466793
0.9656705 0.8622952 0.1449487 1.7425098 -0.4695135 1.064603 -0.45851287
0.87101054 0.88685733 -1.1110492 0.70348656 -1.9306061 -0.4426348 0.0403581
1.8077395 1.4112748 -0.22610117 0.6034714 -2.1277993 0.116640165 0.09697077
1.4087431 -0.2911359 -0.3809177 2.0411782 -1.8019228 -0.4011077 -1.0017617
1.298367 1.0270259 -0.75840336 1.4725859 -2.9811418 -0.3295087 -1.8404831
1.0274254 -0.16058834 -1.8095739 0.15955928 -1.9005536 0.6439914 -2.4971266
3.451776 -1.1835215 -2.6937125 0.56113225 -1.4647386 -1.0173657 1.268964
0.7583852 0.19557898 -1.8893487 0.6709439 -1.4981096 0.9238852 -0.47875854
3.4448166 -1.3502706 0.30896625 1.4843533 -2.7118938 -0.22124504 1.4003606
1.7260729 0.2722128 1.1371986 2.2599952 0.15681614 -0.87102807 2.1781154
4.3208575 -0.2460034 -0.12442662 -0.08934668 -1.5549618 -0.47548255 1.9031453
3.057184 -0.7566902 -1.8751297 1.6406062 0.41550484 -0.8245928 -1.3445449
2.9143817 0.94075483 -2.597274 -0.72543216 -2.6500015 0.35027823 0.5801936
1.7872642 -0.5742976 0.6501368 0.80445886 -3.2042282 0.38848403 2.2921932
2.2850263 -0.86527026 -0.9094177 2.5748937 -1.0923446 -1.241027 0.8864264
0.8025686 1.244456 -0.27062574 1.2183363 -0.5685061 -0.12751721 -0.9180322
2.6045482 0.7231999 1.2956477 0.820318 -1.1507909 0.8889241 0.24259612
3.2843993 0.40878278 -0.33660772 -0.019120961 -2.6432245 -1.3660811 2.9461057
2.109028 0.44020182 1.3087568 0.08203189 -2.8595915 -1.1946336 -2.4209268
3.5124938 1.3871491 -1.7331156 0.7566817 -1.3571178 0.08046855 -0.5587267
2.5516412 1.0833967 1.6537242 0.6081809 -3.1875849 -0.12017773 0.14637604
1.6167911 -0.3398487 -0.95187855 0.88605 -1.6451932 -0.6794639 -1.8407264
2.1420772 0.89531857 1.5328083 0.56924176 -2.8818712 -0.09672998 0.16501704
2.8122425 0.65048915 -0.42120054 0.2990783 -1.0942268 0.6114656 2.2233489
1.815359 0.2986061 0.85699797 1.164803 -4.101539 -0.14634125 -2.178539
1.1489605 1.4736798 0.6643479 2.4950516 0.08494606 0.4321423 0.7313463
1.8442839 -0.20490594 0.49821863 1.2725695 0.1349137 -0.31766596 -0.7396398
2.2164202 0.75149554 0.44193932 1.4430358 -1.6630768 0.2288204 0.5458118
2.105955 -1.1132675 0.26223633 1.8035097 -0.92800224 -0.93334144 1.7713321
2.6956391 -0.14806493 -1.512408 1.0962389 -0.64789045 0.0856816 -0.6476925
2.5446324 1.3200836 1.7475303 0.79515284 -1.5646714 0.8124642 0.96452767
3.2311404 -1.7492231 0.23389588 1.5135784 -2.3034377 -0.1221783 0.70989114
1.3991554 0.12106471 0.21709393 1.0287147 -0.8211591 0.6937966 -0.285305
2.060761 0.14795725 -2.5612178 1.2058401 -3.1145957 0.76845837 -2.5647922
3.3909838 -1.915454 -0.78187793 2.494765 -2.126454 -1.3167965 0.018135224
2.493383 -0.41895133 -0.6497421 0.486886 -1.6170576 0.9958036 -2.211382
1.8102127 0.21230106 1.1561694 -0.10376321 -3.209509 0.7077873 -1.7770308
3.0469809 0.31223518 1.0207115 1.3821748 -3.0880427 0.50161576 1.278662
1.4733713 0.13568215 -2.0605638 1.7781947 -1.9332834 -1.4934816 -1.2958411
0.75405836 0.5593826 -1.2618563 1.2100163 -3.683025 0.39810315 -1.0356071
3.1415927 0.31006557 0.68807197 1.1593008 -2.947338 1.1491425 0.5471642
3.0353613 0.5673916 -1.4267645 0.58077466 -0.7458221 -0.025051814 -0.39154127
1.9928645 -0.8575509 0.39325437 1.1826069 -0.8385204 -0.37547913 -0.46894178
1.8435155 0.8368762 0.70794106 1.2861515 -1.362584 -0.18231253 1.0647585
1.4435104 0.4740699 -2.030237 1.4132341 -2.8099582 -0.69054806 -1.9957632
2.9459312 -1.123779 -1.2870065 1.7464206 -3.9149778 0.060552973 1.1373397
1.9713538 -0.48006606 -0.7186243 0.8210798 -1.4174519 0.029706556 1.9437717
1.4328098 0.08106057 0.66210103 0.80398625 -3.547483 -0.50311744 -0.5504245
2.0805836 0.489554 -2.4987001 0.08837572 -3.685916 0.24608026 -2.492608
2.1605284 -0.7529641 1.7103707 1.7187942 -2.368825 0.7846241 2.751369
0.7566903 1.642154 -1.5812707 -0.07501683 -1.4229592 -0.07110427 2.2718244
2.2476099 1.0765839 -0.79230547 0.11307314 -4.2084703 -0.6088438 1.329637
4.5270486 -1.0903411 0.78873813 1.0756135 -1.7611214 -0.51350987 -0.93565154
0.80312574 0.9097329 -0.57384384 0.9122075 -1.2021602 -0.27685496 -2.7406788
3.5360212 0.46438438 -0.051134128 1.1014389 1.1818959 0.4743643 1.4355643
0.94632715 -0.33542705 -1.7150984 -0.29103622 -1.7777482 0.74729425 0.15388837
2.8228643 -1.6842233 0.30343053 1.9473741 -2.757602 -0.75193214 0.018551383
2.0844622 -1.0384496 -1.3812038 2.444004 -2.380066 -0.8983589 -0.2486426
1.3437136 1.1003652 -1.9971309 1.4975252 -3.5416543 0.89999735 0.70647496
4.3369064 -1.3777237 -0.22364737 2.408962 -2.014118 -1.422082 -1.1030236
0.9777191 0.3026684 -0.50546587 0.7237706 -2.0025628 0.53745174 1.3871138
2.79276 -1.1054217 -0.84859794 2.28316 -1.195485 -1.0830989 -0.12491912
4.771781 -0.7025607 0.262899 2.1923456 -1.5858376 -1.7376523 -2.0080807
1.512066 0.10413961 -0.16070534 1.7999189 -0.44340095 -1.272219 2.1096
2.6675828 0.8604129 -0.12788786 1.2116547 0.7530762 -0.32223162 1.2137072
2.5026143 -0.38502294 0.6906471 0.79010195 -0.63163924 -1.1731402 0.4798675
2.415208 -0.57181126 -1.2796757 1.5258468 -3.674496 -1.0910685 0.9483251
3.5267136 1.166609 -2.7759287 -1.1793727 1.9395485 0.6478058 -1.4089768
2.216085 0.7088166 0.48235092 -0.20036641 -2.2554874 1.2275436 -0.020399299
1.5258378 -0.53138083 -0.3794771 3.000489 -0.28730938 -0.6037948 -0.3674322
2.813125 -1.334355 -0.6235766 1.5745647 -1.7938575 -0.07957201 1.4537184
2.118616 0.8907992 0.5004759 0.6709093 -2.1775417 -0.0223975 0.42821255
3.3524537 -0.7407733 0.13912915 1.1208375 -1.030897 -0.64176744 2.4022455
0.37350303 0.6366561 -1.4030412 0.42669865 -0.5984832 -1.4017739 0.13058296
1.9160138 0.5636547 0.49401197 1.0356909 -0.5156789 0.6843578 -0.2569773
2.0636063 -1.1972902 -0.19667597 1.4995413 -0.81841975 -1.1601944 -0.72195035
3.9787016 2.07886 -0.9245535 0.66076565 3.2726812 0.53694844 -0.9787442
2.5829759 -1.0008671 0.39758357 2.2837527 -2.2745802 -0.21968941 0.823482
1.2927567 0.50059706 -0.9944476 1.9668498 -1.5438877 -0.548503 0.8135496
2.5747557 -0.148035 -1.6883522 1.1093655 -0.8686346 -0.74283314 -2.3467922
2.3115056 -0.19086583 -0.947092 0.54188824 -1.0891681 -0.7073945 0.86358696
3.2109282 -1.2882093 -0.6783744 -1.4778283 -0.5203284 -0.15014254 -1.0211787
2.132626 -0.79724663 -0.5667344 1.7426425 -1.4632112 -0.50033426 1.8453293
1.147776 0.10408728 -1.1587229 -0.060507312 -1.0898606 0.30318418 -2.6231544
4.4773936 -1.0728316 0.045544203 -0.34072173 -2.3702307 0.4527624 2.1341348
1.5419226 0.88930136 1.0186248 -0.63579535 -2.3714652 0.41433027 1.1125896
2.4613128 -1.0993004 -0.18289049 0.9544668 -1.4389253 0.13128157 -0.70711756
2.2456408 0.90580946 0.5695735 -0.23089242 -1.9217671 0.6113359 0.40532467
1.4114907 -1.0278027 0.33912918 2.0168746 -1.2886962 0.28174743 2.5414624
3.5383384 0.49276924 -2.1523612 1.4718431 -1.737662 0.62062514 -1.3382375
3.3324978 -0.36370328 -1.854126 2.0044537 -0.87041306 0.6678406 -1.9830306
1.6143357 -0.19664945 -0.67451763 1.4447045 -0.85947275 -0.7786217 1.5380228
2.0253067 0.87275463 1.7562791 1.6033032 -0.5082027 0.9671289 -0.23617807
1.6087523 1.0532473 0.47074625 3.2858536 0.08057179 0.07683189 1.4384836
0.5861993 0.46105248 -2.678787 1.5071033 -0.37909374 -1.1319785 -0.7783999
1.7782494 -0.64420027 1.3686448 1.7185445 0.4495639 -0.3803068 0.071823984
1.6868199 -0.13169368 0.6101832 1.5703537 0.014299534 -1.8429313 0.97655106
1.326116 0.272003 -1.632917 1.5330892 -3.0371096 -0.47008535 -1.4077144
1.1094334 0.58730084 -0.46598437 1.6462854 -1.285175 0.115899995 -0.53553456
0.63738656 0.5299309 -0.49403253 1.5821867 -0.745196 1.0734415 -1.7638782
4.3169937 -0.71047276 0.89921916 0.8415884 -2.6257687 -0.68912137 -0.69666195
2.7887356 -0.978798 -1.3487383 -0.31264433 -1.7774774 -1.0196441 1.8716738
1.8119694 1.7120838 2.0174434 -0.683679 -0.9389566 -0.23131596 0.104304105
2.8583627 -1.1164566 0.21151851 0.69944096 -2.0790677 -0.4029676 -0.4063771
2.1903358 -1.2287552 -1.2002949 0.60414445 -2.915941 -0.9864765 1.7530446
2.518102 -1.1984951 -1.4053862 1.7394397 -1.2318424 -1.0851339 1.057081
1.6544963 -1.1816643 0.30849287 0.67929 -0.032592632 -0.7527298 2.2732387
1.7086365 1.1435077 1.0045083 -0.16735962 -1.9243474 0.47463974 0.42900243
3.349341 -0.16692705 -0.34147093 -0.9334649 0.15972914 0.27776793 0.9044809
1.8249704 -0.12800021 1.4010582 1.3208027 0.07304432 0.3752841 -0.41654465
2.8599057 -0.8748804 1.3299091 2.359717 -3.0776029 -0.43953332 2.1956801
2.1988888 1.626729 -0.15262474 1.3133092 -1.1727504 -0.6315917 0.68137294
1.1352588 1.3506308 -0.74247277 0.43570188 -3.444282 -0.8529247 1.3477147
3.7974524 -0.21900578 0.11372952 0.89495504 -2.116431 -0.7120769 2.0663917
2.6151817 0.26812726 -1.0431222 0.8910313 -0.32699797 0.20897232 0.044781227
1.4657383 1.1878917 0.08069931 1.0063741 -1.0921912 0.42076138 -0.34674308
3.5240076 -1.964596 -0.4584519 2.0741992 -2.225205 1.0448266 2.212608
1.331899 -0.42991406 -0.42150214 1.1128181 -2.052722 0.40177217 2.2338266
1.2380484 0.26475197 -2.102692 2.0355294 -2.734055 -0.070041224 -0.2886292
3.0622149 -0.9284397 0.40966448 0.60393476 -2.4353874 -0.20930038 0.4389601
2.9706488 -2.0020485 0.021215599 2.2587724 -1.8306211 -1.03774 -0.08247501
2.3441331 -0.2716748 0.8636045 1.5971518 -0.99419814 -1.0075573 0.2392492
4.3695025 -0.9964769 -3.085884 1.2297378 -0.7076775 -0.24230193 0.4191982
1.2426952 0.80158097 0.93773425 1.6289937 -1.0040134 0.1251067 1.8581965
2.8062403 -1.104406 -1.3376117 2.052654 -0.25860366 -0.961841 -0.38808417
1.0235928 0.10146801 -1.4186529 0.07939005 -2.258748 0.07273342 1.2749137
1.2452029 -0.50063616 -0.8018776 1.6604617 -0.6324611 -0.010276777 -1.45454
3.1574922 -1.158285 -1.3339353 2.1262553 -3.6275861 0.115927234 0.8386116
2.1966963 1.2204975 -0.63869095 1.0437851 0.56665194 0.7020991 1.3158408
2.2015514 1.5025158 -0.25259212 1.0055697 -1.7398161 0.15893038 0.47780272
3.6252701 -1.4735872 -0.03112169 1.5061526 -2.7548954 0.3024173 1.9991895
2.3029675 0.07752107 -1.9967878 0.8961606 -2.0128498 0.47775897 -1.7760482
2.420321 -0.61718214 -0.044163126 -0.39945942 -1.1852858 -0.6428752 -0.28553364
3.8310397 -0.94881123 1.0705026 1.4347309 -2.0599961 -0.79505074 -0.34641883
1.3765953 1.0149398 1.9328766 0.08629778 -3.1718802 -0.8985935 2.0428374
0.6735382 0.13023488 -1.1543076 1.8283967 -2.6125019 -0.053540315 1.1248255
1.4724661 -0.00083501346 -1.8867283 2.26832 -2.0468206 -0.5032252 -0.19541207
1.4844368 0.67348796 -0.29493907 2.5391822 -0.27580985 -1.0733277 1.7274721
1.7125987 -0.33863628 -0.6024686 2.2824657 -1.6282387 -0.12081991 1.6569487
2.390372 0.8327356 -1.9474843 -0.0376527 -1.2226666 0.28653267 1.9230661
2.2668877 -0.37085313 2.0429502 2.504655 0.052017592 0.035274763 -0.17056224
1.1266063 0.09737377 0.46629676 -0.26700202 -1.7599044 1.1763985 -1.4801737
2.9178061 1.0760554 -0.5084581 -0.16752526 -0.85363925 0.42068937 1.6979223
1.1136957 1.2297262 -0.44808117 1.4646677 -2.3364255 0.41133562 0.81501013
3.226086 0.6719544 -0.83466005 -1.1940356 0.09463992 0.73401666 2.0795348
1.8289801 -0.42908818 0.111194715 1.3690233 -3.4495635 0.58210355 -1.9751191
3.1499982 -0.10151799 -0.35733846 0.28991348 -1.0161799 -0.52369964 0.9426208
2.6387908 -0.5008252 -2.045799 1.4742438 -1.6125165 -0.5767809 0.20936447
2.9523618 0.6668584 0.60366714 0.9977139 -1.7701194 0.3406761 0.12685004
1.8101087 0.31477457 0.66932964 0.27477014 -3.206442 1.1199464 -0.76085514
4.3094 -2.26651 -1.7371746 0.58174807 -0.50662386 0.17611648 1.9055452
1.3765035 0.47796363 -0.35430458 2.993333 -0.44350848 0.5328338 -0.062215354
1.437249 -0.5168105 -1.9656107 -0.20257074 -1.83572 0.36984524 0.5651781
0.61878824 0.13672929 -0.11677553 1.5045033 -0.4709147 1.0720742 -0.7523107
1.9035169 0.34689826 -0.8362459 1.1943144 -0.18103729 -1.6900252 1.6645362
5.3530436 -0.4252494 -0.4211301 0.14855155 -1.7765086 -1.3208526 0.009285603
2.9200864 -0.07052399 -1.9622892 1.2343758 -1.8348684 0.58377695 -1.854818
1.662359 0.57089144 -2.2747176 1.434418 -2.3612592 -1.8347887 -1.1877141
3.4596312 -0.8795056 -1.4360032 2.156172 -2.079403 -1.0574582 -1.6509446
1.7522444 -0.9569133 0.07710223 2.2384026 -0.9602637 -1.014332 -0.054184284
3.6717076 -1.6917404 -2.0996797 1.6495681 -0.36721858 0.048705835 -0.41994286
2.8941226 0.15978913 -1.4813983 0.6704928 -0.39582524 -0.63556814 -1.7358904
1.1860839 1.1101174 -1.2448379 1.2662833 -2.8581326 0.50708276 0.41538885
1.5897934 0.41095215 0.22698615 2.2430718 -0.693223 -0.24168186 2.7320867
3.000196 -2.1258872 -0.501464 1.7224474 -3.0430388 -1.4618635 -0.5957175
2.2516286 0.8798495 0.37672743 1.5114102 -1.1334946 -0.045772802 0.54236484
1.7185125 -0.011243892 -0.59770846 0.61411124 -1.2317754 0.25494823 1.7947255
0.75172246 1.1190664 -2.2833085 0.89818 -0.43169364 0.8591604 0.18750718
3.7060907 -1.3781806 0.16513251 1.2290008 -1.8960158 -0.7628366 -0.81719244
2.88005 -0.20609505 -1.1039 -0.2815875 -1.4405667 -0.25757453 1.5710475
4.0259166 -0.000775528 0.9003542 2.312866 -0.9462359 -0.9008696 0.40442404
4.117025 -1.0595709 0.64603424 0.49635735 -4.596101 -0.9859952 0.21119311
1.4073112 0.70693165 0.4571503 0.5550186 -2.8611126 0.48163322 -1.8219047
2.209221 -0.68358666 -2.1964927 0.9888276 -1.3249943 -0.35623613 -2.4198718
1.46355 0.3328572 0.40872547 0.38322654 -2.18299 -1.1156889 -2.3545194
2.1173534 -1.1588917 0.7505786 1.1513922 0.39326432 -0.38985327 -1.0052073
1.8993114 -0.7167574 -0.1906047 1.6481068 -1.6881691 0.2277797 -0.8107122
4.5636697 -1.4755311 -0.73019004 1.5191752 0.36655846 0.12511744 -2.4289088
2.3226745 1.759639 -0.30339518 1.196039 -1.4627483 -0.037808876 0.6584633
3.7208433 -0.27955818 -1.0828388 2.4207685 -2.3290305 -0.4292321 -2.4076014
2.9980974 -0.5514132 -0.76373637 0.54437566 -0.8621799 -0.24135421 2.0510728
2.070808 -0.788037 -0.28950813 1.6844846 -1.6986388 0.16924615 -0.83524454
2.5820425 -0.734505 -1.0991088 1.1312299 -1.0761882 -0.6888719 0.95299786
1.897871 0.5305962 -1.9131473 0.21497035 -2.1471672 0.4738433 1.4425012
2.7024403 -0.59416384 -1.8345113 1.6734846 -1.0160459 -0.66820717 -1.8361671
5.660165 -0.74134105 0.8653748 -0.91422 -3.0900607 -0.980628 1.6197902
2.4314132 1.259141 2.3724651 -0.22883022 -0.73521316 0.8104547 -1.4483292
1.5684999 0.24554817 -0.20371987 1.580057 -1.1155634 0.33924815 2.1302505
1.5024475 1.5650814 0.44867298 0.27925304 -1.8503677 -0.9138603 0.21951595
4.367082 -0.6260852 1.1500598 1.2404795 -2.1314301 -0.9535067 -0.5551357
2.7461896 -1.1578743 -0.2503011 1.9758722 -1.5619296 -0.7376363 -0.93142086
2.6836267 1.2583513 -0.63817835 -0.0381442 -4.5027595 -0.40137616 1.4942347
2.622264 -0.83656865 1.1974546 2.5923321 -2.6577897 -0.32692298 2.3937054
2.8984246 0.25501686 -1.7972262 0.8529085 -0.7444893 -0.88646936 -1.8160278
2.1228607 -0.8552732 -0.41745362 2.6263835 0.50438285 -0.8397672 0.22260997
4.0250993 -2.0292263 -0.22761442 -0.18080702 -1.6204122 -0.07989882 -0.019175198
3.0210779 1.2545133 -1.4053297 -0.7683859 0.34118906 0.75637347 -0.9131777
1.0579696 1.160671 -0.23807432 0.27420858 -1.8668889 0.288763 2.736258
4.522688 -0.6190533 1.2274469 1.9344723 -0.22629713 -0.20056604 -1.2974486
2.4792922 0.5205279 0.894639 0.008310586 -4.415994 0.97694004 2.074218
2.1676102 -0.41214108 -1.2857289 1.4949563 -3.6467938 -1.3588339 0.8447006
0.8817352 0.44629294 -2.152743 1.5837646 -2.9356875 0.29655614 0.043312404
1.50839 -0.48158902 -0.2739776 2.5073783 -1.166521 -0.7514716 1.0200802
4.5717883 0.22083382 1.2566497 1.5924041 -0.5479125 -0.18532835 0.34019437
2.2154953 -0.73105615 0.7119294 -0.21810427 -1.0481654 0.7492554 -1.7075238
3.3301775 -0.8927271 -1.6058314 1.8776442 -0.2573515 -1.0803397 -1.3854858
1.8561772 -0.44458127 -0.36460117 0.28120196 -2.6643248 0.419264 -1.6498775
1.1808275 2.7677283 -0.16351415 -0.11697337 -3.562539 -0.7331878 0.5272702
1.2012323 1.1177506 0.56657577 0.5938913 -2.8528683 -0.24136959 0.28119126
1.7827655 0.6286984 -1.0910032 0.8262356 -4.7759223 -0.24443541 -2.2929022
0.8875044 0.74703103 -0.85068554 0.47979918 -1.115409 -1.3512834 0.032695923
2.7298317 -0.5064089 -1.0228657 -0.21371892 -1.8637121 -0.94890773 2.1226523
3.9434686 -1.0090437 0.9132892 1.4436256 -3.357815 0.5027206 -2.318716
0.9810501 -0.19951148 -0.6403649 1.4827149 -2.8359666 0.24358141 -0.7450385
2.544502 -0.9868377 -0.34146783 1.7894807 -1.9407824 -0.24042235 1.7427512
1.2664627 1.5372783 0.5872536 0.09749344 -2.9388094 -0.056993823 1.3351051
2.2598217 0.13348179 1.723901 1.5601195 -0.19512676 0.51930106 -0.5747647
0.6013633 0.23550944 -0.7523602 1.3010592 -4.335513 0.17597295 -1.80836
2.0489564 -0.50222284 -1.313807 2.1046193 -0.715112 -1.1752133 0.44661465
3.6884055 -1.6570759 -1.6370573 0.20082393 -1.6713693 -0.60068345 2.2559834
1.6726238 0.6758494 0.31970772 2.8739145 -0.10951743 -0.38394877 0.97219616
2.2958975 0.9601818 0.9810293 0.9429491 -3.3195517 0.2186525 2.2165895
2.7435663 -0.8572922 0.08942054 1.4390255 -1.9244796 -0.089634046 -0.1938568
2.7717097 -0.35114104 0.52280927 0.62261164 -0.5971557 -0.8406556 0.8261468
1.392454 -0.03637142 0.20847426 1.6457316 -2.2253776 0.74373376 2.0243156
1.9515878 -1.4365993 0.36104736 0.42117825 -0.28151438 -0.5132634 -1.1058499
3.7524383 -0.7843945 0.22422872 0.48574832 -0.46485397 -0.6302037 2.1685066
2.1858683 -0.5058524 -1.3383523 2.5606382 -0.9713026 -1.3533349 0.44950467
1.8560582 0.2842378 0.12382732 2.1769774 -0.9299084 -0.514601 0.78310114
2.2070217 1.7312858 1.5508463 1.7533865 -3.3154635 -0.014444691 -1.5015154
1.7958267 -1.1610467 -0.20090713 2.0567052 -2.596917 0.16194166 0.16631308
2.4335146 -0.37844115 1.1139814 1.8025129 -0.5423863 -0.92166233 0.026761029
1.3266786 0.64084476 -1.628655 0.045117676 -2.744704 1.1858742 0.37878874
5.047701 0.13444234 -1.7633319 1.1977723 -0.4236165 0.6020107 -0.07383978
4.7864294 -0.73174566 0.57092273 -0.585022 -3.020268 -0.6941329 1.4914285
2.0220144 -0.9275519 -0.9327857 2.711061 0.63497174 -0.387106 0.11241618
2.7884278 -0.95392627 0.2985873 0.48649392 -2.3014622 -0.36419162 -0.07755056
1.023298 0.023452211 -2.884774 1.0755043 -3.6864963 0.36523703 -1.619354
1.651111 -0.61854774 -0.9643446 1.2850939 0.18425693 0.4909304 -2.1295037
2.2058966 -0.9836597 -2.0545652 0.12102887 -2.251001 -0.94456863 1.6070688
2.1311789 -1.0006251 0.34853336 1.6755197 -0.68941295 -1.0103345 1.548207
4.717364 -0.556063 -0.20849557 -0.37919268 -2.0026472 0.19499637 -1.0187758
1.3899738 1.3026929 -0.101254955 1.2801992 -0.53746176 -0.5095304 1.2156045
2.4200263 -1.5217748 -1.4209968 2.0305314 -3.1334465 -1.4118565 -0.48014912
1.7941728 0.5814545 -0.43691662 0.7501945 -1.4564235 0.20058872 1.7933716
2.4431818 1.6651624 -0.7524898 1.3767917 -2.6590087 -1.8575925 -2.857422
0.9528867 -0.84748167 -0.57951427 1.5416688 0.74105155 -0.253566 -1.7928345
1.8519789 1.2269346 -1.6382849 -0.66180956 -2.6145785 2.0914881 -0.76505893
1.385941 -0.37844104 0.34347197 1.6515012 -0.314849 -1.1380787 2.223796
2.0131211 0.6845624 -0.6849164 1.4506712 -0.76197875 -0.9718025 2.0489793
1.3743244 0.35908026 0.12431727 -0.17654428 -1.6758184 1.4192342 -0.7461707
1.6353284 0.4850555 0.027027588 1.2058319 -0.8394697 0.5704613 -0.025089767
0.98742306 -0.24960203 -1.4622008 0.27284268 -1.326033 -0.054939013 0.6611361
2.917524 0.3313561 -0.8362719 -0.521781 -0.7570324 -0.20374332 0.42280564
1.6934619 0.65023845 -0.40778306 1.9060309 -1.3916653 0.18124641 0.34829184
1.947594 -0.6471758 -1.3326179 0.78546923 -1.3920426 -0.92367035 -1.9638908
3.2264733 0.06485133 1.580864 1.0473096 -0.28307018 0.6568415 -1.7841892
3.0634062 -1.9815326 -1.3646727 1.6771374 -0.9704803 -0.35793886 1.4447488
1.9092549 -0.18729015 0.5398538 2.0135248 -1.3157655 -0.6482362 1.2473582
2.6633098 -1.8036268 -0.8945978 -0.44212684 -1.0932406 -0.0023939433 -1.088913
4.354927 -0.021587323 1.7392287 2.0958843 -1.7474083 -0.24420308 2.2378922
1.3228245 -1.0529034 -0.35119668 1.5339148 -3.0106502 -0.05125196 -0.9126612
2.1108525 -0.44940287 0.17928647 -0.052083105 -1.567383 0.28311595 2.7968578
1.5629834 1.3003757 -2.6478984 0.75144863 -0.80633104 0.31577507 -1.1052166
2.1148784 -0.9674732 0.20137785 2.4705088 -1.6673386 -0.18141012 2.6849484
2.706867 -1.308707 -0.7195591 1.6899337 -1.2223135 -0.7317457 -0.20178518
4.758055 -1.0707092 -1.6216413 1.3941281 -2.6174178 -0.7189951 -0.9286733
2.6968956 -1.323358 0.13902603 2.4349322 -2.9345808 -0.3429676 1.6615771
2.5582974 -0.6229646 -1.3387339 1.5989368 -4.2436 -0.0095781805 0.62046254
1.7617514 -0.69547176 -0.34023002 1.8664107 -1.534844 -0.4225283 -1.1203309
1.8726454 -0.62984437 -2.0042498 1.8709196 -3.14878 0.2720953 -2.2018723
2.1317542 -0.821565 1.3567234 1.9686507 -0.890679 0.09821965 1.7349937
1.1095635 -0.30264717 -1.6814415 1.1060863 -3.0481853 0.43268618 -2.0205216
4.3084183 -0.74475986 1.1537924 0.17882761 -1.1744082 -0.5633757 2.7408285
2.1880817 -1.3738457 0.44781962 -0.023675784 -0.15579592 -1.0136654 -1.0204747
1.8785273 0.10465269 -0.7434571 0.9055296 -0.7980969 -0.55675346 1.9153844
1.4733462 0.036034036 -0.5105909 0.25729063 -1.7437855 0.4693204 1.6242932
2.3993912 -0.5694969 -1.8550806 0.8457187 -1.6149282 -0.045209926 -0.62103254
