3.1320841 -0.11929484 0.6496105 0.6106403 -1.4142007 0.44107452 0.53256446
2.1177497 -0.3391438 -2.3167295 1.8411833 0.34026948 -0.24425541 0.5253995
3.415186 0.66867715 -1.0772773 1.4011422 -0.07618389 -0.6625994 -1.5197885
5.216459 -1.5019398 1.3915055 -0.35138425 -1.6954234 -1.1658608 -0.032497372
4.487856 0.5715764 0.25450715 0.021265477 -0.6477589 1.672971 0.36885968
2.599101 -1.4014287 -1.4937527 2.2397034 0.036171995 -0.45701292 -0.4926004
2.7417657 0.078402564 -0.6085501 1.5579076 -0.9921428 -1.1322794 2.506251
2.6800296 -0.6836979 -2.2541745 2.4454005 -0.47849402 -1.1085255 1.5310016
2.2523694 -1.6840776 -0.43706003 0.62251204 -0.6807299 0.5417701 -0.47228625
2.846096 -1.6732596 -0.22090556 0.55403095 -0.4339668 0.15419568 -0.28278872
2.3433485 1.0456045 -0.85248554 0.36918834 -0.4694837 0.5015159 0.75546396
3.6781793 -0.77755195 -0.99925995 1.599841 -0.8570859 -0.6375054 1.1776856
2.0922666 -0.68879944 -2.4939606 2.438124 -0.21565245 -1.1504058 1.3347769
4.804783 -0.6335049 -1.5340675 1.7161468 -0.87219673 -0.2023444 -0.62603515
2.0831785 0.91644865 0.06500815 0.5612119 -0.8478902 0.924541 -0.3787926
2.1986513 -0.18488677 0.10644625 2.8052986 0.02997782 1.375646 2.0309188
4.2009883 -1.1984 1.3312392 1.7594917 -0.38907924 -0.7574637 0.121073276
3.435053 -1.087953 0.08885048 1.8257914 -0.42419705 -0.022486608 1.6988691
4.4311433 -0.16432352 0.25073525 0.974493 -1.2392229 0.102049485 1.998929
3.49057 -0.9208929 -0.17664506 1.2545081 -0.33157548 1.6209058 1.1238654
3.9828367 -0.17457028 0.52140975 0.0542365 -1.6057554 -0.43057188 -0.57973546
2.563895 -0.56176585 0.40923962 0.80300575 -3.2789872 -0.34006754 0.057855163
3.510952 -0.6678135 -0.775697 2.3132968 0.09017601 -0.55542076 -0.9629579
0.91390747 0.70225126 -0.082917586 1.1193198 -2.5480006 -0.9469229 -2.1131198
2.3428125 1.5570884 0.696944 0.17159702 -2.4824066 -0.116875395 -2.1761136
2.4698524 -0.55226535 -1.1256037 -0.47035825 -1.9438725 0.29836562 -2.2722516
3.2216027 -0.5678788 -2.3331678 1.4618936 0.51459754 1.2687585 1.9764998
3.3962462 1.0494938 1.2058692 0.7192455 -2.1288514 -0.117350325 0.83568543
3.1084023 -0.85291666 0.44832906 1.6920468 -0.79188186 0.16647239 1.647681
3.6481183 -0.56664485 -0.86361086 1.3355055 0.12497648 0.12896986 -0.09012416
4.064768 -1.3800055 -1.0184133 -0.12715128 -3.1355085 0.8316183 -1.024933
1.0344032 0.24003391 -1.7939044 1.7127088 -2.3723147 -0.047578555 -0.4019466
2.9458241 0.10865669 -0.06314005 -0.22615768 -2.1094515 0.045245666 -2.3774068
3.4884272 -1.3731906 0.46076867 1.0143487 -0.026873805 0.36378607 0.837806
2.9112806 -1.5205072 -0.52537274 1.2265096 -0.4849804 0.0989681 0.44992855
5.921306 -0.4738657 0.070704445 0.32694757 -3.2110496 0.41024628 -1.5927964
0.76761955 0.5524166 -1.5748796 1.575601 -1.7324721 -0.7507239 0.041299913
1.758452 -1.0033085 0.54780114 0.27149847 -0.61040854 0.7124319 -1.9359467
5.665851 -0.5029349 -0.9627117 -0.32646304 -0.85650396 -1.2197535 2.1513886
1.6376736 -0.61977 -0.13638164 2.3229172 -0.13374446 1.5017462 1.4933302
3.961679 1.0451488 1.6513438 1.1995203 -2.86548 -0.035746854 1.4511873
4.575818 -0.59482116 0.65749323 1.7593904 -1.4190001 -0.4031516 0.77595645
3.0262573 -0.7486362 0.15631233 1.4404951 -1.3307438 1.0411949 0.9894424
1.7649518 -0.6655912 0.61492586 2.099148 -1.5974174 0.44918665 1.9078102
4.0333447 -0.6673884 0.27313992 0.12871641 -2.6894145 0.37108067 -1.2337503
2.051786 0.011506724 -1.8384128 1.8420849 0.5121661 0.08833943 0.9832997
4.8996696 -0.6731296 -1.5769472 0.7320191 -0.08328924 -0.0030358853 1.412017
2.7609746 0.5022214 0.27150866 0.6444886 -2.7138581 0.7389356 0.8810485
1.2308812 -0.27463883 0.9007379 0.34539965 -3.9265296 -0.6245036 1.7084
2.528887 -0.3893277 0.6064973 1.0013194 -1.0698694 1.2870767 1.1005757
2.0618324 -0.5745029 -2.3794215 2.3025632 0.14043637 -1.0955513 1.3985367
2.9890807 -0.98968035 -1.1080545 3.2310004 0.111670576 -1.3233286 1.9074461
4.7024274 -1.1392882 0.38034436 -0.25136486 -1.1123155 -1.1664722 -0.5617122
3.181901 -0.7783546 -1.9287691 0.9487194 -0.11096666 1.0769384 2.3670435
5.143162 -0.123389676 1.2814466 0.14616051 -2.851798 -0.9652698 1.5838151
3.0136116 0.1916769 0.37676975 0.15829048 -1.8588687 0.7193955 0.48500255
2.1824477 1.0780885 0.31999967 1.4762132 -1.5593807 1.2112141 0.93874526
2.86401 -0.46771687 -0.39555648 -0.03321788 -2.6143765 -0.06489061 -2.380176
3.7968113 0.26202685 0.94004464 -0.21564493 -1.6574415 0.5143653 -0.13930377
3.50275 -1.4357145 0.6890007 1.7624965 -0.3953945 -0.074873075 0.79058874
5.173886 -0.060545873 1.6630776 1.527418 -2.3187299 -1.182934 0.81522757
4.7389026 -0.8148064 0.6903944 0.48450923 -3.7107782 0.14758326 -0.8921909
3.7909064 -0.92193025 -1.2994047 2.2858317 -1.473499 -0.17046855 -2.234988
3.2267582 -0.35445708 -1.5512792 2.619458 -0.53415215 -0.9111819 2.635132
2.0310469 -0.7129044 0.7538805 -0.7291789 -2.3100698 0.26901153 -1.8840481
2.1114817 0.55896336 2.314378 0.13168886 -1.3364406 0.03232159 -0.65763134
1.3361504 -0.5173506 -1.1795708 1.8606495 -0.7063286 -0.12111141 -0.73263335
5.5212464 1.1376836 -1.7327809 1.5772314 0.2783703 -1.1041892 -0.41361418
2.4382377 -0.8825202 -2.3176944 1.9052024 0.39582732 0.416154 1.938716
0.81275344 -0.4594764 -1.0053873 2.5676038 -2.5077133 1.1067 1.4584539
4.349046 -0.31069845 2.2234352 1.3524063 -0.44575956 -0.16107498 -0.87983054
2.5546877 0.42539507 0.3701894 0.39362964 -1.837444 0.82033306 0.7844234
1.3114942 2.8031945 1.8243027 1.6879324 -3.6663058 -0.344421 -0.4061801
1.5098773 -0.76032954 -2.0213306 2.4574368 -0.3082684 -1.1850641 0.8089903
2.0729887 1.0437294 -0.6714953 1.4498957 -0.4416369 1.2284286 0.666485
0.9769716 -0.03903432 -1.5523099 1.8073493 -1.1442323 -0.695193 -0.38760352
2.651272 0.8172694 0.020593148 0.010658339 -2.8120224 0.36856797 -0.009291973
3.998907 -0.085681394 0.10770248 0.11832249 0.015042447 0.6675199 -2.5311172
3.512466 -1.5378919 0.28569254 1.6117244 -0.37631166 -0.2955663 0.9135076
2.1568723 -1.9370809 -0.8480277 1.3519292 -0.1125407 0.31488022 -0.05541947
3.7494006 -0.2669987 0.3931727 0.03466198 -1.9019992 -0.012273771 -0.59624106
2.388872 1.0316852 -1.4050326 0.19948925 -0.13771378 0.75304085 0.34270558
1.8047346 1.0339029 -1.1044525 1.8916323 -0.6753373 0.73764527 -0.6248685
5.5322833 1.3558223 -1.0554051 1.3710055 -0.43463793 -0.057208758 -0.54568595
1.7548821 0.4262157 -0.9210279 0.89865863 -0.06539426 0.6216256 1.595656
3.6570585 1.2271342 1.3423965 -0.045205623 -4.253026 2.4432495 -1.0469625
3.0259504 0.7681103 -1.5358757 0.13914052 -0.48882362 0.54574704 -0.21975827
3.9006424 0.6739785 -0.23250873 0.28883138 -0.41410634 -0.1043589 2.0114706
3.2743225 -0.56847376 1.261533 2.7580051 0.4177027 -0.04270802 1.6707914
2.4658897 -1.1048028 0.0955237 -0.5878446 -2.0294375 -0.4232426 -1.1916378
1.8984389 -0.7611752 -1.9864595 1.5306203 0.6410117 0.09668808 1.4944916
2.8913295 -0.7755231 -2.2168152 1.3320153 0.25648358 1.1143 2.2324054
2.838286 -1.3197956 -0.06769027 -0.18606865 -1.6493136 -0.39001426 -0.9421466
2.7192428 -0.51626414 -0.17816056 0.6327112 -2.0815475 0.6236246 0.095520884
0.89061326 -0.66464895 -0.7894758 0.7613443 0.037643753 1.0747631 1.5043169
3.7910414 -0.9407844 0.4413217 1.2458442 -0.95760524 -0.3373147 1.5873669
4.0833864 -0.18638726 -1.3073974 1.1589746 -0.15370457 0.42843506 0.08592978
1.2788475 -0.17090102 0.56783223 -0.54486895 -2.9572234 -0.8786404 1.921229
4.3648434 -0.49825758 1.4779127 2.69476 -1.1341871 -0.16681097 1.3559978
1.7806692 -0.3929965 -0.28679708 2.507588 -0.93582976 0.93593544 0.9310187
1.3892269 1.247273 -0.64845645 2.1367383 -1.2884188 -0.34041545 0.33463067
5.1225505 0.40482718 0.17486118 0.22584096 -0.16805391 -0.55302763 -0.92357594
2.5133114 -0.6268241 0.3420771 1.3837388 -0.85467106 -0.31469664 1.7831773
5.2551637 0.66890246 -0.52317894 2.162769 -0.21441297 -0.7676501 -1.6587079
4.596992 -1.2214775 1.2620761 -0.029117972 -0.36752352 1.0695703 0.99438447
2.151401 1.1539993 0.21242724 0.72131264 -2.1665015 0.7831313 -0.16119537
4.6287465 -1.2311282 -1.0585078 1.2668227 -0.7544593 0.2108139 1.8713064
2.6430469 0.22426645 -1.8748561 1.1036185 -1.3649876 -0.41575402 -0.12478712
2.4218898 0.1757826 -1.2385125 1.4927378 0.019770049 1.3107834 0.80404764
3.2997456 -1.4797363 0.24778758 1.7454696 -0.23274441 0.18610944 1.020033
1.8295878 -0.930795 -0.9044671 2.3895037 0.0046294555 0.76988876 1.3689063
1.9235522 1.8294048 0.0038058572 2.0762746 -0.95788634 -0.73059326 0.6807599
0.9952787 -0.85532135 1.2437513 -0.30683815 -2.7398853 0.51283145 -1.8533581
3.047195 -1.722261 -0.62633747 1.176573 -0.15899272 -0.21323954 0.38269553
4.44266 0.66246945 0.50630355 0.5371021 -0.35028538 -0.41082534 -2.0101585
2.7788043 0.14990847 -1.710209 -0.01733324 -3.6552503 0.94569355 -0.46136644
2.3784785 -0.0839922 -0.8370389 1.3002775 -0.2752411 1.2955567 0.13025
5.094324 -0.15880962 1.5501232 0.6580369 -2.9265924 -0.11591266 2.194591
2.6906767 -1.0516956 0.8029599 -0.24345598 -0.87897754 0.23729004 -0.63753015
2.4669733 -0.47475737 0.039307814 1.2635623 -2.4623747 0.4184585 0.36698952
1.8945411 0.11497836 1.6758664 -0.2159431 0.460745 -0.643602 0.6624283
4.0897174 -0.8368589 -0.8550029 -0.39736056 -1.5826453 -0.10636209 -0.5289174
1.0769426 0.18774085 0.54576325 1.3505025 -3.1089776 -0.6299188 -1.0510726
3.8987787 -0.5003249 -0.50393367 -0.29698506 -0.59256816 -0.01090954 -0.25385568
3.4027236 -1.3881043 -2.821252 0.68075275 -1.1185714 -0.08391379 1.9457332
2.7501903 -0.7170326 0.6850307 1.6211419 -0.8445339 1.4404209 1.0874608
3.7737293 -1.3098061 0.81633794 2.2398343 -3.3489306 0.32597664 2.24127
0.91149056 0.701906 -0.628662 0.44185257 -3.5369234 -1.5582596 -2.975564
5.236598 0.19633178 -0.12760867 0.25907537 -3.0899053 -0.6142038 1.2131314
1.695542 -0.2851712 -1.2278211 2.0440018 -0.12006632 0.32392684 0.33018643
3.7015038 -0.7623934 -0.10470165 -0.17046155 -0.038389035 -0.41452166 -0.096196264
2.6160908 1.0557069 -1.8237779 0.8315957 -0.75213945 0.22641422 -0.38694575
5.106377 -0.8177777 -1.3768802 0.17866507 -3.249657 0.7406918 -0.12373218
2.307193 -1.5758649 -0.7512064 1.6536449 -0.16961427 0.33717877 -0.87459546
3.1396604 0.06305961 0.78091 0.5906654 -1.4492341 0.21448721 0.47047892
2.9816267 -0.7497656 0.052119117 0.30687425 -1.3303503 0.7476411 0.16110054
3.039087 -1.0522254 1.3746433 2.3248856 0.12781383 0.1538936 1.3317655
2.1472845 -1.7353116 -1.144932 1.9385388 0.17240621 0.33573705 0.57456875
1.5221015 -0.25764745 -0.5770097 1.1268013 -1.2548169 0.40474898 -1.6938045
4.7981877 -1.0002074 1.116832 -0.44595632 -0.7057932 -0.5013782 -0.21169767
5.180656 0.18159012 -0.1759807 0.34009877 -2.9985032 -0.65375614 1.1952791
4.343433 0.43144518 -0.5202925 -0.51700264 -1.2515994 -1.086468 -1.6419088
5.2913465 -0.3835141 0.60283136 -0.6629705 -2.1924033 -1.2361584 2.4063091
3.5327303 -0.36127323 -0.9845529 1.1846173 0.036658846 0.81997275 0.45585468
2.4906237 -1.2233902 -0.3435476 2.6222126 -0.23626958 -0.47670397 1.4253417
3.218324 -0.44054216 1.1098876 2.1026309 0.093286894 -0.09957664 0.8905521
0.8471743 1.4027544 0.421751 0.5766429 0.28099528 -0.5620677 1.7020453
1.7796777 -0.4102525 -1.3130835 2.0542743 -0.10049275 0.6242279 -1.127624
4.0679817 0.21297984 0.53129506 0.9214874 -0.59561133 1.6852497 0.89216834
3.2369058 -0.94970506 0.59789896 -0.551549 -3.5690622 0.95962274 0.6772931
1.6215562 -0.2624125 -0.918478 1.3701472 -1.3701886 -0.4408233 -2.110214
1.9992186 0.7517529 -0.17646374 1.2798992 -1.0910928 0.7152176 0.15609035
1.8089725 0.30369335 -1.1815209 1.7142048 -0.29242668 0.4388976 -1.4199356
1.8632225 -0.020180177 0.33884403 0.60664433 -2.615372 -0.40104005 -1.1306591
3.461629 -1.1790848 -1.4238532 2.5723054 -1.0366753 -0.99453056 2.6986089
1.9660624 -0.49194938 -1.0430684 3.1520972 -0.5722467 -0.50022936 1.7483754
4.207806 -0.7312736 -0.022383709 0.08664264 -1.4741834 -0.7148591 0.25685742
3.2801719 -1.419657 -0.41411456 0.5907932 -0.3234997 -0.13643382 0.095311016
3.5325227 -0.9253909 -1.0933646 2.0754752 -0.4493604 -0.83453465 1.4250985
3.1308455 -1.4442031 -1.2514384 1.6416669 0.20518424 -0.077048644 0.21131423
2.3697135 0.10211329 0.3458291 0.1668177 -1.3840779 -0.8785602 1.9641863
4.822321 -0.12104483 -1.7691778 1.9142175 -0.38189068 -0.22737752 -0.6107653
1.7904327 1.1390629 -0.2204441 1.0884683 -1.2373741 0.28050658 -0.77071303
1.7781783 -0.314614 -1.9668938 1.2324524 0.05580332 -0.21408723 1.4599764
1.659999 0.16621642 0.32957825 1.8607616 -2.775712 0.4801472 0.7961127
4.0186534 -0.99585027 -0.11388959 -0.6567991 -0.9238133 -0.3968489 0.21095279
2.3411107 -1.0791059 0.02487455 -0.50861514 -2.1325138 -0.41781572 -1.377308
2.7482576 -0.7175221 -0.4532288 3.1599503 -0.7825599 -0.72174144 1.8460715
2.8491137 -1.9079094 -0.3054779 1.5757506 0.016117595 0.095313445 0.85302484
3.5559921 -1.1437926 0.7320714 1.2168138 -2.6489258 0.05451526 1.669867
3.8791246 -1.406189 0.91295004 0.6401732 -0.46601495 -1.0769011 -0.3196033
1.1515363 0.94771725 -1.8510983 1.1752375 -1.2599177 0.82031685 1.6559794
2.2368853 0.57595545 0.39244863 -0.11198558 -2.8203468 0.39227512 -0.5862953
3.442355 -1.1937969 0.53854585 1.8920177 -0.7863581 0.4316416 1.155099
1.6126637 -0.5945112 -1.6171513 0.45907035 0.59809506 1.6241667 2.0382938
1.7401803 -0.4284323 -2.3385203 2.3613853 -1.0136789 -0.20118146 1.6779156
2.0876932 -0.49323314 -0.12126066 1.6686792 -0.52812284 0.7273367 0.62982076
4.0209885 -0.047616433 1.57319 1.547847 0.3196589 -0.37032315 -1.684061
3.9971023 -0.84457606 -0.18747593 -0.15756705 -1.4844357 -0.3652707 0.6093294
3.5523496 -0.9118227 -1.954498 2.7316692 0.37152436 0.50616884 2.1331987
-0.069831 -0.6236946 1.3272836 0.76195097 0.6514009 -0.51533115 2.4952798
2.5576057 0.34016138 0.18393825 -0.3028935 -3.3070908 0.5610571 -0.26276025
2.9863682 -0.66193 0.10699509 1.8108634 0.052570067 0.04823913 0.47408736
3.458719 -0.77584547 -2.4902353 2.572374 0.26474163 -0.4088343 1.0999808
3.6410098 -0.17571421 1.5683312 1.7197049 0.08116903 0.08851792 0.108457476
1.8663951 -1.3296205 -0.71811485 1.4200674 -0.7399142 0.24512194 -1.3716775
3.7251308 -1.0567648 -1.2876469 1.553895 -1.9139713 0.12849881 -2.0515802
1.6360452 -0.18922754 -0.41208354 2.1736298 -1.0419883 0.65666866 0.38540956
4.3366575 1.4375514 -2.7427323 0.8012155 -1.5930213 0.19541432 -0.019002642
1.9011313 -0.22466202 -0.357044 1.1082112 -1.2471583 0.44477272 -0.73069596
2.9051833 -1.4161531 -0.7694224 1.5627401 -0.1343479 -0.019734483 -0.62546045
1.2472516 0.45467526 -2.177818 1.6762533 -2.0416267 0.97567475 1.2786574
3.0792866 0.25814825 -0.0740235 1.534359 0.07417657 0.31220523 -0.80445725
2.9785337 -0.3861782 0.08955859 0.14679462 -1.6253449 0.66343474 0.1276032
3.6730964 -0.9920843 0.09768139 1.9960732 -1.0710186 -0.5851251 2.2063472
2.8198524 -1.5881907 -1.0729288 1.7493857 -0.5424602 -0.55267733 -0.263056
3.841375 -1.0667219 1.1981335 -0.39963302 -3.208555 -0.06680702 0.53212434
2.988696 -0.093419984 0.6612685 0.2397399 -1.8081445 0.10568477 1.0990059
1.3397306 0.8958388 0.52762556 0.7114681 -3.1056328 0.07523991 -0.6740855
2.1639051 0.87696296 -1.5484458 0.82345146 -2.640866 0.47229406 -1.5360847
1.7929835 -0.59367007 -2.202137 2.575118 0.36069712 -1.2023568 1.2535684
2.4015975 0.37384635 0.7881305 1.676599 -0.19905005 0.39159682 0.9825069
4.0884514 -1.2773156 0.12799667 0.6132128 -1.5380019 -0.100988016 0.7560907
3.6074555 0.17833237 1.023287 0.42767313 -1.4593972 0.18855228 0.06914666
5.3663397 1.7316597 -0.3637773 1.6537023 0.89875543 -0.43958983 -0.12907878
1.3321548 -0.5493011 0.9770155 1.088353 -4.1119475 -0.012613398 -2.9162583
4.839035 -0.9013962 -0.022397537 -0.5168888 -1.1389511 -0.854566 -1.1244639
2.2677765 -0.7808948 -0.85606384 1.7095252 -2.6354651 -0.9446603 -0.47710738
4.358093 0.5388351 0.73061156 -0.07390353 -2.0188727 0.7546439 -0.90983266
3.986455 -0.24847932 1.3043523 1.9447232 -0.6987736 -0.4746227 0.48628584
2.9590523 -1.2914627 -0.15877344 2.3462517 -0.1382619 0.5094649 1.5003978
4.301381 -0.28511184 0.88314676 1.6311077 -2.2058558 0.051631827 1.7604395
3.0085716 0.3979662 0.034124594 1.0465083 -0.5729462 0.116148844 1.8885183
4.549575 0.5399869 -1.1221193 0.06875157 -0.5806072 0.9750347 0.17342833
4.1625133 1.1787721 0.11451207 0.030091554 -1.3877798 -1.0906999 2.3710537
1.4913105 -0.2333364 -0.30033496 1.3965294 -1.9503499 -0.90695894 -1.9392589
2.8985705 0.024306942 -1.7878948 1.9002701 0.40573588 0.87422156 2.0064423
2.6648 0.9833854 -1.6353706 1.1013833 0.025076292 -0.29817846 -1.0994434
2.7179065 1.936789 -2.2260168 0.5952067 -0.99163425 0.38158122 0.05931345
1.9503504 1.7735834 0.7808255 1.2902241 -1.7130555 0.08472915 0.16858819
3.8459435 -0.33039397 -0.7040038 1.5288635 -0.92231727 -0.76259553 -1.7104366
2.2689598 -0.04028363 0.47413895 -0.66533643 -1.8460661 0.5428216 -0.54540205
1.605579 0.66357046 -0.5682614 1.9453764 -1.2001275 0.2042024 0.016137335
2.1898124 -0.073884204 1.980299 0.09682754 -0.8514402 -0.5601165 2.4648855
4.3791385 -0.42986578 1.9151218 1.1070149 -0.5934903 -0.4391156 1.8573602
4.754732 0.5029097 -0.046643037 2.3701398 0.022663377 -1.6985472 -0.9419141
1.2257725 0.20036583 0.53097916 0.49097517 -2.1602762 -0.2266147 2.3403249
3.4972372 -0.92313355 0.84198236 1.2552061 0.011779211 0.03619506 0.7094704
2.8826303 -0.34213537 0.6027005 0.20787825 -2.694948 0.17858459 -2.3061647
3.2819216 -0.6735534 -1.5849781 2.025996 -0.40294632 1.0200437 -2.667026
2.2038565 0.35200387 -0.00723793 0.5072989 -0.6668599 0.7698396 -0.41541305
3.087534 -1.2823966 -1.5082299 1.7794203 -1.1761296 -1.3009892 1.6146305
2.2580907 -1.4784452 -0.6354647 1.452117 -0.7465279 -0.086831674 -1.1868689
1.5197892 -0.96447426 -1.2750595 1.7423289 -1.8257409 -0.86785626 0.29313698
2.935946 -1.1773921 -0.8792349 0.9426252 -1.4313399 -0.9428414 -0.82233703
3.9323463 0.42834193 0.38221332 1.6372043 -0.21921776 0.9817049 0.665502
4.672648 -0.4695502 -1.210673 1.2072246 -1.296526 -0.36573943 -0.95333105
2.1668358 -1.1050131 -1.1091609 1.9553913 0.14411958 0.68961716 -0.19242376
4.1162953 -0.95620936 1.1392096 1.20226 -2.9482758 -0.051813345 1.8889906
2.6668873 -1.672643 -1.4580048 2.1858292 0.058269106 -0.2077081 0.23044598
4.2115765 -1.4678304 0.40005133 0.04650791 -0.9776535 -0.1880679 0.7770819
2.3425808 -0.61620134 1.3586975 0.7797899 -0.4177328 0.060200233 -1.849555
1.9969691 -0.29197425 0.676703 -0.29886177 -3.3663723 0.15304054 -1.028155
2.8720539 -1.0310407 0.09256445 -0.31206003 -1.8575107 -0.34879658 -0.7077154
1.4916025 0.6502176 -0.00035597757 0.60456485 -0.38626084 0.5959437 -0.9254547
2.056694 1.2973633 0.27696487 2.0729623 -0.9964564 0.7388355 0.8833626
2.2163253 -0.2387193 0.30551955 1.6232481 -0.16068874 0.77576435 1.9284923
1.6037282 -0.9070808 -1.7683812 1.6985996 -1.958386 -0.5088907 0.49816433
4.469594 -0.45102268 -0.6829424 0.5648091 -0.634945 0.36321786 1.4064922
2.695983 1.1479204 1.793586 0.8665086 -1.2841976 0.18751003 0.9650706
2.1836944 -1.2399243 -0.6956224 1.3883141 -0.7614079 0.03542574 -1.325284
0.83419275 -0.37184757 0.43906257 0.36195886 -2.8007584 -0.7194727 -2.176711
0.9614377 -0.1038415 -0.334379 1.8552485 -2.076831 0.6403896 1.5550337
1.5200138 -0.105109885 -0.14637972 2.0986316 -2.9407797 -1.0703366 -1.5635359
2.303917 1.3854647 2.8190157 0.3618141 -0.5093161 -1.6410142 0.8577436
3.0095932 1.0324402 -1.0593976 0.70433205 -0.23463486 1.4493859 1.254271
2.464137 -1.3822124 0.08379327 -0.38822898 -2.8705797 0.19133438 2.0170467
5.718469 0.58955747 -0.96180034 -0.35470548 1.1950716 -0.15347455 1.0004843
4.34312 -0.7458839 0.8235296 1.1208534 -2.8876083 -0.6185521 1.4809455
4.107957 -0.52154154 0.14538012 0.92596674 -0.71297586 1.901642 1.3954048
1.7319314 0.1378446 -1.3315037 -0.7510974 0.31293574 0.70499843 -2.9953022
2.1651578 0.40726262 0.042101007 1.1226985 -2.9037805 -0.1605464 -0.4995043
3.3928018 -0.40618342 0.23768781 0.46450952 -2.3341594 0.53009546 -0.05496272
1.4646231 1.353739 1.184511 -0.2625743 -1.0740181 -0.4852651 1.4214822
2.5888908 -0.9282643 -0.15650012 1.3692782 0.12595703 0.99962115 -2.3698614
1.6572024 -0.26471454 -2.0894027 2.2365587 0.49300805 -0.6525991 1.2792997
4.1412525 0.4569221 0.85225594 0.5977188 0.5252471 0.7777502 0.5016575
3.922236 -1.6731279 -1.0440361 -0.028477758 -2.6212182 0.7629175 0.6241911
2.2196445 0.8944271 0.3421125 0.44515142 -2.0513368 1.120716 -0.071499854
2.10442 -0.3527593 -0.041690845 2.2723494 -1.6903124 0.94517267 0.6882048
3.551894 0.41726446 -2.2400954 1.2936285 -1.0820919 -0.607934 -0.06376132
2.0217092 -0.25273556 0.11388515 -0.23980191 -2.136873 -0.4647635 1.2256575
4.231714 0.0517097 -0.8830863 1.6718473 0.20436735 -0.37011036 -0.4377409
1.535791 -0.5466973 -1.0852358 2.615148 -1.4175223 -0.075058386 1.0801108
2.2149615 -0.66145 -1.6541686 0.76452565 -2.1592772 -0.2623416 0.17931643
3.6087549 -1.242741 -0.9877888 1.7321862 -0.88538426 -0.5390934 -1.175636
3.8931108 -0.5895352 0.4423544 1.0308189 -1.2224157 -0.08999537 1.6840631
2.6436322 -0.118279174 1.3144934 1.2629457 -4.175939 0.1825275 -1.7434869
1.7952585 -1.061121 -0.6515236 1.2391549 -0.28587785 0.87693226 -1.3884805
2.170213 -0.5357868 -1.5089588 2.051746 0.2037421 0.6212789 -0.12040749
1.9856795 0.16084628 1.78637 0.78191715 -2.9978876 -0.09350012 -2.1325028
1.8933886 0.7808853 0.3063489 0.9786738 -2.606861 0.12027027 -0.9109796
2.543569 0.7975059 0.22617935 0.7584409 -2.7286277 0.027084906 0.95944464
1.1575837 0.24302106 -0.6236448 1.2505171 -1.7975293 -0.23986353 -2.1159284
3.205711 -0.933633 0.21374379 1.7746474 -1.0788239 0.15545894 1.2823004
4.462331 -1.5974574 0.68422425 -0.47205243 -0.69994235 -1.235269 -0.33526215
3.0642881 -1.043323 0.6031318 1.188599 0.04241886 -0.9140661 -0.09127781
2.9946508 -0.7619191 -0.58250356 0.98044604 -1.3376473 0.42161927 0.36037675
1.4272246 0.38229948 -0.7458744 1.9302726 -1.333134 -0.12654547 -0.12031728
2.803453 -0.3546552 0.27930877 -0.22350523 -1.6967707 0.3257657 -0.29010686
2.6292384 -1.5677457 -1.1239247 2.2072697 0.21741022 -0.44866177 1.3426899
5.3319907 0.3231699 -1.0278645 0.6505892 -2.3922296 0.538434 0.956958
2.4753478 -0.9773626 0.19353698 2.118352 -2.807141 -0.39399323 1.1343043
3.35397 -0.8543176 1.8292186 1.0191678 -0.5021921 -0.26127574 -0.5422117
1.6809186 0.022218276 -0.5756326 1.130788 -0.87139934 0.671462 -1.2239192
1.0713314 1.0027835 -0.4638709 0.42186764 -3.1162002 -1.2509487 -2.7639236
3.623094 -0.922558 -0.32142928 0.78065014 -1.2312007 0.0768549 0.63470703
3.2899456 0.21742277 -0.08497228 -0.095290065 -0.6193642 0.6870706 -1.9548379
0.9890506 0.42149025 -0.046341795 0.8459946 -2.4174545 -0.587819 -2.2885282
4.2853513 0.79935366 -1.0138547 0.4330572 0.010780357 0.88064957 -0.20861682
