4.216167 -1.7020011 0.33793435 0.1615215 -0.98202825 0.5815259 -1.7782443
2.6914134 2.0263886 -2.177378 -0.07420054 -3.0970821 -0.8183508 1.3135662
2.3399916 -1.4496558 1.750324 0.51174796 -0.29010507 -0.23508309 -1.2934866
2.8472426 -0.30045694 1.8005288 1.0217632 -0.10149846 0.6058891 -0.5465161
4.5789742 -0.8764424 -0.48353723 1.6691751 -3.0135643 0.69023037 1.1515199
3.9808712 -1.3459449 1.9427674 0.624301 -1.5799984 -1.1322103 -2.0096629
2.2669973 1.2870532 -0.86012447 -0.2540047 -2.1727104 0.02823462 -0.29444203
1.7077128 1.0916016 -0.81580013 0.498257 -1.0393469 -0.13249968 0.5429088
2.448211 -1.2295128 1.9495685 0.91479224 -0.7559055 0.4311252 1.1572413
1.9481212 -0.79086727 1.4346936 1.0087221 -1.2296892 0.0026385365 -2.3562899
0.86244863 1.4368773 2.4082408 1.8610588 -1.4322788 1.3793644 -1.1792369
3.6940944 0.990819 0.022423249 0.7551619 -4.4261065 0.3306189 -0.64133877
1.3834981 1.5251898 -0.07937671 0.017577216 -0.8656635 0.88754267 -1.6738479
3.8055906 0.78557736 0.45736024 0.9092377 -4.209283 0.41109917 -0.85447913
2.35163 1.024959 0.93621385 1.0195975 -0.4909682 -0.84629726 1.1078147
4.837095 -1.5225587 1.5698208 0.03979698 -0.653654 -0.10852645 -2.0110097
2.8984334 1.0054584 -0.53465855 -0.8961981 -2.9154978 0.32521382 -1.0391462
4.2254267 0.63141364 0.24856304 0.73051065 -3.7254887 0.68518126 -0.13998225
2.0142276 1.2084097 0.6479931 0.679599 -2.0967155 0.6482953 -0.10958828
3.0116472 0.022655059 2.4472826 -0.077800766 -0.32123527 0.3767083 -0.18100962
3.0290475 0.57162756 -0.26630762 0.2643678 -3.806237 0.27811155 -0.8108098
2.7606494 0.06260638 2.3752992 0.44878212 -0.41629764 0.9840374 -1.0677092
2.7296236 -0.9096616 1.3101541 1.3040347 -0.45251164 -0.20740424 0.97153455
4.075579 0.66192394 1.7268479 -0.59544873 1.2108017 -2.4529166 -1.2665492
2.216164 0.7326712 0.10173224 0.8004492 -2.9725597 0.7434773 0.70806557
3.7555182 0.8040466 -1.5474424 -0.39423054 -1.5150431 -0.49385235 1.9122126
0.7002957 1.1587267 -1.6939187 -1.2725567 -3.8357859 -0.49407992 -1.2957677
2.551638 0.12519889 0.8742697 0.93369937 -1.4906183 0.44849733 1.137092
2.8172665 0.22182135 1.4197448 1.0939999 0.1413032 0.04227497 -1.5683601
2.8086114 0.91979283 0.9454193 1.7767886 -1.6667206 -0.3505325 -2.7967021
2.2011268 1.4348822 0.39559194 0.5551292 -3.9234061 0.5199052 -0.15794846
3.1859407 0.60799795 -0.024255294 0.8063692 -4.1136165 0.50643605 -0.7665128
3.895068 -1.1605244 0.2566069 0.51624936 -2.2925625 0.96590424 0.13432933
2.408471 0.30018455 1.3998393 1.2662417 -3.1932707 0.77503824 -0.21160266
2.0730906 0.96736234 1.5966839 0.4918197 -2.0904074 0.47683075 0.6209215
2.8087385 1.2089239 -1.6182497 0.20243049 -0.84657776 -0.6019821 -0.021246877
2.3231642 0.78234965 -0.005223293 0.5453523 -0.3677884 0.39815006 -0.84919953
3.3640609 -1.0672393 0.8771428 0.30716798 -1.5761845 0.62638724 0.5344493
4.409798 -0.28687996 0.65790486 0.5582379 -1.1564399 0.57688767 -0.09398934
1.9621743 -0.21925576 1.1832031 1.5659572 -2.8434744 0.5470568 -2.4678087
3.555496 -0.46577352 0.6596687 1.6558056 -2.7341986 0.031191844 -1.4164724
2.0960622 2.714621 0.59108794 0.038060516 -2.4765434 -0.28111175 2.484294
4.6537666 -1.8997517 0.44284067 0.12985423 -0.78575337 0.9004452 -1.4932909
0.86912787 -0.4271683 2.2836921 1.4496168 -2.532742 0.9581446 -0.5167069
1.9573388 1.6137528 -2.1633606 0.015913516 -2.6856697 -1.0918477 -0.12585607
1.8106656 1.3733045 0.26877853 0.24056926 -0.5103543 0.64548385 -1.5367086
4.7838244 0.24666671 1.3299208 -0.21976596 -2.8012238 0.9331523 -1.3287823
1.886673 1.2711809 1.2055568 0.4614318 -1.9363922 0.7152436 0.9551011
-0.5353 0.8506771 -1.38 -1.3853652 -2.3713732 0.26507142 -0.97928816
3.7547235 0.7551828 1.3334541 0.40157127 -4.597197 0.6109456 0.5781968
3.429124 -1.9573503 0.91882706 0.335114 -1.216574 0.12780179 -1.5282388
2.7333508 -1.031974 0.55902064 -0.077346146 -0.489131 -0.19998597 -0.73881084
3.5774534 0.23204593 0.5985497 1.394979 -3.4222393 1.1425321 0.9106918
3.745928 0.48634756 0.56360507 2.2955441 -2.9396067 -0.081138834 -1.8468225
4.863821 0.32150996 -0.41408178 1.1231759 -1.8077295 0.90225506 1.888202
1.4811486 0.34302717 2.0959785 1.2249209 -0.562117 -0.5402422 0.8055787
2.5265403 1.1913818 -0.0501435 0.2384327 -4.9283023 -0.48011276 0.6395508
1.7595427 0.6826511 2.5203507 0.8283479 -1.1669316 0.37932172 0.21439317
2.834202 0.2314233 -1.0450716 -0.69991827 -1.8053962 -0.036890786 -1.9357169
4.6716633 -1.1617868 -0.23125906 -0.9255719 -2.2122412 -0.120167956 0.27577633
2.1979055 1.1525956 0.14963876 0.7225124 -3.0077815 0.4311517 0.9524517
4.026897 -1.6595837 0.27208325 0.3305789 -1.8998421 0.20188554 -1.3754411
2.677723 1.0251113 0.75223947 0.9677429 -3.5956404 -0.29889616 2.642084
3.074185 0.7737017 -1.5813874 0.07791236 -4.123997 -0.5129012 0.96493584
4.475912 1.1335775 0.448441 0.49046555 -4.072243 0.3435106 -0.5401342
1.1759952 1.9942919 0.9284463 0.07493271 -2.6242952 0.7118035 1.591201
3.0561566 1.286916 -1.5447946 -0.16209067 -2.3334968 -0.22860096 2.197999
1.3300661 1.0031333 -1.8884083 0.10557845 -0.8471718 -0.26266238 -0.7333896
-0.4543007 1.6645103 0.5230553 -1.6068728 -1.4210387 -1.4003699 0.9492126
2.3318422 1.2591101 0.16465424 0.63250583 -1.7816597 0.2620745 1.2415049
1.1328502 1.4550604 -0.9374665 -0.7486998 -2.5398333 0.5194788 1.4842827
5.7696953 0.39769918 -0.23117658 0.6639419 0.061117314 0.06674959 0.5155514
2.3457103 1.5192094 1.1335795 0.065085694 -3.6260605 0.50176585 2.0268033
3.306039 -1.3266745 2.3222883 0.6065298 -1.5766808 0.57191145 -1.627644
3.836954 0.076573536 1.6199942 1.5217314 -3.3832645 -0.47006503 -1.3077956
0.77087843 1.5702176 0.4984407 -0.09952968 -0.94456327 0.641662 -1.6999986
2.928343 -1.7384512 0.76901937 -0.46117625 -0.8930999 0.27736536 -1.3565508
2.575756 -0.76097614 1.1866832 0.22777507 -0.98163354 0.37162545 0.07560464
2.320888 1.596134 0.98656154 0.9582704 -2.4221466 0.5743511 1.8126782
2.7833061 1.01139 0.31601664 1.5699184 -4.1594057 -0.5253856 -2.3355024
2.7162023 0.6802092 -0.52563417 0.98586285 -1.6689013 0.3520541 1.136046
2.6479573 0.29344493 -0.504303 1.1410575 -4.5667434 -0.5788514 -1.826282
2.0288882 1.4227288 -1.1213472 0.02164796 -2.7357683 -0.45518354 -1.8524233
3.8975425 -1.2658806 2.052902 -0.65184796 -0.8450954 1.3919237 0.5178799
3.5796957 0.4665505 -1.8159596 0.3439661 -2.7301981 0.34455702 0.71983075
5.596892 0.98179716 -1.2682846 0.5297794 -1.3834044 0.5547526 0.9091653
0.6567471 -0.21289892 2.8981009 1.14905 -1.496576 0.85762763 -1.5288914
3.3881783 -0.14245673 0.1758251 1.3013843 -3.2450066 0.6846045 -1.3966932
2.7432904 -0.8433725 1.6916552 1.9766053 -3.5892181 0.8492596 -2.561154
1.7862322 1.3421972 1.7512068 0.3949152 -1.1094311 -0.13213705 0.49967977
3.8157563 0.9252909 1.2030079 0.76095605 -3.4876647 0.9044516 -1.20069
2.8750267 -0.17389531 0.12202512 -0.022805035 -0.008335926 0.3598729 -1.7460513
2.6607623 1.2000623 1.9592497 0.057075396 -2.344666 0.13835217 0.4876197
2.7141466 -0.29053694 0.5568284 0.50097376 -1.9623097 0.78853816 0.14540899
4.6943254 -0.1934839 -0.7910114 0.6753361 -2.1898863 0.22790994 0.09942415
0.9108508 1.2824483 -0.42929724 -1.5598315 -3.7617202 1.8616555 -1.5885637
2.4349532 -0.12940474 1.5527385 0.65353173 -1.7800266 0.922652 -0.34420916
3.5440521 0.096570775 2.0041995 0.11763558 -1.3122773 1.1544151 -1.4844613
3.3046482 -0.05229957 0.7232238 1.499943 -2.8021088 1.4507883 1.6042596
6.2303333 0.7532752 -1.1957105 0.36594313 -0.6644101 -0.6380224 1.8899466
0.8481704 1.0764976 2.3000834 1.5752054 -2.4560452 1.0278265 -0.59001714
1.3854495 0.75814635 2.1192899 0.44780788 -0.7620772 -0.12552093 -0.7090253
4.2026935 -1.4738116 2.0565012 -0.43897572 -0.69441575 -0.09863685 -1.2664778
3.0403235 -1.0852147 1.3623772 1.2375498 -0.36291525 -0.2786096 1.038388
3.5192995 0.90722734 0.7724507 0.58385205 -5.390603 -0.47853443 0.37396684
1.1468259 1.0322618 2.0239055 1.419854 -1.8538358 0.5293305 0.06614345
2.5270374 0.83163863 -1.2210541 -0.3232936 -4.003984 -0.11639641 -0.5029584
1.9468733 0.5696605 2.0935566 0.53816867 -0.17220198 0.65925026 -1.689152
1.392903 1.3569818 0.950732 -1.443644 -2.4015355 1.1494644 -1.2992532
5.5298247 0.9683799 -0.30305144 0.51403093 -0.95917714 -0.24993299 -0.0696598
3.1351936 0.50247926 1.4221741 0.5806097 -2.2465982 1.392079 1.5691372
2.1813483 1.1185945 0.6354327 0.2935435 -3.486773 0.72223383 -1.1787441
2.8867054 0.07450466 0.80844975 1.2947676 -2.8894148 1.0253369 -0.44180742
3.2388282 0.7121958 -1.8391445 -0.44958076 -3.368153 0.096949115 0.2463544
4.039713 -1.1729001 -0.7368138 1.7346898 -2.977741 -0.012151402 -1.5343949
1.6834314 0.4673049 1.4684414 1.5842167 -3.5480778 0.53630275 -2.398288
1.6772584 -0.48719376 2.0210176 1.1999736 0.03269043 -0.82580304 0.41309252
3.6112156 0.81465584 0.39626476 0.48238847 -3.456346 1.6655016 -0.123836964
4.005103 0.53450924 1.6804761 0.26849383 -1.4325526 1.580882 0.81419563
3.1797504 -0.88065416 -0.18612148 -0.8035471 -1.5589534 0.90426415 -0.55939853
2.8246775 0.4372558 -0.09177448 -0.31090137 -2.2285829 0.7761378 -0.5494587
1.8907074 1.4379022 0.87315536 0.8402294 -3.0451703 0.52047044 1.3294955
0.5638655 0.5338703 2.5066016 1.8486692 -2.411469 1.300899 -1.1986221
1.1312381 1.4352374 -0.10404898 -0.2613413 -0.0737401 -1.8916528 -0.2162027
2.5154073 -0.25832838 1.4618651 0.9132835 -1.7812392 0.63516325 -0.47888443
1.7341921 1.6231735 0.9674418 0.27493283 -1.9001524 0.3679593 2.3799672
1.0394095 1.81534 0.8518679 0.4784397 -3.3196797 0.58132577 0.9955874
2.3188334 0.38228208 1.8440638 0.45289174 -2.0612357 -0.16743515 -3.625267
3.8390768 1.4001062 1.986145 -1.0263786 -3.5449972 0.14618756 0.30010393
3.926929 -0.9459526 0.35392353 0.8388089 -2.4687896 0.44299784 -0.905398
4.8044925 0.993787 1.9485677 0.62779975 -3.6105707 0.073678985 1.7173936
1.6414155 1.2253981 -0.57947946 -0.13026008 -3.8123627 0.98897016 -0.3722597
3.077568 -1.410002 1.8009412 0.15248713 -0.40765235 0.4648771 -0.73544735
2.7838016 1.2638876 -1.8808079 0.008387893 -2.195249 0.060769994 -0.5020492
0.74638045 0.5125573 2.9612532 1.0836124 -1.5264779 1.2665601 -1.3348111
3.9603987 -1.0627944 0.18055354 0.42357478 -2.49725 0.94913757 -0.21358657
0.91489387 1.2895856 2.2965798 1.3901772 -2.0376992 1.1488895 0.06422821
1.572028 1.601947 -1.7945883 -0.13066307 -3.2145317 0.4941996 1.4079225
1.61557 1.5937648 0.7181039 0.17851372 -0.89701796 0.05223729 1.5852458
3.9838572 -0.7541389 -0.01644494 1.3479308 -2.8951197 0.59923476 -0.7686411
3.3041327 0.89962155 2.1572192 0.3389677 0.29025534 0.7923775 -2.0981252
3.4128146 -1.4022918 0.9206393 0.77464104 -2.0121899 -0.44222245 -1.2612841
2.706992 0.9069585 0.2675645 0.33790925 -1.8656689 0.91055363 -0.6926236
0.69882685 0.9168561 0.25330636 -1.3063227 -1.9149923 0.79006696 -1.6160213
1.1754026 1.3084525 0.165282 0.21357462 -1.6422476 0.69800067 0.1473661
0.74143386 0.8760713 -1.6974292 1.0595785 -0.8108078 -1.1052834 0.60885185
2.2721539 1.5450283 1.0557225 0.67676425 -0.5711626 -0.77770114 1.3818197
0.55778563 1.8725724 0.05113123 -0.2514646 -1.2080663 0.35238293 -0.82717645
3.1008623 0.918557 -0.051180143 -0.1333358 -4.615916 -0.07804982 -0.8108401
3.681916 -0.12053795 -0.33357075 1.4467816 -5.011883 0.19246061 -1.4683883
4.0362506 0.26544696 1.3920425 0.53887665 -1.451563 1.3692242 -0.20748815
1.517364 1.3780882 1.8337289 0.31565666 -1.2376817 -0.44994757 -0.24996254
1.3099239 1.363924 0.9114766 0.6107835 -2.940174 1.1889997 -0.5107868
1.3094897 0.9681228 1.7445682 1.1173346 -0.9212885 0.56226945 -1.9250792
3.4035988 -0.7585426 0.5682467 0.49626186 -1.74609 0.6128775 0.5933254
1.6887196 -0.8535349 1.6235727 0.6866924 -1.0531641 0.060812134 -1.1196251
3.3295443 -1.6174809 1.2314235 0.81819046 -1.7899492 -0.6876678 -1.2755823
4.012052 0.6631021 0.7106962 0.48776028 -1.2405413 0.4037712 2.1018481
2.3384433 -1.9480749 2.2000234 0.5886707 -0.6629969 0.17670466 -1.1394808
2.6708114 0.81600827 -0.8294604 -0.0376831 -3.8777423 0.06824146 -0.3870381
2.9092813 0.66783315 0.21608208 -0.03671798 -2.213593 0.37634858 -1.2350171
3.6262233 0.38515535 -1.8012981 0.017363518 -2.939098 0.079076126 0.2263579
4.022398 0.23372363 0.9801166 2.8797102 -3.2195854 0.081382945 -1.4927442
2.2786512 0.51964986 -1.1078213 0.027718343 -0.79185474 0.021018464 -0.056433883
2.3307707 1.4466022 -1.0772142 -0.5459169 -3.3252954 -0.1950892 -1.2432154
2.5103602 -0.37925547 2.0810683 0.6204936 0.32189932 0.31890026 -2.3035882
4.3401213 0.93372077 -0.68553305 0.67985463 -2.3221376 0.36098555 2.5340009
3.222449 -1.713224 0.94701815 0.4413707 -1.782542 0.04645117 -0.87609774
4.581718 0.29627103 0.93413734 1.4858391 -2.689518 0.7927165 2.277498
1.4682745 -0.23607154 2.0464327 0.6431648 -0.30225608 -0.01971982 0.84741324
2.9033978 0.5206689 0.31534 1.8247534 -2.998619 0.12471409 -1.9752319
1.1962698 1.3005211 -0.67883426 -0.6285738 -1.5346981 -0.10933994 2.0384173
2.9736707 -0.39247006 0.45032182 0.4822763 -1.36951 0.54978603 0.6628337
5.2186065 -0.5443439 1.8999476 -1.4568753 -1.2493166 0.16776241 -1.0057695
3.4529662 0.41091114 -2.1818464 -0.39476603 -1.2139953 -1.1867793 1.1492126
5.1445727 0.4489318 -1.24881 1.2141523 -2.6927514 -1.4717964 -0.76079535
4.6824636 1.1573992 2.017944 0.043610215 -2.169738 1.0873089 0.20425627
2.568073 0.73637307 0.91337466 0.56406426 -0.97092474 -0.14370821 1.5014493
4.95635 -0.3897149 1.3662292 -0.2101833 -0.29755482 1.1464322 0.010396991
4.4941516 -0.29004502 0.56009144 0.8055519 -1.5870835 0.43463615 1.5415125
4.0860353 0.45801574 0.39197418 0.85329556 -3.3266692 0.9436146 -0.35360786
4.949342 -0.95093435 -0.29629496 0.09981847 -2.5432053 0.0076843677 -1.3592631
4.62189 0.6488153 -1.4714077 0.8040999 -2.7090936 -1.5940862 -0.40459323
4.880096 0.0549572 0.9631454 1.5278113 -3.0291665 0.46968547 2.0589404
1.7310394 1.0641711 -1.3283793 -0.48361877 -3.822275 0.76084876 -0.74241424
2.150698 -0.890181 1.645097 1.1880043 -0.020291306 -0.79085207 0.11834136
2.8004577 -0.8286111 2.1731088 0.68243027 0.51088095 -1.3002586 0.5977399
2.8458447 -0.41519922 0.7482871 0.88464284 -2.209745 0.910853 1.0346951
3.247033 -0.73379964 2.0941238 0.41403273 -0.18205367 0.9897781 -0.95486563
2.894208 0.828633 -0.5737424 0.06377086 -3.283821 -0.5880865 -1.4344068
1.9363393 1.3286783 -1.4881454 -0.25923547 -2.9931974 0.4081407 0.6194203
2.561339 1.1670983 -0.9784247 0.13360837 -3.8120115 0.032423753 1.9881583
3.8450916 -0.68704695 -0.34890637 -0.13080858 -1.0912917 0.09002854 -0.5737891
1.6158004 1.4885336 1.1113629 -0.017764911 -1.6925955 0.9591806 1.070474
0.9953016 1.0139744 -0.37247947 -0.10953197 -2.4401488 0.6861813 0.52209634
3.3316753 1.1100307 2.485716 0.44805747 -0.29509255 0.6074358 -1.8557355
3.0087166 -0.36055297 -0.1389891 0.48726538 -2.3190093 0.016578633 -1.5477524
2.665071 0.7495939 0.0591173 0.22811738 -3.6361017 0.2813499 -1.204838
3.0973148 -0.25270218 -0.560358 -0.8334987 -2.363343 1.1907048 -0.8086104
2.1064825 -0.3438949 2.3818605 -0.11518268 -0.3631501 0.7498413 -2.114936
2.5251956 -1.5880147 0.873052 -0.24041894 -0.9205588 -0.11773412 -1.2031925
2.1929095 1.2424015 0.16453467 0.56714535 -1.6695415 0.23349167 1.285946
-0.4970108 1.1196442 -0.5516505 -0.61439204 -2.53574 0.5623647 0.14996567
2.0195956 1.5840862 1.1639607 0.76969105 -2.0414388 1.1015947 -1.3628992
3.6243172 -0.45218438 0.8018278 0.9399435 -2.3856635 1.3646758 1.1406938
2.7537234 -0.86910886 1.9372997 0.6037836 -0.32380518 1.0339983 -0.025631037
1.8920907 -0.20953365 1.2311034 0.7843238 -0.8205582 -0.4471484 -1.092146
1.3153665 0.93100816 1.2086697 0.8666474 -2.0043287 0.5543052 0.33531678
2.0998533 0.5475729 0.96476007 0.6359554 -1.9547993 -0.04205976 -0.20331368
2.5743988 0.6080876 -0.5974347 -0.14375374 -1.3763932 0.59879935 -0.059882905
3.1282394 0.94947654 -2.0930564 0.587048 -3.4776573 -0.095824584 1.80529
3.406426 -0.36740333 0.9492096 0.7584846 -1.7005049 0.22120632 1.5237901
2.4667969 1.3762875 -0.16523315 0.2055364 -3.157282 0.219572 -1.0681947
2.2242908 0.37367934 0.4085873 0.7669183 -2.5131514 0.5542135 0.30618483
2.9724922 0.7834373 1.0807385 1.4653494 -3.551402 0.51597655 -0.4999158
3.8367155 -0.07539888 1.020709 0.35550925 0.5294069 -0.2657847 -2.6653774
4.1053424 1.4388591 0.98405313 -0.14115962 -3.6129074 0.99934703 -0.84694535
2.5328104 0.7044056 -0.3936552 -0.1034306 -2.29752 0.7066617 0.11143988
1.6277992 1.1354563 0.6538832 0.9584228 -2.8171577 0.581372 0.33726445
2.2429907 1.7140412 -0.32701734 0.64405763 -2.7753544 -0.1107416 -1.5380523
0.8256663 1.9946966 0.4587874 -0.26691845 -2.4780498 0.9961765 1.589176
3.7096522 -0.5929393 0.17298935 1.6423614 -3.3800464 0.67583495 -1.2005225
1.7622123 -1.04612 1.7601346 0.7440311 -1.4940658 0.42169353 -1.1814193
1.1561121 1.4067556 1.8216871 1.003999 -0.8369595 1.1594143 -1.6890867
2.3549051 1.2563624 2.053019 1.3244388 -4.2063575 -0.15345024 -1.0677911
1.4067124 2.0068784 1.2708602 0.09631452 -3.075836 0.47069404 2.1814196
3.623793 1.0858936 1.4692943 0.21279721 -2.5099962 1.4887245 -0.4207553
1.5710702 1.9169154 0.19709073 0.8641501 -3.083639 0.44055936 1.6575079
1.7659422 1.0060213 1.307365 0.50348014 -1.8837218 0.067003146 0.27256772
1.0845393 1.0723245 -0.5845243 0.18819699 -1.8150346 0.6980993 0.0035911833
1.4262959 1.4054046 1.085361 0.45138964 -1.8356732 0.93083763 1.0537456
3.6470861 -0.0477633 -0.99081314 -0.31643996 0.09608211 0.54051006 -2.3688133
1.8718657 0.9777095 0.15390824 0.25971946 -2.1297405 0.49596295 0.4310021
1.8028684 1.4237934 0.60782194 1.071718 -3.0525026 1.3513929 -0.5674868
3.2255845 2.4874709 1.8131986 -0.6840191 -4.142281 -1.9928051 3.6903353
1.7835008 0.87719554 1.170408 0.56903565 -1.4690645 -0.13248454 0.34496847
4.0994873 -1.1971607 -0.5357909 0.4455297 -2.807108 0.34653243 -0.9946204
0.9962654 -0.55012506 1.7952724 0.87985736 -0.7054204 -0.49512216 0.12796119
3.3895428 0.09219508 -0.98007214 -0.7475015 -0.774094 0.18035163 -0.58474267
3.9053047 0.02763157 -1.754925 0.9625398 -4.658465 -0.6280579 -0.76093334
2.1850967 -2.004094 1.7584037 0.71547955 -1.027803 -0.17298125 -1.2132107
4.790193 0.979868 1.2316331 0.14931753 -1.9100403 0.99738824 3.3992286
2.5956116 0.5426555 0.6126263 0.49448082 -1.6314336 0.49021867 -0.8567567
3.152839 0.18572281 0.22958778 1.4553115 -3.0773134 0.84603727 2.0655506
-0.47599795 1.3321373 -1.3574398 -1.2953668 -3.370613 1.4089143 0.34828922
2.7083333 1.2828673 -0.033517618 -0.14569071 -2.1296198 0.77115905 -0.6370116
4.0239635 0.06878905 0.45004675 1.0730783 -0.36197338 -0.36548647 -0.29625782
4.3261747 -0.8709229 0.010700475 0.76867825 -2.2068443 0.79354715 1.6322727
2.0014322 1.9464568 -1.7909201 0.13606921 -3.3363223 0.27170804 2.0543427
3.5875285 0.2690627 0.029300552 1.9689476 -2.929723 0.55172807 2.6553626
2.1566763 1.3175656 0.8267542 0.55102944 -0.2868255 -0.6095393 1.023303
0.75419104 1.7544535 0.5598923 -1.1202396 -1.4716846 0.10973264 2.4249785
-0.6811893 0.6699057 -1.3051586 -0.6034779 -1.6207404 -0.14728485 -1.0669768
2.3626323 -1.3111271 1.3139596 0.95674163 -2.1048808 0.14697914 -1.6003103
1.5874708 2.439168 0.71313524 -0.33812562 -1.6180001 0.78131175 -1.3990693
1.3293927 -0.19486733 2.5410016 1.7967849 -2.037317 0.99491394 -3.0093312
3.368315 -0.0909297 0.53918046 0.7765086 -0.22487246 -0.6598451 0.19847086
2.1518621 -1.2095449 2.3428671 0.5964021 -1.355084 1.2502488 -0.9500177
4.630561 0.705941 0.96737075 1.2896897 -3.4022892 0.18554606 -0.92362446
3.3776367 -1.5161448 1.3117398 0.46956465 -1.3961734 0.9035548 0.9012006
1.4502884 2.7718425 -0.21288659 -0.02405408 -4.01489 -0.054437023 1.0571554
3.2938657 -0.24457546 0.3840538 1.2725528 -2.8668213 1.0748677 -0.4667122
3.843338 0.5832633 1.196337 1.2672238 -3.0762472 0.71519184 2.4237156
4.774467 -0.15638794 0.09446429 0.8066307 -1.785529 0.49705175 1.2224318
2.4840045 2.3345134 -2.1714036 -0.7872482 -1.6995593 -1.7611585 2.5800762
3.388423 -1.1957606 0.8700214 0.8574826 -1.783619 0.48938856 1.2050016
2.101416 -0.36361355 1.955018 0.08033332 -3.0696306 1.4418551 -1.1549523
5.845646 -0.4139877 -1.2813363 0.95202416 -2.591617 -0.3577244 -0.9350659
2.745152 0.058927584 1.1672554 1.614578 -3.0375276 0.15655048 -2.8304515
4.0764875 0.056742836 -1.4376664 1.3487483 -5.124362 -0.23201208 -1.3184755
4.5045433 -0.1635005 1.2211459 0.096464604 -1.7109972 0.93811834 -0.36399096
6.5845575 2.5544696 -1.4819942 2.1186464 -3.438232 -1.4986188 -1.9458269
2.2034569 0.37001884 0.87876344 0.51800257 0.70670235 -1.4032142 1.7307571
1.0316058 -0.46974462 1.9845324 0.67072356 -0.9664105 -0.03795288 -1.3333101
3.7788835 -0.78391546 1.5931554 0.49894175 -2.934774 -0.08896588 -1.3403952
4.9560127 0.5217255 1.5101008 1.3816311 -2.7520814 -1.1388218 -1.3028327
2.2667534 0.6502579 1.0745552 0.83655787 -2.628047 0.47395185 0.21728858
1.5612566 1.3169739 -1.1492639 0.11787501 -2.3643653 0.1984811 -0.9625439
3.4568298 0.46736068 0.047321063 0.27443412 -0.0033972042 -1.0076419 0.49028638
2.4734924 -1.9634922 1.8909508 0.81794 -0.44403943 -0.6492877 -1.6613239
3.74326 -1.5648891 1.3717052 0.42163962 -1.7205127 -0.7084496 -1.2529178
3.6592765 0.063734695 -1.229318 -0.13595706 -1.4883133 0.27102414 -1.7127173
3.1304386 -0.5385774 0.82168424 1.1131154 -2.5560746 0.5993361 -1.0234644
1.4902142 1.8217762 -2.0151072 -0.32642823 -3.2117662 -0.07476808 -0.7410273
3.0111146 0.6376398 1.005764 1.5883763 -3.8530757 0.4590257 0.3033518
2.1768918 2.892008 1.6167201 0.61640465 -4.561729 -1.4222026 2.9349232
2.1512187 -0.75311536 0.9959531 0.5623297 -1.3590518 -0.15624855 -1.9030879
1.6668673 -0.9060251 2.0138714 0.5336449 -0.32183835 0.072836414 0.31206968
3.2653043 0.9889217 2.4048264 0.14627013 -1.1979512 0.9047828 -0.110746086
4.078288 0.9438425 2.0986218 -0.2722676 -0.98731506 1.3056841 0.40984538
2.3504102 1.7374781 0.41043577 -0.26006058 -1.751475 0.021116275 2.0195484
2.9222615 0.21663825 0.6454915 1.117838 -1.6693244 0.08738054 1.3547034
2.1333942 1.3908899 1.116216 1.0143893 -3.364605 0.90905386 0.64965504
1.324029 1.3342566 1.7315369 -0.38884655 -2.5274754 -0.30128697 0.3976563
2.7226982 0.48457217 -0.24523862 0.78130764 -1.694498 0.60569966 0.97026616
1.9250036 1.2053187 0.6098039 1.156034 -2.6943483 0.62516 -0.26957586
2.3472385 1.0239978 -1.0863193 0.03663358 -1.8056005 -0.18586127 0.6557165
3.8720272 0.33436844 0.68878126 1.9154862 -3.8281398 0.3287557 1.4516257
2.5729353 1.1182746 -1.8580387 -0.2578803 -3.5031126 -1.2185048 -1.9321959
2.0450337 -0.00095803745 0.9797597 1.0726745 -0.45461354 -0.22055136 0.023843024
