2.1298046 0.1197782 1.2201201 0.6547085 -0.07323966 0.9818099 -1.5966804
3.4227338 -0.96842635 -0.80192626 1.7847229 -1.4372941 -0.55373126 -1.2171463
1.5316011 -0.21437664 -0.6335175 0.103857964 -1.7140661 0.13486458 1.2239958
2.5640323 -0.8223979 -1.2892168 0.93750817 -2.198085 0.0040177284 1.1030356
2.0368552 -0.6162222 -0.025489707 0.8167304 -1.6757543 0.05655386 0.41424438
2.332683 -0.6102748 -1.8269926 2.866353 -3.5220027 0.50998515 -0.44516566
0.8051183 0.67226106 0.9167359 2.5257204 -2.9874036 1.2877071 -0.68390447
3.4793677 -1.0465753 -0.268896 1.2764009 -0.6400336 0.135525 0.08023742
0.7468045 -0.1555912 -0.522745 1.2336333 -2.7251115 -0.9108745 2.600906
3.1232836 -1.248795 0.5320395 1.6019719 0.07131507 -0.58197284 1.5631673
0.7951129 0.5153864 1.5797796 2.3854773 -2.1941638 0.21777636 0.2797561
3.5067515 0.016495753 1.4746836 1.1455089 -1.5735972 0.8510176 0.7417091
1.4457798 0.033168126 -0.094077125 1.2278379 -2.97469 -0.5440468 1.5155321
3.1789868 -1.0010846 -0.21070136 1.7105529 -0.85976124 0.46595815 -0.3795479
1.1189977 1.2322762 -2.074727 0.9905373 -2.1902633 -1.3765036 -0.43970618
1.6093295 0.53477126 -1.2377206 2.7740192 -0.93712306 -0.9059483 0.11848071
3.9787326 -0.95041615 -0.086385384 0.539966 -1.2672437 0.377102 -0.22906524
2.9639754 -1.1896821 0.19790827 1.8130538 -0.3777344 -0.29973432 0.45554435
2.9824471 -1.1367087 -1.7005973 3.1546187 -2.0985575 -0.66759264 -1.1836983
5.498674 -0.41189116 0.30328342 0.25023022 -1.7879874 -0.53333783 1.6320626
2.1384988 0.34780502 -1.8300672 0.34516662 -2.3659577 0.33049062 1.3790059
2.6022642 0.30997235 0.034424048 0.3911849 0.4004816 0.49351195 1.2089822
4.05999 0.23067193 1.4828844 1.6744637 -1.3120744 0.6309526 0.6626643
1.1290978 0.81772715 0.89272046 1.7519407 -1.3764309 -0.67533875 -3.134602
3.2944086 -0.27242678 -1.3880538 1.2355747 -0.5945451 0.27045992 0.9739117
2.1399598 -0.5351767 -0.47341123 1.9806442 -1.5722436 0.42669955 -0.581465
1.3151085 1.7839955 -1.6452625 1.3645308 -0.49805626 0.0046026884 0.6084111
1.9999136 -0.28646964 -1.7503307 1.6993175 -1.599669 -0.5441233 0.6367047
2.540178 0.8971892 1.6412656 -0.019247174 -1.1565262 -0.07094471 0.82611257
2.2914023 1.255961 -0.08025958 2.0727756 -0.11951802 1.3714778 -0.30825028
0.87966436 0.22854094 0.9288597 -0.32673892 -1.1403955 0.7896418 1.0832218
1.5640794 0.63471526 0.82019544 3.3333237 -1.7431928 0.33051768 -0.11203441
3.6817644 0.13370709 1.392679 1.4836975 0.06887724 0.5320624 0.06890091
2.4286907 0.064390466 0.88323283 1.372162 -0.47393075 -0.8246141 0.430692
2.2633438 -1.0830203 0.050504427 2.193624 -0.1959623 0.20434876 -0.26844445
2.6375303 -1.4492288 1.8439065 1.8550594 -0.35924277 0.8230365 -0.35718724
1.7045542 0.20364599 -1.6110663 1.9507236 -2.2751105 -1.1649718 0.09174022
0.9371499 0.9169987 0.34286115 2.297938 -3.4399884 0.69984305 -1.7561483
1.764733 0.5786775 1.3612177 1.8031614 0.25472215 0.7500195 -0.20227197
1.4066902 1.5881994 0.21335064 0.66268104 -1.243317 0.22951032 1.11329
1.5723959 -0.6710796 -0.20754279 0.3364922 -2.1535854 -0.29374954 0.51267093
1.4594721 -0.4320385 0.98252773 -1.2813137 -0.7821337 1.0863329 2.7667124
1.6644434 0.06609969 -0.56537867 2.0136287 1.041387 1.0806184 -2.0578847
2.4696171 1.3178272 0.1239941 0.030403793 -4.9905853 0.113498464 0.26012853
2.9691732 0.36852914 1.7346411 0.3883481 -3.8958902 0.4438105 -0.8235151
1.9000982 1.0522488 0.7512865 0.8528704 -4.425605 0.20691182 2.216844
2.2987974 -1.1792183 -1.304926 2.5437064 -2.0818167 -0.7774432 -1.7028182
1.4870723 0.6329258 0.9876076 2.5863063 0.26850763 1.3625574 -1.6741806
1.7286078 1.4969556 -0.46508983 1.4257299 -1.5683752 -1.3587049 0.32595342
4.869022 0.22143786 -0.34559396 2.10622 -4.317348 0.49644408 0.66307765
0.8118057 0.7597111 -0.56335807 1.030353 -1.3858826 0.21001913 1.8775464
2.709373 -0.44137794 -0.5125538 0.8294243 -3.0081022 0.5106972 0.06783995
1.7870778 1.3544147 0.33717868 0.066749126 -4.9814157 -0.2331972 0.9727581
0.25732917 1.1518173 1.4167414 1.6434636 -1.8423177 -0.3848879 -1.9358326
4.61857 0.10881667 2.5436523 0.12230411 -3.2292805 0.64816 -0.15237615
2.0578265 0.15234809 0.2579114 1.3884442 0.22208275 -0.14127682 1.860251
3.286762 -0.69222325 0.75611115 2.1662674 -3.668641 -0.04400931 -1.9191318
2.9713328 -0.10080524 2.2509408 0.1630589 -3.1105206 1.0601914 -1.0023674
2.2551649 -0.8071682 0.938684 -0.13696083 -1.6832972 0.32620278 -0.044310268
2.9507403 0.5879279 1.0765097 -0.08003372 -1.8464293 0.35620478 0.64586633
1.9444811 1.738303 2.1125994 0.12938836 -0.19718324 -1.4493675 1.4481394
2.4898584 -1.1486099 -0.35076448 1.712491 0.1302829 -0.76652515 0.19735691
3.1501846 -1.7169077 -1.6624854 -0.14193907 0.06006112 -0.46796462 -0.5049577
1.5262073 1.0594959 -1.660418 0.9944626 -2.2084532 -0.2730901 0.81073266
3.6745276 -1.1907604 0.08778988 2.7922094 0.6099806 0.895136 -0.5313532
2.378838 0.82494384 1.8173057 1.345011 -0.86433876 0.31370267 0.4797025
1.2686236 -0.8964457 1.1745518 0.9342283 -1.144692 1.0142679 -0.3932247
2.0383086 1.476022 0.6831225 1.4605774 0.07599022 0.6411201 -0.08289942
1.9260138 0.15793423 -1.652545 0.5583027 0.76078355 0.12803532 0.58013237
3.4922683 -0.4213509 1.0688746 0.66384375 -1.6875068 -1.354651 0.25708333
2.4665852 -0.16725107 1.2676437 1.7976878 -0.39027753 -0.117068216 0.45069066
2.1949646 0.31791312 0.44526502 1.8643988 0.20407702 -0.53279287 0.61958426
3.7443788 -0.47540742 0.13933478 1.9080749 -1.4604175 0.7650366 0.18341082
1.8205973 0.29232067 -1.5041649 1.6632649 -0.69402707 -0.1198356 0.88664776
1.6318301 0.510968 -0.6194725 2.2765973 -0.037532426 0.9952533 -2.0737274
2.2721534 -0.3866977 -0.3356718 1.7827204 1.088472 0.27359465 -0.1690155
1.1990318 1.7602248 -1.8749766 1.7476921 -0.51707447 -0.9664818 0.6690387
0.5593002 1.0642302 -0.112470046 0.85191107 -2.2132273 0.70552224 1.9970396
2.6753151 -0.9151656 1.377774 0.56920433 -2.9437146 0.71044064 -1.4844713
2.7095184 -0.81501526 0.7317134 1.3621432 1.2645618 -0.49874684 0.5239901
2.7715397 1.0031736 -2.1215897 0.84214675 0.7714088 0.3774735 -1.5510347
2.5988266 -0.9863743 -0.086219445 0.7830843 1.264578 0.6005465 -0.5940815
4.0418057 -0.6276408 -2.3431463 0.56834716 -0.5770029 0.9864886 0.37302998
2.6884873 -0.82198536 -1.847404 3.0534832 -2.298929 0.06588413 -1.7547288
2.9667823 -0.6103179 1.0959969 2.0043108 -0.9097614 0.4230294 0.29127327
2.4876435 -1.3907523 -1.0676305 1.5824077 -1.2484887 -1.1053376 -1.815261
2.6476808 -0.2661534 -1.2124963 1.6193147 -0.14272605 -0.22083949 0.8551408
0.39240092 0.449385 -0.574244 1.1522186 -1.9360975 0.34230247 2.4362333
3.511825 -1.0665215 -0.6178229 1.521157 -0.53999364 -0.5376253 1.0026487
2.5920439 0.5388451 0.932595 -0.28008762 -1.469411 0.6497539 0.45270312
1.6771724 -0.7587339 0.76419187 1.68147 -0.7602902 0.7572589 -0.34217545
1.6563364 1.2321389 0.31099817 1.9482085 -0.076625444 0.3325105 -1.812803
4.5809073 -1.3795379 -0.7422222 2.139091 -1.1805874 -0.98612344 -1.9716325
2.9519887 -1.1724579 0.5736666 1.7412705 -3.671514 0.8038759 -0.84448206
1.9577523 0.82680064 -0.37738493 0.75261 0.6982266 -0.26593825 -0.88430905
1.729325 -0.4314689 0.00881527 2.4156995 -2.9245033 1.2987438 -0.7760232
2.526297 -0.82562107 0.7292805 0.42475155 -1.9610986 0.43563768 -0.13773438
1.9115964 -0.31283325 -0.43195215 0.9600824 1.3623341 0.63287354 -0.71165156
3.1888688 -0.96589774 -0.71016073 2.793684 -0.10096643 -0.105207905 0.90076786
1.000793 0.6477211 1.4452057 2.015601 -2.1161525 -0.23655488 0.21398535
1.3143523 1.7429061 1.5524753 0.1015144 0.09280195 -0.14063929 -0.43838176
3.3027642 -0.9621307 -0.5737372 1.8693643 -1.8210951 0.5409784 0.72595716
2.452681 -0.3694455 1.5298148 0.6127058 -0.73341286 -0.5626581 0.7960537
2.424357 -0.5674959 0.527629 1.2088623 -2.3156998 1.2181065 -0.3359438
1.8676518 -0.65735453 0.413336 0.31265342 -1.5622141 0.69256353 -0.058155563
1.9056062 0.60128695 -0.5587864 2.0038836 -0.27122888 1.0684727 1.4837034
0.62261546 1.1465616 1.1961458 1.5528871 -3.4411545 -0.08277772 2.6612232
2.312056 -0.062054466 -0.95502144 1.0382688 -3.672702 -0.72146446 0.8638684
3.499168 -0.29170674 0.5520874 1.6789007 -1.8835288 -0.008261961 0.16360322
3.2449293 -0.08067222 1.329585 0.45279503 -1.8976792 -1.0454328 0.38041362
3.515346 -1.5665835 -1.1778877 0.9639656 -0.38636455 0.14018239 -0.23340389
2.7892485 -0.87166756 1.3809295 0.45834067 -2.3305845 0.0010993658 0.45393172
1.7485263 0.5833543 0.45361277 1.1640283 0.17577781 0.40288892 1.1166753
1.6660976 -0.70790714 -1.3707249 1.8231988 0.47740415 0.5001116 -0.12980774
1.8076179 0.043332387 0.24846004 2.0144186 0.93908405 1.0131042 -0.17430082
1.8736938 1.2253771 -0.31379703 2.3752227 -1.1096578 0.0048527895 -1.888738
5.9286447 -1.1858609 0.20794855 0.39417672 -0.7582804 -0.691067 2.4915805
2.90802 -0.71209043 1.8144317 0.50031304 -3.368577 0.22898747 -1.7254019
3.771838 -1.2984405 -0.91231024 1.1933163 -0.8625828 0.034729023 -1.224018
1.6270874 -0.2907073 -0.5991199 1.2123156 -3.472299 -0.16953383 -0.05687746
3.073382 1.3966279 0.3234417 -0.13315675 -5.6276455 -1.5628767 -0.7672957
1.385001 0.28494936 0.7386066 -0.47442445 -1.6414359 1.3130586 0.7221738
3.0937793 -0.48400778 2.0100012 1.936398 -4.2429423 0.2873023 0.95773286
3.9407449 -0.57458085 0.04719959 1.6809564 -1.0364736 0.38819376 -0.21133825
2.0289736 -0.4261834 -0.33232477 3.025216 -0.5077648 -0.12368892 0.38199583
3.1249104 -0.78037924 1.3028543 0.0563564 -2.7564454 0.55239534 -0.71839637
3.8238926 -0.42702657 0.21882866 2.103558 -2.6964064 1.05659 0.32659486
1.8144206 1.6742475 2.0429928 0.19729014 -0.040861703 -1.1607127 1.3445578
3.0017872 -1.1417155 0.51754224 1.4208686 -0.20685469 -0.62066925 0.11397934
3.9750266 -0.5819461 0.29077289 0.6521265 0.61418617 -1.394283 0.78060424
3.076313 -0.119189456 1.6177851 -0.010307491 -0.6116124 0.1292596 1.4078732
0.37081277 -0.0143775465 1.769589 0.3803888 -2.1179209 1.3309901 -0.20337173
0.7726164 0.30208904 -0.5466707 1.6903756 -3.5352454 1.0968261 -0.87510765
3.8618906 0.087490365 1.0006207 2.3708448 -1.7889891 -0.12758647 0.37142
3.2425675 -1.2686456 -0.58613014 0.09633667 -1.3391784 0.45453814 0.93768257
2.0856338 -1.1494038 1.4388499 -0.044382215 -2.2633743 0.57449293 -1.5957814
1.7126261 -0.20943238 -1.2275609 0.8296751 -1.7276833 -0.1891912 1.2510997
1.7631093 0.66126496 0.3584722 2.8402581 -1.1058688 0.25374308 0.38756135
2.5134132 -0.50284594 2.0969536 -0.06168887 -2.814242 -0.18562685 1.8014245
1.4593397 0.74099785 0.9535667 3.1551254 -1.7548279 0.22200496 0.5050833
2.3425267 -0.6740398 0.5814388 0.22460929 -1.6697575 0.77822423 -0.22251394
1.2325166 0.61860377 0.59023654 2.1676161 -1.9580734 0.033846457 1.2704065
0.97571826 0.36612314 -1.5268213 1.6365088 -3.3627005 -0.23903035 0.32735196
1.5180722 1.0884213 1.3787861 1.6385517 -3.5148747 0.11530234 -0.53299433
3.5639305 -1.2631165 -1.0444584 0.2596491 -1.1711589 0.49653772 0.9600459
2.2112007 0.6053462 -2.3331637 0.86251926 -3.2204454 -0.080351695 1.563441
1.599908 -0.57520384 0.04721139 0.9282457 -2.3513315 0.5884449 -0.027865108
3.9119983 -1.4917367 0.34677 -0.2809123 -0.055556394 -0.9584315 0.42933044
0.816742 0.7213207 -2.017639 1.3111565 -3.233746 -0.26742613 0.88643545
1.8043361 -0.6781226 -0.31787267 1.2928257 -2.9001544 1.1001692 -0.43714043
1.4197106 1.5928073 0.5388496 -0.6358756 -1.7898259 -0.49222502 0.6264985
0.7783068 2.059477 0.09327172 -0.061368436 -2.9047549 0.7773809 1.1256988
2.2944372 -0.75486964 1.2002627 -0.0144924745 -1.5092136 -0.60061496 0.45719197
0.64708376 0.7840114 -0.89742404 0.35383704 -1.8063251 -0.33269438 0.7148934
1.2374059 0.5431908 0.9981116 3.0936515 -1.7247437 0.7150062 0.46497586
0.7283352 -0.05226035 -0.47509453 0.39914405 -2.065634 0.4252278 1.642138
2.8112895 -0.2764911 1.0338953 1.595194 -3.0359495 0.8908348 0.13297096
1.4337997 -0.56396645 -1.3125681 0.08082187 -2.6901503 -1.370415 1.8324836
2.3761418 -0.7647216 -0.5960047 1.617956 -2.0942285 -0.20260035 -1.6000749
1.2977134 0.41459066 1.8082844 0.6108919 -0.29633793 0.9049649 -1.005492
1.8835353 -0.4260593 -1.9626172 1.9796177 -2.0967555 -0.98942184 -1.8409061
1.3762819 0.46880394 -0.12391259 2.6888678 -2.7716355 0.48454857 -0.9882484
3.1129923 -1.0783901 -1.2016108 3.481033 -2.732969 0.5297762 -0.9958327
4.5289392 -1.4056435 0.36100075 -1.1404794 -0.8450197 -1.3480682 -0.94172436
4.848405 -1.8616612 0.8493506 1.3099349 -0.2435522 1.2215629 3.0621493
1.4980596 0.21990637 -0.90850544 1.5929141 0.29639807 0.6752204 1.2864136
3.3372211 -0.044102143 -0.6454922 1.4559877 0.14244331 -0.99332213 1.078833
3.241911 -0.7764874 -0.068783775 1.4245906 -0.8482274 -0.7108253 1.1703541
1.6954243 0.85022193 0.39585325 2.5628717 -1.4709749 0.09923269 0.75345415
2.029862 -0.5975446 0.71953785 0.96777177 -1.0388831 0.49222323 0.09682146
1.3778229 -0.16051264 -2.0165217 1.9919032 -1.4219471 -0.5823599 0.434084
1.1034347 -0.01825459 -1.2552371 0.42191777 -1.9537112 -0.3092477 1.3288926
2.4683824 0.02858572 -0.9723511 2.235939 0.24850835 0.1488247 1.353621
0.64612937 -0.39716882 0.030687671 0.39488468 -1.7760237 0.88082933 1.7261263
2.8639765 -0.6584192 -0.46803275 2.0189404 -1.7076385 0.9585296 -0.764786
1.427995 -0.56756943 0.28094324 1.1211399 -1.8037088 0.6288153 0.45665795
2.7447515 -0.45087844 -1.4442009 1.0751569 -1.4592048 0.57125866 0.72878695
1.8604585 -0.15433975 -1.0868908 1.9057379 -1.0273117 -0.5248267 -2.5375469
2.021861 -0.49302524 -1.1248964 2.518232 -0.7427722 -0.5380998 -0.40980956
3.2775817 1.5809948 -2.2127535 0.42909417 -1.397719 -0.42072472 -1.0307579
1.2096053 2.0519361 0.6108959 -0.85347164 0.2865564 -2.0852911 -0.32761246
1.4726919 -0.49860102 0.12313746 1.1036822 -2.3870857 1.0078131 -0.018295076
0.8034264 0.105720565 -2.1952202 1.9537834 -1.4996903 -0.78218496 0.33553806
2.4910743 -0.61572474 -0.6692445 2.287656 0.6205778 -0.6666684 0.97523385
0.23831086 1.5421176 -1.0184746 0.300118 -3.0965405 -1.2935568 -1.2219146
2.4295735 0.866417 -1.5783657 1.2542553 -2.8331966 -0.2769107 -1.8471813
1.9210305 0.6193057 1.6851342 1.7479181 -2.7494783 0.2782705 0.04793409
1.3545648 2.232837 0.40826997 0.13156596 -1.1810256 0.09353985 0.8573641
2.2610574 -0.5749528 -0.38562658 0.8980376 0.81961834 -0.48713586 0.9087556
2.7238941 -0.07241666 -1.7743347 2.233888 -2.2901664 -0.84456027 0.15071633
3.0811832 -0.87273806 -0.6149374 1.7889376 -1.3569595 0.34839562 -0.9433203
4.0873876 0.51606596 -0.66186804 0.44139317 -0.04210136 -0.2164173 0.9293824
0.65604216 1.7959508 -0.58706295 0.09815505 -1.822723 -0.1292095 2.0275247
1.0438495 0.66274434 1.1673534 2.0304449 -3.0717597 0.6184693 -0.5027189
3.3189116 0.18473832 -0.9326084 -0.17855941 -1.1466986 -0.33877632 1.0520428
2.05968 1.1423206 1.3278632 -0.07599339 -1.7321254 1.0798079 0.20112547
3.3304758 -0.7493784 0.80464125 1.3488756 -2.2594872 0.55607307 0.054069374
1.4165748 1.2713392 -1.3370523 1.7637057 -0.93932116 -1.5859252 0.38489217
2.6232085 -0.8849091 0.8882475 0.5220228 -2.0426116 0.3285307 -0.050318982
3.094709 1.5606669 -1.6496189 0.9118109 -1.6052958 0.50852203 0.5594757
1.5297765 0.19316725 -0.39303628 0.9776495 -3.1581986 -0.58021116 0.7335436
0.79889315 1.959197 -1.2970067 1.0089546 -3.2220206 0.15551142 -0.22526816
0.9607483 1.3289278 -0.15653135 1.1150173 -2.8053281 0.2762983 0.36998817
1.8165473 -0.2512583 -1.8945707 0.9553923 -1.9886104 -0.6685536 0.8612841
2.271069 -0.75052625 0.24592231 -0.054472804 -0.99937165 0.11225368 1.5599618
1.9813691 -0.049869966 1.6377696 2.1095483 0.10548618 0.4086961 0.031032357
1.5735171 -0.53708357 0.2074704 1.8278288 -1.5088905 0.8833156 -1.0761292
1.6777192 1.1829112 0.79691863 0.7449964 -4.04061 -1.2940799 -0.07528421
1.9272602 -0.00016922958 -0.063244835 2.6578262 -0.8595604 0.08632608 -0.7363885
3.8630126 0.87753993 -2.1295862 0.8664739 -1.8171817 -0.010344488 0.1736463
1.3733746 1.9066887 -0.04299142 0.19608048 -0.20443855 0.3890405 -0.8120931
1.753904 -0.9314248 0.31381246 -0.19435346 -1.5408404 -0.28133103 0.51092684
2.3578038 -0.47578502 -0.8980788 2.7590654 -2.2927644 -0.036155146 -0.8589584
2.2379725 -0.8308014 1.0334945 0.8703112 -2.5256186 0.32712176 -1.6740838
2.2202954 -0.71131533 -0.10074617 1.5540332 -3.57227 1.0859045 -0.38015917
3.8673024 -0.86497086 -0.50859654 1.1252418 -0.577459 0.8438575 -0.6053584
2.6160998 0.83616406 0.40807793 -1.1168587 -2.476326 -0.40181896 2.9366913
3.266179 0.74699384 -0.908901 1.2627498 -1.7103682 -0.2707136 -2.4871967
1.5954529 -0.40265197 0.22966515 1.2608812 -1.7467638 1.062386 0.29222015
4.6528273 -0.6522489 -0.48570362 1.062154 -2.1764705 -0.52066123 -0.5590585
1.7465314 1.3895947 -1.459423 2.0137634 -0.47642288 0.1769671 -1.9257038
2.0496154 -0.6781623 -0.07837106 2.5058775 -0.5199278 -0.022327822 0.25401655
1.1636463 1.8480754 0.2107253 0.6580964 -2.0080268 -0.24589185 0.045751188
3.8049679 0.75498235 -2.4528577 -0.3587562 -0.4005278 0.4556543 1.2598662
0.9250765 -1.4050522 2.1943574 0.3718752 -1.2595938 0.85282654 -0.70184916
2.1622581 1.9745102 0.6691029 1.1840641 -0.28154168 -0.5718188 0.33002868
1.3215331 0.36004096 -0.44262186 0.49005187 -1.4290423 0.6051271 2.0475845
2.028299 0.23597364 -1.7071598 1.2910928 0.41361418 -0.25970766 0.22914925
3.087354 -0.70469505 -0.35073087 -0.33313668 -2.6053574 -0.2258402 0.72936755
2.627502 0.16726542 -1.9318087 0.65906596 -1.9920267 -0.22706221 1.2246734
3.3294392 -0.9326673 -0.49402186 2.5039535 -1.4084767 1.0170696 0.07093346
1.3849376 0.88824075 -1.6953254 1.3173623 -1.4744701 -0.94379413 0.42665556
3.651648 -1.1661677 0.9810219 1.5372506 -1.038756 -0.06853162 -0.91616803
4.7443027 0.48640555 0.2261288 2.5522687 -2.1092076 0.061715204 0.41526338
1.8691292 1.4539165 -0.44055405 1.2356817 -0.6793779 -0.6815764 -0.44869736
2.169403 -0.23505063 -0.36367646 1.7240348 0.79849803 0.450655 0.72063327
4.927593 0.051301766 -1.5010684 0.05952157 -0.044639684 0.37993315 1.3499892
2.7402537 -1.676716 0.14825307 1.74564 0.6547563 -1.6717074 0.9393362
2.9305134 0.12204836 -1.5697886 0.26825857 -1.8074229 0.2913107 1.5229806
2.6300385 -0.69278985 0.3927389 1.2848172 -1.6946112 0.94398123 -0.2070801
4.398231 -1.2397027 -0.121871725 0.67226464 -1.0784727 0.6058123 1.0273656
2.4187217 -0.036919426 -1.3211279 2.7613134 -0.36855218 -0.21313713 1.8857989
4.191549 -0.9966752 0.08879958 1.9359874 -0.93976414 -0.24602889 -1.3299899
1.491486 0.48628336 0.74464226 1.8024981 -3.3435373 1.1214392 -0.48628858
3.191325 -0.8572137 -0.27914 -0.33730626 -0.586753 -0.75192225 -0.3898898
0.70138866 0.7287045 -1.0314555 0.90233797 -2.881388 -1.4961094 2.0459065
3.111697 0.13527589 1.1701775 1.2692785 -0.05042968 0.55612993 -0.97845596
1.1647791 0.043484975 0.72838855 2.7135565 -1.0013676 0.9215789 -1.7961361
2.3263412 0.30918795 -1.8402923 0.9570281 0.49212375 -0.26134464 -0.16144606
3.9582303 -1.3445995 -0.939906 -0.6790304 -1.1372677 -0.81234026 -0.33323792
2.6118479 -0.6938179 -0.368786 2.652376 -1.151321 0.8034845 0.15192991
3.1188147 -0.4038331 1.2423332 0.972787 -3.367723 0.028154153 -0.8645498
0.82055986 0.9975584 -1.4257951 1.0883013 -3.075658 0.5416525 0.55347115
0.48439515 1.292073 -0.41423932 1.0844092 -2.1972144 -0.10022895 2.4308476
3.0523825 -0.729523 -1.2751083 2.5042005 -3.0301547 -0.045303505 0.1558297
2.0228465 -0.5180492 0.18831514 1.2851652 -2.7676442 1.4077367 -0.49473453
2.760708 -0.7382264 -1.7935306 1.7994334 -1.2431086 -1.1160064 -2.3169427
4.4310412 -1.402859 -0.70740366 0.6370822 -1.139314 0.26715854 0.7711271
1.2381355 -0.6579017 0.2889653 -0.11697687 -1.4652909 0.5341863 0.9277974
4.1038947 -0.11373706 -2.766145 1.0347458 -1.2039201 0.36746326 0.5889658
3.5352283 -1.2741203 -0.6348814 0.12945502 -0.8764442 0.3340641 -0.22361141
2.8815296 -0.68215877 -0.0966865 0.19624236 -2.5610828 -0.2593411 -0.1963332
1.3540491 -0.26508015 0.38407502 0.68745947 -2.9172654 0.11189534 2.855595
0.67380583 0.903951 1.5043302 2.2303855 -2.9565506 1.3489019 -0.7233965
4.0559025 -0.032137346 -0.6949259 0.25785825 -0.5203228 -0.3084893 1.31107
2.2442641 -0.022128295 0.5442169 1.7410542 -3.330881 0.91955304 -0.060714748
1.6501503 0.73378474 0.95604706 0.94333935 -3.672045 -0.57019377 -0.085075945
0.57783985 0.22795515 -1.300396 0.72558564 -1.2485125 -0.5407063 1.068123
3.2978008 -1.0689285 0.09305976 1.1838989 -1.1765846 0.15314598 -1.3810947
1.8334063 -0.47874075 -0.49859604 0.84409106 -1.5084032 -0.22692226 1.1343617
1.1424578 -0.1526037 -2.1738253 1.5991663 -0.9827348 -1.0901444 0.1337834
3.744973 -1.1856954 -0.19854482 1.8352603 -1.1389457 0.38748363 0.9340874
0.8470466 0.49459583 1.0132501 2.5881035 -2.4571204 1.0071193 -1.5946023
1.3491591 -0.6248806 0.01122139 -0.29748586 -1.4943019 0.2108698 0.8925409
1.5124301 0.024839211 -0.44449094 3.5229125 -3.4907956 -0.05247138 -1.6422882
3.1690412 -0.98098654 0.7289814 1.3235304 0.678802 -0.2761077 0.64334387
1.6932596 0.9773882 0.44641075 2.482625 -1.4462551 -0.6763145 0.8121825
3.2315822 -0.49804014 1.2301167 1.0880625 -1.681115 -0.20088933 0.36822662
1.3183 0.26690036 -1.9982927 1.6847136 0.6402328 0.017635364 -0.5034218
1.4309623 -0.55486363 -0.04905476 1.1606253 -2.0043943 0.1377349 0.5667377
2.4707854 -0.81302947 1.2633078 0.1986113 -1.6517806 -0.7553526 0.30568174
2.3134727 -0.13690706 1.7387415 -0.029984325 -2.5919125 0.052812595 2.1926513
2.2543123 -0.79855984 -0.35665193 2.6132157 0.51477957 -0.7359821 0.6930671
2.125818 0.38895398 -0.7636405 2.554121 -0.39552924 0.4064887 0.8043482
1.8586124 0.14979373 -1.4627663 -0.046723314 -1.5189081 0.92735934 2.0255854
2.2172089 0.69223815 1.8155622 0.8531667 -1.0417813 0.58085597 0.2248179
1.6002254 -0.07152362 -1.1626959 1.756911 -3.5614393 -0.53241646 -0.019558277
4.3154225 -0.6847161 0.49627098 0.28819802 -1.2250212 -0.10936104 1.5311508
2.8406806 -0.9154379 0.7018604 1.4043814 -0.9256582 -0.85120046 0.50834566
1.7578136 -0.575437 0.103158936 1.1529707 -2.6397252 1.4671904 -0.38442758
1.004229 -0.3694896 -0.09663881 1.523724 -3.1914206 0.81120956 -0.5035613
1.907032 0.22311978 -1.1596653 2.7692797 -1.942654 -0.3877336 -0.662359
3.7230678 -1.6609503 -0.25436035 1.2092422 -1.6338351 1.3189259 0.62844974
1.1237212 0.9873474 -1.1546977 1.3778456 -1.2653058 -1.1347483 0.48376375
1.2713355 -0.55433077 -1.4642457 0.17142235 -2.6614547 -1.3596139 1.2256199
3.3962724 -0.6702303 -0.23493005 1.7508506 -0.96462804 -0.35559908 1.2153957
3.6978111 -1.0424136 0.9814341 1.9850112 -3.7194772 -0.33445022 0.2705026
1.5514808 -0.09853764 0.71963537 0.8506501 -1.9000802 1.059654 0.47597942
2.107465 -1.3599329 0.5322317 0.57290894 -1.2806301 0.405869 -1.7070874
2.7598557 -0.0062641622 -0.29300347 1.960357 0.23264827 -0.077683195 1.9029624
