2.3720546 -0.20393844 -0.23188509 0.07144593 -0.9943012 -0.47797844 -0.8397179
1.2227101 1.2104397 -1.1666117 2.1129608 -0.72517884 0.4184704 -1.540024
3.5926456 -0.22164579 -1.3081737 2.0466888 0.95505553 -0.6116875 -1.3921022
2.2788994 1.4546561 -1.0966684 0.8644371 -1.9816612 1.069923 -2.621101
1.3282698 -0.154 0.22546838 0.6068211 -2.7530794 -0.32829455 0.23483154
2.0234632 -0.296874 -1.2912911 1.547252 0.065294586 -0.055839937 -1.3414476
2.1692853 0.83694905 -2.0993176 1.7685834 -2.5263925 -0.4424471 -0.1256549
2.6902971 -1.7685428 -0.21437205 0.67995715 -2.749367 1.3624758 -1.7306688
2.3382761 0.2485867 -1.4462091 1.8549929 -1.0585779 0.07233395 -1.6161666
2.3467376 0.6309791 -0.7755748 1.6747243 -1.2245185 0.7694665 0.7072906
1.3443846 0.05300193 -0.41864464 0.32768118 -2.6428866 0.11860676 1.626544
2.212772 -0.37781662 -0.81238604 2.3610568 -2.6159058 1.1312959 -0.2616553
1.385022 0.9527696 -0.8660307 1.0407041 -1.2103527 -1.2815411 -0.33697543
2.3213897 -0.8621046 -1.5777519 -0.31647894 -1.893886 -0.6976851 -0.9893711
2.9657652 1.7141352 1.8917804 0.44788924 -1.3036617 0.31510225 1.0604861
1.8132476 -0.13950272 -0.24144639 0.8798511 -1.8210593 0.73299724 0.72250533
2.641604 0.44222838 1.9656098 1.4575071 -0.8536221 -0.41006133 1.1604962
1.7666013 0.4239208 -1.6440659 2.9897726 -0.8685963 -0.48480448 -0.1574553
4.033711 -1.6217844 0.8863081 0.26375666 -0.81398773 -0.09056525 0.38603017
2.5667539 -0.80628914 -0.31717518 0.26018593 -1.9719657 0.5293855 -0.53427875
1.7445418 0.15514307 -0.5954875 1.525906 -1.5831215 0.31970432 0.93252265
5.154796 -0.7386417 -1.3614433 -0.53553414 -0.31423983 -0.146165 -0.16577402
2.449441 -0.12003942 -0.7677798 1.455095 -1.7412019 1.3033977 0.52048886
2.0549066 0.42907768 0.9914931 0.47905996 -0.3845733 -0.34144995 -0.82733625
3.7395 -0.55474657 1.8626713 0.76467025 -2.5755808 0.59939253 0.23184529
2.626396 -1.1936107 0.015019756 -0.4183036 0.09636917 0.5860977 -1.530692
1.7965732 -0.55049723 -0.79103315 1.024848 -0.09207795 0.47615477 -1.9723965
2.4184318 -0.004395676 -0.5999836 1.445408 0.07649427 0.3814117 -0.289376
1.9318336 1.1702571 0.77742267 0.6906527 -0.960505 0.9078651 0.33728793
1.6337163 0.96899027 -1.7760901 0.95742774 -2.1491475 0.22684754 0.010780964
1.6952126 0.06209569 -1.5689325 3.1558633 -1.871471 -0.99780047 -0.58161587
1.7874134 -0.903212 -0.55242836 1.9002539 -2.2798896 0.42768908 -1.9982142
2.4912019 -0.5277187 -0.8375807 0.6488568 -1.3739734 0.26489517 -1.0687002
1.8890327 -1.4335804 0.46162674 0.8211163 -2.721291 0.5612997 -1.0699416
1.3823122 0.78395563 0.8056798 1.7906144 -3.3214264 -0.39071584 -0.42759022
2.1056814 0.8856321 -1.9856857 2.1249115 -2.6693108 -0.2941095 -0.561464
1.1117699 0.7475267 -1.4013588 0.89072496 -2.709631 0.33648416 1.6967987
1.3320124 0.65271837 0.76206326 0.93806696 -1.3696747 1.1388516 0.37160888
1.4211837 0.5619846 -1.7134105 0.8615109 -2.3997836 0.49607232 1.8643234
2.1108627 -0.18586786 -2.10722 0.86219347 -2.0763834 0.08380665 1.5099325
2.657405 -0.6809098 0.34310028 0.62813634 -1.0661967 -0.40237567 1.718612
2.9203184 2.502489 0.33306858 1.0701674 -0.23646532 0.0671282 0.53713685
2.0514865 0.037555028 -0.43599585 0.9155381 -0.50133973 0.19372971 -1.0165685
2.2133205 1.3883164 -1.0143057 1.702966 -3.0045137 0.51135063 0.38843784
1.623732 1.3201035 0.7161164 0.67104566 -1.4660718 0.59044313 2.4543252
4.6160474 0.3367625 2.0007958 0.373753 -2.7389455 -1.2453669 -1.0510099
1.7305449 -0.085061744 -0.0038135238 0.4385319 -1.4239565 0.79931396 -0.27920207
3.3681486 -0.6343474 1.0339435 1.9488479 0.121051334 -0.042509537 0.040186618
2.8054593 0.38757187 0.25923058 0.84166884 -1.4396902 1.2250477 0.641102
3.2934446 -0.9681278 -0.55516875 1.8614401 -1.297485 -0.2545055 1.6178441
3.6300426 -0.8364013 -0.21833701 1.095429 -0.90343523 0.18388833 1.5166061
0.96563333 1.0257759 -0.24331214 2.7618062 -0.9595919 -1.1416891 -0.40292034
1.8641797 0.12941699 -0.2273388 2.4298666 -3.0840206 0.83783716 -1.0182478
1.3397135 0.7362223 0.55303097 0.8622861 -1.3878795 1.1405263 0.42281815
0.8724612 1.454629 0.83784485 1.6870978 -1.8346939 0.067811385 -0.10957219
1.8649652 -0.44843048 -0.9719572 2.7164357 -2.0963342 -0.58699507 -1.3729887
2.3181324 -1.2410754 0.48759457 0.5664699 -2.343685 -1.0901637 1.4089522
1.3206362 0.21807604 -1.0568854 0.50013185 0.7875575 0.2637382 -0.4997222
1.4762543 0.02290969 -0.47977272 0.86908114 -1.1750666 1.1465509 -2.0892053
1.8078427 0.41745025 1.0421598 1.31152 -2.8905196 0.11503579 -0.6258193
1.7724861 -0.94191784 0.6142193 0.6989731 -2.05476 0.24333613 -1.6163514
1.879207 -0.09139414 0.062596545 -0.07007745 -1.8600855 1.4657872 0.029760543
1.3125913 0.043640662 1.4566928 1.7804376 -1.9714278 0.9539525 -0.5063899
3.4204159 -0.76726943 -0.12110712 1.1682191 -2.7625065 0.65517706 0.27794537
2.7278328 0.23853235 1.1205425 0.43731913 -2.344219 0.49462333 -0.40533856
1.619294 -0.533842 -0.4047754 1.7420099 -1.7897812 0.55359745 -1.7813902
2.442318 -0.53251094 -0.699738 1.6996996 -1.9264792 0.4464418 0.66297346
1.5158988 1.6378548 -0.21883227 1.3511415 -3.496348 0.75883096 -1.1085255
1.0805427 0.45843643 -1.7505133 1.0066223 -1.9014353 0.9841174 1.8981392
1.8230956 0.3256982 0.18676697 0.37498847 -1.0274696 0.09865631 1.5979571
0.95945394 -0.06885238 0.071330056 2.7505016 -2.4797187 0.9823543 -0.36228707
1.2683138 -0.16511412 0.9476609 -0.3682833 -1.8857359 0.43767682 1.3494558
0.6323898 0.49995524 -1.1243334 1.1459358 -1.8529412 0.43476036 1.5121425
3.0009491 0.25500304 1.6571205 0.75139165 -1.8831102 1.3930168 -1.0019565
1.0281149 0.5611724 -1.4555616 0.9182329 -1.221819 0.6209116 1.4902523
2.962684 1.2420948 -1.5529808 1.9648058 -3.3439217 -0.35933527 -0.45038423
2.2347643 -0.08575483 1.5952082 0.30175915 -1.1660194 0.17528714 -0.46463132
1.4042842 -0.2718448 0.92631936 1.2646306 -2.3939462 0.34434628 -1.0589995
1.3688469 0.8317253 -1.7935642 1.4167615 -0.5859518 1.1002696 0.49115065
1.6328732 -1.2378557 0.30203506 0.98651904 -2.4985929 0.88268363 -1.3337977
2.3140445 -0.8522236 -1.5778179 1.2499387 -1.1623929 -0.28573465 -0.3974052
1.7643857 0.029887844 -0.03226449 -0.045012265 -2.7370567 0.06322463 2.3127174
3.510603 0.10777716 -1.1015828 -0.1563251 -0.5077751 0.27443126 -1.3575345
3.0132487 0.17401819 1.044801 0.37763238 -2.4747744 1.4207213 0.24840245
1.2539083 1.0555935 -1.217546 0.4147037 -0.6659256 -1.4649543 -0.7692769
2.6130083 0.7653988 -0.8510326 1.1368061 -1.2157303 0.96411455 -0.19766757
1.0340255 -0.42451376 0.3163838 0.84405994 -2.5028615 0.7746359 0.23399034
1.8458235 -0.22826834 -1.0994724 1.3947309 -0.15554585 0.22534408 -1.4219416
1.8895638 1.2417709 -1.3375452 2.2228434 -0.93807083 -0.32114717 -0.21351263
2.4200742 0.3814903 1.3589008 1.2732983 -3.125268 -0.68941236 -0.65967244
1.7596037 -1.8298256 0.15741037 1.0943856 -3.1697283 1.0673006 -1.4598491
2.0126748 -0.97960967 0.0022358708 0.6567116 -2.4910002 -0.14135878 0.14807585
3.0331314 -1.2287838 0.5600922 1.2927408 -1.7198023 -0.5400394 1.5948441
2.25206 -1.414837 -0.5555253 1.0899276 -2.8502593 0.675993 -0.9843007
1.0882875 0.79192835 -0.3145236 2.4517548 -1.7042354 -0.6751745 -0.31789717
1.9292303 1.0485325 -0.758425 2.1850178 -2.876177 0.5387383 -0.5438892
1.9653568 0.3908735 -0.0730076 1.0295353 -1.610339 1.445061 0.18211803
1.847195 1.0666745 -1.3373482 1.8840499 -2.5405564 -0.27650923 -0.4965776
1.625189 -0.15569396 -2.4656808 1.2229316 -1.3685758 -0.15125175 -1.8893694
1.4695898 1.1639497 -1.7069545 0.6535143 -2.571638 0.26048484 1.920841
1.6005594 0.47807866 -0.047091026 1.2680315 0.16371478 0.9430795 -0.6171873
0.84036016 1.0259733 -0.6608038 1.0348501 -0.893065 -0.33980885 -1.426716
2.5549643 -0.14265056 -1.5052528 1.4574907 -0.99560606 -0.119005546 -0.57586926
2.8545353 -0.06361146 0.948735 0.53165716 -1.9773947 1.4771316 0.26537797
3.2617252 -0.90479606 0.77400804 0.5112728 -1.2816554 -0.023740392 -0.6875663
3.227003 0.17843823 -0.382394 -0.05544147 -0.9167783 -0.23249601 -0.4920639
2.632618 0.21536641 1.1521329 0.26292917 -1.4713231 -1.3172729 -1.5925235
1.5917178 0.04303508 0.70372 0.560825 -0.4198273 0.3474751 -1.3739563
1.2024277 0.064476535 0.63402104 0.40799472 -1.4360888 1.5319588 0.38897938
3.363746 -0.5249763 -0.1973988 1.5864208 -1.5566674 0.01772501 1.1897914
2.6457264 2.2001252 -1.8907104 1.439411 -3.4837809 1.0959262 0.28445998
2.7869976 -0.13606258 -0.67220616 1.7559507 -1.0477165 -0.059099775 0.77886117
1.4702487 0.09948854 0.32350704 -0.036444858 -1.3358921 1.4896274 0.65538055
2.5965195 -1.0738547 -0.3456706 0.74233794 -2.2679658 1.1136796 -0.21744266
1.3408881 1.021663 0.3037481 1.9325083 -1.1920803 0.45524833 -1.6678691
2.6692863 -1.0055593 -1.3134408 0.44412014 -2.794767 -0.43250355 -1.1890061
2.4233253 -0.36178917 -0.46750897 -0.3062893 -1.3679383 -0.36450693 1.5160621
1.7575108 -0.90403813 -0.32834056 1.949362 -2.7985814 1.0246211 -1.6198438
2.223105 0.28018504 -1.2665312 1.8354118 -1.4585085 0.42832628 0.30436292
1.9548103 0.3327101 -0.7193322 1.3851922 -1.64383 0.4394434 -0.62450755
2.4902601 -1.1070557 0.07016538 0.70196116 -3.019781 -0.31247386 0.19466463
2.803819 -0.6212148 -0.9033126 -0.095890224 -1.5624949 0.45553488 -0.7628986
1.7147036 -0.029368114 -1.5920838 2.1047628 -1.5237805 0.13058282 0.5836521
1.6446435 2.3028767 0.28621694 1.3108654 -1.9519256 -1.0874099 0.51907134
2.4335365 1.8474112 0.9871783 0.6240169 0.063184164 -0.59396553 0.62616414
1.1669601 1.2904263 -1.5209798 -0.5653977 -1.284362 -0.59105647 0.5046957
1.8776516 0.6271809 -0.8130325 2.3278537 -1.5029224 0.23353042 -0.11576882
4.02884 -0.73316044 -1.179908 1.5810231 -1.0087098 -0.15215932 1.7261958
2.3156128 -0.75687665 -1.559693 1.193856 0.020553641 -0.6042352 0.900873
2.242814 -0.059324216 0.71654725 0.64388174 -0.6950923 0.9663496 0.18071452
1.1660211 0.16460375 -0.0014268346 0.07823849 -1.5587031 0.34814432 1.1922851
1.3596263 0.11959414 0.46106407 0.054752167 -1.2364613 1.1889095 0.851499
1.9938027 1.4356939 -1.7103121 -0.18118966 -1.8357705 0.71590555 0.35059598
2.0099106 0.44752842 -0.56058323 -1.017642 -1.6880046 1.3108519 -1.8117784
0.899723 1.2854221 -1.3474131 0.33955756 -2.394182 0.48271796 0.19885328
2.4821072 -0.19704814 -2.952266 0.9323224 -0.37770814 0.008581477 -2.4326973
2.6141548 0.5674973 -0.90254104 1.1477922 -1.4477398 1.3325514 0.23606744
3.3639247 -1.0525012 0.41254315 1.2598133 0.80636865 0.06876196 -1.0357572
2.1066406 -0.4315917 -0.71947265 1.4381467 -2.57057 1.0705714 0.16680184
1.9284959 -0.5288333 1.0307903 1.3240557 -3.6158247 0.4575267 -0.55949485
2.341689 -0.48950642 -0.025662322 0.8148499 -1.2454783 0.19915713 1.1618743
2.5001044 -1.6757083 -0.5113505 0.79394704 -2.9143906 0.8927238 -0.9529384
1.2298889 0.25426966 -0.12287666 0.28691325 -2.075656 0.50147605 1.361493
2.306033 -0.42689222 1.7162396 1.243901 -1.3397297 0.19852485 1.5390345
4.6288953 -1.1532755 0.41836593 1.8557477 -3.8042746 -0.082248434 1.266723
1.9066708 1.0759636 -1.7576592 0.61751467 -1.1763464 0.9924355 1.1640401
1.7763909 -0.65563005 -1.3572836 1.1635962 1.0007946 -0.738109 -0.99720615
3.1933346 -0.85941476 -1.5465701 1.1664493 -0.66746396 -0.3446873 -0.24175069
2.68145 -0.5181419 -0.92761016 1.9529916 -2.7476714 0.11709489 -0.14239272
2.4829314 -1.2224276 -0.41960648 1.1820341 0.827976 -1.2176605 0.8965153
1.1945336 -0.21799059 -1.8812304 1.7938197 -1.4361899 -0.00077669043 0.4777709
1.6561775 0.4647676 -1.9749229 0.95228165 1.0320305 0.48752692 0.48607948
2.678829 0.40941674 -0.09447242 0.9525302 -0.5448143 0.11839177 1.0630112
1.7006868 0.16815285 -0.03925707 1.7194844 -3.2539585 0.70347416 -1.810823
2.4487164 0.5926302 -0.78580415 1.0835857 -1.0528394 0.5705926 -0.3957672
1.5013838 -0.08519979 0.43790218 -0.2943577 -1.7111467 1.2779331 0.64920485
2.4441516 -1.3794663 -0.39047638 0.86092156 -3.2159097 0.5178461 -0.37557796
2.1000006 0.46877033 -0.462536 1.5383857 -1.645001 1.0560158 0.4471738
3.0393324 -1.292649 -0.98232126 0.78641844 -0.18822144 0.36735538 1.7958484
1.4026623 -0.24251838 -1.6591556 1.287942 0.046125434 0.5092275 -1.8635988
1.1518834 1.2842481 -0.26789835 1.1459192 -0.27333638 -1.4558522 0.17084125
2.5418074 0.08239417 2.2129827 0.15509996 -1.5915326 0.4668782 -0.82953024
0.57707524 0.14393906 1.2529297 2.6459153 -2.8309317 1.2089379 -1.4340785
1.7063233 -0.38256353 0.76974726 -1.010559 -3.4319494 0.19769897 0.6186727
2.178477 -0.57642776 -0.71603906 1.4195853 -2.2313938 0.39352235 0.7558109
1.1671584 -0.23803778 0.687546 -0.72785836 -2.2558026 0.92025393 0.19834748
1.4871703 0.9783662 -0.6232233 1.864495 0.06573226 -0.038680296 -0.4365581
1.2879894 -0.0719399 -2.556888 0.8620366 0.2682908 0.1757787 -1.6484206
2.6815493 -0.2787382 -0.09778871 1.1498104 -1.99502 0.9561685 0.6381157
2.2914276 -0.4921016 -1.1258792 0.8028899 -1.8587132 1.1456583 -0.1264306
2.1633334 0.64850646 0.8270798 0.9321768 -1.0827771 0.44541112 0.8631901
1.3785793 1.4888554 0.5894947 0.6641787 -0.07161269 -0.5769485 -1.6558228
1.4314028 0.44788462 1.2158251 2.1218622 -1.6098309 0.8240137 -0.8081125
1.9199637 -0.101474956 0.5405028 0.77813655 -2.8813982 0.18441392 -1.766959
3.7632902 -0.79743284 0.8231019 2.0999358 0.47884867 -0.17446505 -0.021999862
0.63365036 -0.058888625 0.5598278 2.047332 -3.259716 1.447075 -1.67832
2.2666428 -1.3237091 -0.50702035 1.3076124 -2.8230767 0.8710866 -0.54345363
1.6966074 0.13710456 -2.1295185 2.6333084 -1.4327811 -1.3467106 -1.2027476
2.703233 -0.61448044 1.1876018 0.45392612 -3.1774402 -0.7116075 0.39471397
1.9656259 1.6577964 1.0215149 0.7334169 -1.050523 -0.14341973 0.89991933
2.744303 -0.08185859 0.3066196 0.4539754 -1.6533191 1.6335173 0.34773389
2.103603 -1.1462238 -1.2159169 0.1083878 1.1388919 -1.3861649 -0.24503264
1.7617649 2.735385 -1.7042909 -1.7873753 -1.4331971 -1.4431021 -0.018652644
1.3358173 -0.44609255 -2.3715992 1.4094332 0.15653159 0.8590155 -1.8556588
1.165089 0.9627829 -0.30709556 2.4293368 -0.08984349 -1.6388303 -0.46935996
2.687768 -0.33126205 1.388143 2.1192193 0.17650558 -0.9337151 -0.11438021
3.1039565 0.005841541 0.57254124 1.2135147 -1.3114934 1.2682602 0.84669954
2.5631428 1.7689157 0.10542868 1.0111188 -0.66643107 0.5386317 1.2607766
2.3670337 0.6663113 1.2154753 -0.08198008 -2.329945 0.7098273 0.575038
1.4454032 1.2023125 0.2920849 1.6381574 -1.0433674 -0.28195855 -0.23866019
1.7336682 -0.41254562 -1.2145116 1.5836234 -2.2509022 -1.0848608 -1.5691893
2.2222462 1.223702 1.2140241 0.5565841 -0.9092423 0.12583067 0.048000846
1.7574384 1.4474547 1.374721 0.46395215 -0.91889274 0.42973784 1.4900472
1.9974436 -0.6477949 -0.19738938 0.48412216 -2.158675 0.15963031 -0.6388427
1.0458997 0.012013483 -2.044833 0.40820977 0.34245077 0.17635931 -1.8142872
5.593524 -0.2011108 1.9152384 1.3450937 -0.69075954 0.004287976 2.2635617
3.0446453 0.7160559 -0.112510696 0.9348504 -1.4402899 1.4425701 0.49894747
1.5205325 1.8860488 1.6075616 1.423379 -1.7926954 -1.2590498 1.4349756
1.1600837 0.9941359 0.032759648 2.551822 -1.2493914 -0.831498 0.9244537
1.6149498 0.14912872 0.59635663 0.5182736 -3.159706 -0.13915633 0.18531778
1.2401164 0.7164381 0.89918876 0.33431023 -2.7299025 0.6665017 -0.12600508
1.8657331 0.2517131 -0.60966766 -0.6771269 -1.1999427 1.2841331 -1.961626
2.572217 -0.32472163 -0.7600652 2.155539 -1.4794799 0.24524863 1.0866921
2.4441082 0.39252192 -1.2065297 1.150693 -0.7956645 0.026564974 -0.8600129
1.7630816 1.1480591 -1.5250032 1.9398687 -2.2465286 0.31826463 0.056386385
1.8866774 -0.62435144 -0.19374062 0.9506212 0.2472954 0.102789536 -1.9301674
1.6753491 0.5104013 -0.25632933 2.142495 -2.9824708 0.41417283 -0.49837634
2.1081917 0.77759165 -1.0834299 1.0904359 -0.59381163 0.91941524 0.34099773
1.5483512 0.49884754 -2.025465 0.86703324 -0.5180916 0.55213886 1.0227537
2.8788564 -0.18585296 -0.50938106 -0.17374822 -0.5031103 -0.1969258 -0.7213102
1.5217196 0.6002827 1.692986 0.9543175 -1.6053581 0.67566144 -0.41980946
1.2119087 -0.009602022 -0.081416145 2.081079 -2.552451 1.1066138 -1.9671493
3.204486 0.2149115 -0.713892 0.21315175 -0.4343621 -0.22706388 -0.38622054
2.905537 -0.06595607 -0.93898654 1.2155976 -1.1188914 -0.24340902 0.54347104
2.3089743 0.8204103 0.10761951 0.7728472 -1.0232874 0.5294417 0.96154016
3.3760924 -0.3531894 0.020692091 1.4418885 -0.78757674 0.29610023 0.72356296
2.1370232 0.2216535 -1.2660638 1.9814675 -1.6259598 0.57469493 -0.0015036727
2.6639705 0.24475221 -1.3265188 2.055122 -0.8365722 -0.45975986 0.3205686
2.7444992 -0.8336782 -1.0623164 1.2456969 -2.173274 0.28077647 0.15727893
2.0651326 -0.17745538 1.5954998 0.21952078 -1.4608748 0.7755358 0.78555197
2.6214259 -0.6071678 -0.6251724 0.96674013 -2.70863 -0.84240633 1.764005
2.6582253 -1.2810826 -0.037629265 0.35210308 -2.4917836 1.1288457 -1.9961575
1.2921832 0.59999496 -1.337234 1.9950533 -0.3705087 1.0608516 -1.0992966
2.148553 0.12214653 -1.7308108 3.336935 -0.6061288 -1.4772943 0.16863242
3.1397479 -0.217766 0.10509561 0.6867246 -1.5756979 0.9964287 0.33030096
2.077981 0.32631642 0.3132777 0.59144056 -3.516705 -0.29667068 -0.1347138
1.3321924 0.6673196 -0.19280078 1.0963371 -3.1647558 1.5577378 -2.2746577
2.2445014 0.18179087 0.46657345 1.15462 -0.17772315 -0.3743691 1.5595531
1.3879104 -0.15307231 0.37649295 0.8987253 -1.9107677 1.455714 0.05302653
3.4254837 -1.0539768 0.5259664 1.6783504 -2.1861813 -0.17370354 1.1132799
2.1286902 0.061306883 -1.0235409 1.5512667 -2.3250136 0.5887587 0.9409214
1.5891838 -0.65633386 0.30375132 0.7115307 -1.8202602 0.10776253 -1.2600355
2.0016196 0.08057265 1.9443829 0.111801416 -3.0564566 0.02575441 1.7823822
3.431712 0.12334566 2.1220114 0.5991485 -4.0505986 0.31944755 0.26887026
2.5892868 -0.039161395 -0.009868879 1.7057922 -0.10250396 0.37911603 0.08452323
2.196146 -0.029376935 -2.1787567 -2.0844822 -2.8129122 -1.6886466 -0.06903574
1.2749907 1.0561996 0.5477247 2.1223743 -1.3679258 0.3730537 -1.7028685
1.2661909 1.5054098 -0.30340412 0.8432053 -0.8926284 0.6241491 1.6383461
2.1785283 0.046056557 0.52880836 0.29228318 -1.9807051 1.2575656 0.7555527
2.753928 -0.1349289 -0.25343087 -0.14737126 -1.5410875 0.56810725 -0.041604664
1.3071212 1.1807694 0.77378035 -1.4464184 -2.5599034 1.465136 2.2216141
1.9725255 -0.039972495 -1.2885764 1.598112 -2.5950446 -0.8079052 -1.5909989
1.5045512 0.7910903 -0.39380315 2.6988018 -1.9564158 0.4798291 -1.4546478
3.0070024 0.7097879 1.4760177 0.14730653 -2.1342018 1.3124976 -0.58584005
2.0596516 -0.7409337 0.33248028 0.22167143 -3.3964121 -0.8325936 2.043241
2.6936738 0.14500241 -1.0153849 1.705131 -0.4823065 0.20015056 0.07844761
0.7987764 0.11947851 -0.34610072 0.37549078 -1.4261483 0.13770415 1.4387941
3.169309 -0.9104439 -0.8039816 1.0908394 -0.97996485 -0.2606674 1.5899684
1.6408918 0.2570619 -2.2805843 2.5151656 -1.4049882 -1.2603242 -1.447916
1.786349 0.16514306 0.65695167 1.0997542 -0.87841576 0.5446238 -0.1722922
1.3777704 -0.11713524 0.11360048 0.016619414 -1.9016944 0.16432627 1.0849843
2.3733702 0.31678778 -0.020471592 0.43428966 -1.0057746 1.3706478 -0.024383869
2.2334838 1.413307 -1.9207783 0.5512506 -4.058784 -0.112216935 -1.2956254
0.7683593 0.970655 0.17136286 2.1337612 -1.9002064 -0.9499749 0.8252633
3.0372927 -0.87718767 0.51129055 1.5985452 -1.4426233 0.41175213 1.4436758
1.5033566 1.0191271 -0.59648216 2.5032837 -0.6538124 -1.2851294 -0.032023396
5.375358 0.6945167 0.74387836 0.08561149 -2.6866715 0.36101893 -1.5906906
2.9199796 0.5686014 -1.0895841 2.0925431 -1.0395327 0.24305077 0.46729258
1.6327846 -0.15923281 -1.5514402 0.5291877 -0.2639177 0.2581133 1.3435104
3.018766 -0.22737832 0.63741076 1.0911524 -2.234021 1.0119584 0.7527615
1.3608047 -0.47491306 -0.038674492 2.1620476 -3.125288 1.3669748 -1.458369
1.2794603 -0.104630664 0.111518845 0.4872274 -2.0943842 1.7496891 0.47004467
1.5931336 0.449385 -0.62150276 0.782042 -2.7224803 0.016685326 0.8597751
3.5834856 -0.7205786 0.72595525 1.3379346 -1.1437991 1.196783 1.1229883
1.5556345 0.67370445 0.22058772 1.9149328 -1.4445018 0.991302 0.22865948
0.869092 0.85536224 -0.7296313 1.0650306 -1.7593964 -0.9446577 0.2246758
3.7453003 -0.86926264 1.4135184 0.7308477 -1.5798217 1.247335 1.0905447
2.0109599 -0.35867906 -2.1324527 -0.19607532 -0.3131306 -0.18899332 1.6498053
4.060296 -0.52220863 1.4752792 1.4745374 -1.6452309 0.84423035 -0.57692116
3.8236256 -0.3429801 -1.1325079 0.006282478 -0.53702205 -1.1431088 0.09303042
2.3893397 -0.09975 0.57907295 0.29211614 -0.2920961 0.4533706 -0.5019058
2.391941 -0.88910943 -0.0641823 1.1981521 -2.2774894 -0.7438924 1.3653554
1.0372806 0.8286994 1.0478879 2.7500684 -1.7858942 1.0116518 -1.5252768
0.8622428 0.702349 -0.8899082 1.968282 0.25841442 0.19452162 -0.8165062
1.5964317 1.3678935 -0.68723464 0.48816827 -1.9902264 -0.31964692 -0.4501376
1.9834588 -0.4840476 -0.331489 0.8347806 -2.2991366 1.0820346 0.17323616
1.7072644 0.2173975 -0.45117953 -0.21793947 -1.0464771 1.2470094 -2.0315535
1.0928631 0.6254185 -1.0316687 1.1067009 0.46857396 -0.40405044 -1.4086347
0.32406986 1.3939418 -2.2813566 0.3677836 0.560542 -0.5448532 -0.57841605
1.8072529 0.7414784 -1.5234934 1.2543858 0.06251421 1.2237102 -0.63382035
2.364244 0.017381955 -0.20326604 0.90570736 -1.9127113 1.4759197 0.5783869
3.8487406 -0.3097028 0.6383488 1.7776307 -0.92485887 0.6229825 1.1688049
1.0581292 0.8410099 1.148103 1.488683 -2.059846 0.8903765 0.58271676
2.7812235 -1.2689503 -0.35473964 1.0342425 -1.1873146 -0.2913879 1.4587958
1.6742553 1.330755 0.75282264 0.9973314 -0.3763387 -0.8138089 -0.6129896
1.8206538 0.026495505 -1.0363649 2.399618 -2.185311 0.9901054 -0.107313246
2.3582213 -0.75240797 -2.5954306 2.0644255 -0.5466523 -1.3274204 0.77499384
3.4034445 -0.4288103 -0.6812216 0.23529336 -0.6084875 -1.2607626 0.12861156
3.0285413 -0.91143554 -1.2790412 0.8879087 0.48842135 -0.70429194 -0.2344974
1.6779671 1.4505075 -1.3121278 0.8362541 -0.1866412 0.5900148 1.7131959
2.3132925 0.24500112 -2.3415093 0.05320266 -2.3379915 -0.5158285 1.7190903
1.8453087 -0.66255563 -0.65967715 1.9965994 -2.059116 0.6197537 -1.0674692
1.9356787 -0.6090457 -0.137787 0.6056731 -2.2533007 0.3764973 0.37909696
3.6586368 -0.6263892 0.39824077 2.061457 -1.6513014 0.90152943 1.2886953
1.9784371 0.23396043 -0.37070027 2.1639194 -2.9150066 0.46215484 -0.50782806
2.3297875 0.11308865 -0.94859064 1.3998861 -1.2619091 0.14743821 -0.9070491
1.4011756 0.7716482 0.23559354 1.6095445 -3.3438652 0.16847368 -0.8083384
1.5877545 0.9391373 -0.12456335 -0.16469786 -2.5240037 0.0729021 1.6914843
2.73987 -0.17468686 -0.16399671 1.3460511 0.6909969 -1.2217135 1.7491034
3.9228115 -1.1286902 0.0023814254 -0.0063537066 0.5771437 -0.8810028 -0.88226014
