9565,24425,24865,4075,8729,8233,18683,19123
2884,400,4480,6469,29569,6259,2059
9808,11173,21833,19403,7523,23539
27520,4265,1835,26419,29059,4243,8443
3519,19094,11954,14384,20048,22973,873,2469
4936,13657,16297,11929,9499
23751,22190,16394,15084,9288,3492,16428
17464,11173,4033,16837,5057,2131
29615,4590,27810,24444,27084,330
19480,2176,3451,22051,24535
11439,2430,27014,25418,2318,13658,20442,3852,7932
19840,18565,16969,28309,22513,19147
11727,27743,18734,6854,2214,9794,19805,16101,1701
1575,14630,29450,344,189,29205
23751,22190,16394,28274,9542,3746,21036
3519,19094,11954,4388,18752,5816,24381
3519,24890,2450,22610,19244,5868
19840,18565,16969,29905,11305,21435
29533,6433,22603,163
1048,23029,15749,15253,28057,15121,24571
11488,16297,13657,27187,24547,2107
9808,12733,6649,25249,4579,23179,10243
28264,3085,14965,23665,1225
10984,12544,9673,9233,21883,8947,14017
26078,14198,4034,24404,20700,6300,16520
27088,20509,14525,16955,21595,715,9451
40,10205,24569,7825,20539,14743
3519,19094,6719,22734,18234,17948,28112,5517
22576,21301,29905,28309,73,23383
29615,4590,27900,10764,27068,22988,9612
29533,11293,25657,16921,331,11671
9565,24425,24865,22225,26305,19025,16099
26078,2822,23612,1512,6152,22896
10984,12544,1105,665,9269,19489,16123,26497
11151,9590,23954,26384,27693
9760,8485,6209,1723,25033,19237,16521
26500,2464,15709,11509,17593,13393,25363
29533,20797,26593,5089,27889,8869,12235,5095
10984,12544,5305,7945,24115,12235,16315,29251
3519,19094,11954,4374,6858,19508,13712,15021
11151,9590,23954,26384,27693
11488,16297,29233,8443,2647
24253,29897,6433,1363,13243,20809
17437,4633,16513,25249,16969,14539
1885,3040,169,9179,29563,2263,25363
2884,400,19573,22003,25537,2227,16627
3100,23485,1385,25969,3529,12097
23751,22190,17550,25130,17564,26573,18293
11439,2430,29730,16200,2669,21744
20142,1562,24872,19229,189,23904,22629
