8233,18683,4075,8729,24865,24425
6469,29569,400
11173,23539,19403,9808
4243,29059,26419,27520,4265
19094,11954,20048,873,14384
16297,11929,4936,13657
15084,3492,9288,16394,22190
11173,2131,17464,16837,4033,5057
29615,27084,330,27810,24444
3451,22051,19480
13658,27014,3852,20442,25418
16969,19147,28309,18565
6854,16101,27743,11727,19805,9794
14630,29450,344,29205,189,1575
9542,16394,21036
24381,18752,4388
22610,19244,2450,5868
16969,11305
22603,163
28057,23029,1048,15749,15253
16297,27187,13657,24547,11488
4579,25249,6649,23179,9808
3085,23665
14017,10984,21883,12544,9673,9233
16520,24404,26078,20700,4034,6300
715,20509,21595,16955,14525
24569,10205,20539,7825
19094,28112,17948,18234
73,21301,29905,28309,23383
29615,27068,9612,10764,27900
11293,25657,331,29533
22225,19025,24865
26078,23612,6152,2822,1512
10984,665,1105,19489,26497,12544,9269
23954,26384,11151
16521,1723,8485,25033,6209
26500,2464,17593,13393,15709
5089,26593,27889,29533,5095,8869,20797
12235,10984,12544,5305,7945
13712,6858,4374
23954,26384,11151
16297,11488
29897,6433,24253,20809,1363
4633,16969,17437,25249
2263,169,9179
19573
1385,23485,3100,25969,3529
18293,25130,26573,17564
16200,29730,11439,2669
24872,1562,19229,23904
