24772,25213,26368,20384,15029,21113,4657
27455,27014,24584,22869,8469,11109,7029
23044,14440,24605,3725,18089,18529,9673
29632,7477,22337,29617,6307,10507
8910,7790,28460,26690,22050
2653,377,18277,9841
8847,16142,18572,13062,19146,16506
16816,15541,26881,7771,20707,28987,22903
15568,24613,27197,1457,11753,26117,7397,22049,2875,11443
351,14870,470,9326,590,14954,4788,27228
8847,23247,3578,21308,16808,11453,28197
5584,3968,15253,29617,6307,24907,28561
6183,10838,14204,11124,18704,14504,8994
5596,29632,4453,18817,22183,27979
4720,485,6569,4139,7639,1843,22513,14947,12307
4590,24975,5594,7364,10004,23213,9837
13230,12074,26438,15932,20012,9506,23036,4016,21461
28384,4480,6469,29569,10969,15169
10552,9277,3257,3697,13553,6259,18139,21505,715,17185
19480,2176,3451,9115,23975,4579,13147,7063
29533,11293,26153,9017,20987,3563,4003
28384,24029,26459,7859,3779,21643
28863,22934,14330,22610,26690,7580,29084,19074
25117,13337,1403,24713,1339,26209
15160,25325,22400,27889,4579,10663,4867,4033
22612,16816,4936,12517,6587,19523,15155,6145,16651
13230,12074,28244,1490,18626
24829,24389,9989,19285,13489,23995
29583,28022,9002,24962,4172,16106
20574,19454,10598,15084,6348
29092,5872,13453,16037,5377,28177,7387,14017,2137
6183,10838,21938,19298,3128,19872,14517
2655,1535,26714,6044,248,12029
9565,24425,21499,4363,16297,28177,11041,23011
12244,9760,14569,12293,20897,107,16577,16081,20281
21748,7384,24829,24389,27889,5075,28385,2051,24151
3375,17894,1724,22394,4934,26438,138
11151,9590,23990,26420,4320
17584,14525,16955,24235,28315
8910,19130,15764,24500,29309,4725,14889
4144,14309,569,9305,6379,3739
671,28127,10991,13862,5162,2732,13392,17472,10893
22612,16816,15541,1331,7127,20371,2131
12244,9760,27205,24929,4139,27889,6385
27455,27014,12614,22610,26690,15876
28022,6518,12314,25250,19244,26384,2669
28863,22934,11054,13694,3530,28400,12384
28863,22934,11054,2318,21258,6858,1062
3470,1820,25130,11754,16122,4242,19542
11390,5594,3164,19298,9288,8132,17141
