20384,15029,25213,21113
27014,24584,8469,11109
24605,23044,14440,18529,3725,18089
22337,29617,6307,7477
7790,26690,28460
18277,377
13062,16506,18572,19146,16142,8847
28987,26881,7771,15541
7397,11753,2875,11443,26117,24613,15568,22049,27197
14954,14870,470,351,4788,27228
21308,23247,11453
15253,3968
14504,6183,10838,14204,18704
4453,29632,27979,18817,5596
4139,14947,7639,1843,12307,22513,485
10004,23213,5594,7364,9837,24975,4590
15932,9506,4016,26438,23036,13230,12074
28384,6469,4480,10969,29569
21505,9277,13553,3257,6259,17185
3451,13147,9115,19480,7063,4579
11293,9017,26153,29533
21643,7859,24029,26459
26690,28863,19074,22610,7580,22934,14330
1403,25117,1339
25325,27889,15160,4033,10663,4867
19523,15155,12517,6587,16816
1490,13230,12074,28244
24389,19285,23995,9989
28022,9002,24962,16106
19454,15084,20574
28177,14017,5377,5872,16037,7387
14517,3128,19298,6183,21938,10838
6044,26714,2655,248
16297,23011,21499,24425,11041
12244,20897,12293,9760,16577,16081,14569
2051,28385,21748,24829
3375,4934,1724,17894,22394
23990,11151,26420
17584,16955,24235
4725,29309,8910,15764
9305,4144,6379,569
5162,10893,17472,13862,671,13392,10991
20371,2131,1331,15541
24929,9760,12244
22610,12614
6518,19244,26384
13694,3530,28400,22934,28863
2318,1062,6858,22934,28863,21258
11754,25130,19542,4242,1820,16122,3470
9288,8132
