0.34331867 0.27929944 0.53670025 -0.23807186 -0.29404026 -0.0682863 -0.17970856
0.25380552 0.28487498 0.6383202 -0.31065723 -0.36541247 -0.030089498 -0.10173248
0.33147335 0.17801526 0.5433942 -0.29089355 -0.248834 -0.060379997 -0.13959146
0.24218722 0.015085548 0.58608097 -0.34769022 -0.3554718 -0.030754462 -0.11352125
0.4906676 0.40145546 0.44792438 -0.11512235 -0.23172449 -0.14799577 -0.24734548
0.19618782 0.07944307 0.60643744 -0.29926294 -0.46893948 -0.02271071 -0.14966695
0.4377684 0.30711156 0.5354176 -0.2635411 -0.07952616 -0.089169145 -0.10740775
0.38909346 0.3044926 0.5527926 -0.2704947 -0.18309042 -0.060061403 -0.09944477
0.41811723 0.3888841 0.48873138 -0.19850357 -0.24117132 -0.100530006 -0.18188481
0.26346517 0.12080696 0.58557296 -0.25583565 -0.42374113 -0.045987383 -0.17503518
0.4048317 0.40677708 0.49478877 -0.19544956 -0.2710612 -0.114097536 -0.18920873
0.22815424 0.24153617 0.6372017 -0.3081833 -0.40571076 -0.031025603 -0.12354173
0.3725046 0.20787513 0.5146709 -0.25653738 -0.21234925 -0.07718748 -0.17205228
0.24872336 0.11865443 0.6272408 -0.3866129 -0.2832853 -0.01542747 -0.055353403
0.51526153 0.365447 0.4313108 -0.16781943 -0.054903552 -0.1469953 -0.23819242
0.2892229 0.36286813 0.58836246 -0.21812025 -0.40839517 -0.11440198 -0.23102866
0.27383167 0.4055278 0.6330928 -0.28123623 -0.3910306 -0.063039854 -0.12144684
0.47954112 0.37690693 0.47606564 -0.20076491 -0.10468623 -0.104110226 -0.1891979
0.49264476 0.4505261 0.4410712 -0.12778093 -0.20979291 -0.14481601 -0.22369108
0.33947128 0.12189743 0.54437613 -0.23396027 -0.33201557 -0.04867143 -0.20316002
0.4294293 0.3998246 0.4855927 -0.19383198 -0.22609317 -0.100509435 -0.17849225
0.36290765 0.2687857 0.52733207 -0.25148705 -0.25209033 -0.06578694 -0.16468403
0.48483235 0.47243002 0.47291827 -0.16128123 -0.19526199 -0.1168143 -0.1608738
0.25778192 -0.0045946836 0.57304776 -0.2730182 -0.42261964 -0.03067787 -0.16739869
0.28259173 0.1974059 0.60302866 -0.3346334 -0.27303052 -0.028877974 -0.08111966
0.20862654 -0.08956477 0.57421017 -0.3082211 -0.4756631 -0.027895898 -0.144867
0.33638647 0.26445007 0.6312368 -0.3431988 -0.23630327 -0.0159598 0.017220955
0.3863871 0.344571 0.5473808 -0.25499642 -0.21709959 -0.056924038 -0.09726612
0.33554393 0.11141199 0.5512943 -0.22899543 -0.35232088 -0.047623858 -0.20820567
0.25512263 0.19829312 0.6014126 -0.30439472 -0.36424306 -0.028817058 -0.13055451
0.2478476 0.29427862 0.6288657 -0.27870196 -0.41492513 -0.060491532 -0.14808156
0.4343279 0.2745493 0.48547 -0.16496569 -0.2205311 -0.10070513 -0.23962861
0.21554725 0.2334201 0.65357995 -0.3505755 -0.37732655 -0.005972415 -0.05116171
0.25737876 0.10838583 0.61341447 -0.37297222 -0.2871247 -0.031863928 -0.0785019
0.33153367 0.33361182 0.5628845 -0.26195827 -0.31195188 -0.06904569 -0.14113009
0.22254477 0.1500001 0.6175005 -0.31050265 -0.40793154 -0.021209434 -0.12792042
0.4293635 0.41660604 0.4786308 -0.18443874 -0.24454062 -0.11198012 -0.18555373
0.2608074 0.15352437 0.5879952 -0.2859279 -0.37362266 -0.030571729 -0.1478095
0.42311415 0.48705727 0.5198149 -0.17946586 -0.2791175 -0.14351606 -0.18543199
0.20813166 0.088863194 0.61960495 -0.3557387 -0.3840894 -0.0074665695 -0.10192633
0.33836243 0.22591655 0.59770906 -0.32565585 -0.17717454 -0.026730672 -0.030844104
0.21503602 0.23576626 0.6437068 -0.31143793 -0.41982108 -0.02529478 -0.12224722
0.44548628 0.41185606 0.5230735 -0.2171781 -0.17856604 -0.081830874 -0.108917296
0.18765734 0.09787041 0.63094556 -0.33671683 -0.43364447 -0.0043019205 -0.11591046
0.54896724 0.42720595 0.40833768 -0.13535413 -0.031998746 -0.16451335 -0.24962296
0.25564605 0.18706477 0.6075997 -0.32641202 -0.33550486 -0.019355148 -0.10583424
0.3567474 0.2997193 0.5744538 -0.2832806 -0.21620284 -0.03602673 -0.063889995
0.28719577 0.120467186 0.5817108 -0.3380935 -0.28034306 -0.045309976 -0.1075102
0.37758073 0.33284605 0.51050574 -0.2058605 -0.2892252 -0.09244705 -0.19751017
0.31723627 0.24929225 0.55318403 -0.2577913 -0.31721163 -0.05591874 -0.16704324
0.43837285 0.21442834 0.4799534 -0.1878588 -0.15229899 -0.11655834 -0.24927223
0.3399916 0.34177804 0.5952527 -0.27908516 -0.27442762 -0.046438903 -0.056303617
0.3907389 0.30575424 0.5478221 -0.26897085 -0.19100179 -0.065890476 -0.11257976
0.3393057 0.23860899 0.57714415 -0.30635095 -0.20764515 -0.043171227 -0.07881754
0.40293837 0.28403127 0.5046109 -0.18196361 -0.2806879 -0.0943221 -0.22419548
0.44519052 0.34867504 0.52682436 -0.23960915 -0.124561496 -0.08570722 -0.123258635
0.46395403 0.48304367 0.49501896 -0.16933985 -0.24259236 -0.11841674 -0.15446968
0.25278634 0.42792457 0.62691295 -0.24749394 -0.43000442 -0.09495236 -0.1983961
0.42844805 0.4203151 0.516652 -0.21061715 -0.22540745 -0.086284764 -0.12201969
0.39374554 0.371638 0.5544294 -0.24701789 -0.21855272 -0.057266414 -0.08293456
0.5050404 0.49686137 0.477458 -0.14928614 -0.19419016 -0.12490456 -0.14765196
0.4465698 0.50061125 0.5067368 -0.16900153 -0.26612136 -0.1466623 -0.18026718
0.13871574 -0.0020857453 0.62257445 -0.41050866 -0.4305485 0.008415684 -0.08188328
0.274926 0.3188414 0.6442633 -0.311149 -0.34310114 -0.037819818 -0.06513393
0.37893716 0.22123985 0.5100229 -0.2509849 -0.21021646 -0.07719214 -0.17733526
0.28433368 0.17822897 0.5726143 -0.25954124 -0.3657816 -0.04187847 -0.16986158
0.4788216 0.4058348 0.47842777 -0.18849105 -0.12904646 -0.10641002 -0.18220982
0.3123852 0.122194886 0.54981756 -0.2846198 -0.29293332 -0.051056832 -0.15232389
0.41347265 0.23729074 0.5079066 -0.17233175 -0.2965369 -0.09507641 -0.2476429
0.2864361 0.2677073 0.58907676 -0.28649664 -0.33328182 -0.043394722 -0.13585964
0.33165544 0.35966444 0.5766655 -0.26144582 -0.32013088 -0.07281865 -0.13420895
0.31833762 0.16857421 0.5566665 -0.2997446 -0.2688102 -0.05262842 -0.13156536
0.29906207 0.23988801 0.5704813 -0.28065455 -0.3207403 -0.044998273 -0.14452636
0.40833354 0.16353923 0.48920363 -0.2028138 -0.18810219 -0.107615024 -0.24244589
0.5002029 0.35439384 0.43842757 -0.1731198 -0.078187376 -0.13697788 -0.23363017
0.4105982 0.4295818 0.5265081 -0.21399796 -0.26437223 -0.0882469 -0.11303863
0.28886834 0.111439764 0.60615695 -0.38049284 -0.17530501 -0.053790137 -0.040361788
0.20344305 0.048331678 0.6491593 -0.44457924 -0.30153695 -0.0054480135 -0.032522418
0.24704283 0.27394897 0.6304575 -0.29701316 -0.3939725 -0.046327956 -0.13177446
0.34060845 0.19331054 0.5731267 -0.32704452 -0.15940233 -0.064597145 -0.08732788
0.27614796 0.19263962 0.5908245 -0.3118816 -0.32002497 -0.03179446 -0.11949235
0.35273173 0.2962556 0.554575 -0.2731511 -0.24892882 -0.058603235 -0.11746304
0.3177654 0.3620995 0.5780119 -0.25201115 -0.3462974 -0.08918233 -0.1637601
0.37213624 0.1936516 0.5344289 -0.19788687 -0.3415063 -0.0747524 -0.22848721
0.17347646 0.098718435 0.63435465 -0.33316088 -0.45403916 -0.004303694 -0.11899471
0.41666627 0.3471498 0.5131526 -0.23220646 -0.19301927 -0.08295075 -0.15015402
0.41021252 0.31322438 0.4921129 -0.19344258 -0.2384951 -0.09050733 -0.2070868
0.19067891 0.079253495 0.6168591 -0.3100222 -0.46700776 -0.016387582 -0.13838965
0.28837535 0.11221394 0.5677679 -0.28943062 -0.33287984 -0.037452586 -0.15002722
0.33398536 0.15309575 0.53946173 -0.25161022 -0.3077612 -0.049186915 -0.18409038
0.30200678 0.3044463 0.5845631 -0.2744461 -0.33369672 -0.05869557 -0.14006706
0.28994215 0.30601823 0.59789884 -0.27834862 -0.35508347 -0.06324146 -0.1422721
0.43237612 0.32838655 0.49437422 -0.23466533 -0.15183146 -0.09012623 -0.1744128
0.24614824 0.113013625 0.5933112 -0.28162396 -0.40169644 -0.026655562 -0.15382105
0.14175677 0.24187633 0.658523 -0.32607645 -0.4894781 -0.012035534 -0.12935841
0.38016567 0.42765304 0.5576365 -0.23144162 -0.2922142 -0.08919346 -0.10677131
0.30225733 0.17882407 0.5601751 -0.26259273 -0.3370692 -0.044437572 -0.17242248
0.25960645 0.10127738 0.5929007 -0.3380168 -0.33064055 -0.030018792 -0.11198806
0.29536957 -0.13386121 0.4874066 -0.33205706 -0.22721165 -0.089856416 -0.12529224
0.36680156 0.16892089 0.5333559 -0.31897345 -0.10291714 -0.091656365 -0.116408035
0.38081402 0.22941542 0.51070845 -0.21285874 -0.2660888 -0.069182016 -0.21046041
0.4392967 0.33194607 0.5386836 -0.25211728 -0.09957386 -0.08571954 -0.10395653
0.3777634 0.3579842 0.52258277 -0.2356602 -0.27150992 -0.08137276 -0.15478535
0.3520243 0.17559126 0.5279814 -0.27554598 -0.22033192 -0.07384078 -0.15673998
0.41865796 0.29956347 0.48947734 -0.22215857 -0.18650542 -0.089714095 -0.19290757
0.28894126 0.12708208 0.5835912 -0.34213477 -0.27297544 -0.04691036 -0.104838684
0.42009622 0.2910311 0.4915821 -0.17255819 -0.24992055 -0.09819332 -0.22940104
0.4146352 0.3892875 0.4950226 -0.20671411 -0.23627727 -0.09550719 -0.17044827
0.34366253 0.23971052 0.5742919 -0.3050023 -0.20252109 -0.04616703 -0.08247324
0.35073024 0.25272655 0.5426474 -0.27465916 -0.24232769 -0.061864473 -0.1384208
0.3328619 0.25612882 0.5943325 -0.30963665 -0.21543789 -0.025737971 -0.046452325
0.356705 0.30747783 0.5626311 -0.27618816 -0.23594633 -0.04678276 -0.08631651
0.38102666 0.089075744 0.53200465 -0.17999826 -0.41270134 -0.083365455 -0.25470096
0.40518564 0.29203653 0.49514145 -0.19149207 -0.24276361 -0.08826086 -0.21428113
0.39774865 0.30573618 0.50275755 -0.18956922 -0.27523786 -0.09293374 -0.21416776
0.3634343 0.164796 0.51930904 -0.2359032 -0.26645845 -0.06521454 -0.1993387
0.4466151 0.37665892 0.5352659 -0.23332226 -0.10894659 -0.08300637 -0.089982286
0.29245734 0.20281112 0.5711866 -0.28217483 -0.3337549 -0.042249657 -0.14998719
0.3342523 0.21294817 0.5419543 -0.24362966 -0.31313872 -0.055601098 -0.18800008
0.2575867 0.1336635 0.5884254 -0.29183054 -0.3735251 -0.026872069 -0.14548561
0.3224859 0.3457082 0.58049834 -0.26600814 -0.32543093 -0.069551654 -0.13548476
0.22008793 0.12454891 0.6143049 -0.29723197 -0.4316364 -0.02132155 -0.1376692
0.42664972 0.20374906 0.51408535 -0.16110235 -0.36462322 -0.12038361 -0.2684812
0.37260807 0.19192186 0.5106628 -0.2669345 -0.18344954 -0.08841556 -0.16995256
0.37701684 0.26743096 0.51784813 -0.20650682 -0.2794168 -0.07701922 -0.20851335
0.4081665 0.40685034 0.5034839 -0.21382698 -0.25253463 -0.09500949 -0.15574571
0.39198506 0.35340568 0.53086305 -0.24358466 -0.22746766 -0.07026535 -0.123369396
0.23606929 0.21072859 0.62096393 -0.3173384 -0.38098758 -0.022264943 -0.11852972
0.31911534 0.24924561 0.55041075 -0.24918357 -0.32322532 -0.059998095 -0.17565271
0.3291788 0.19679287 0.5634036 -0.3183047 -0.22221927 -0.059502587 -0.11188542
0.4613877 0.34963816 0.4640797 -0.19083565 -0.14961201 -0.108692564 -0.21094757
0.4247791 0.37991592 0.54601496 -0.23795983 -0.1654526 -0.061948538 -0.0792147
0.3431908 0.18744734 0.5376206 -0.29165617 -0.21906693 -0.06892596 -0.14203978
0.5740561 0.5365505 0.42891538 -0.089697815 -0.13134915 -0.16535887 -0.16153722
0.3223212 0.21596849 0.5751738 -0.31530398 -0.23459263 -0.049966484 -0.10062695
0.10330378 0.101998776 0.6447706 -0.41388717 -0.48213303 0.020768315 -0.053262696
0.26630574 0.14881593 0.6005071 -0.34715956 -0.30618554 -0.030674234 -0.098097906
0.31104967 0.09708434 0.56623286 -0.23007438 -0.39368373 -0.051062293 -0.20199683
0.345636 0.2000841 0.5493423 -0.3120724 -0.18679592 -0.071817264 -0.12054179
0.32575774 0.24057166 0.55865365 -0.28402585 -0.2764134 -0.051121324 -0.13771889
0.44554672 0.2725612 0.48076043 -0.24095413 -0.07425669 -0.11589922 -0.19161323
0.2354079 -0.07067394 0.5654205 -0.26035988 -0.53934133 -0.044590622 -0.1929459
0.4041397 0.22186466 0.50720483 -0.18638286 -0.27279654 -0.08306522 -0.23927462
0.31239164 0.30113924 0.58306146 -0.27996933 -0.30806905 -0.046437196 -0.12048679
0.48250434 0.4492614 0.4937502 -0.18439433 -0.15860386 -0.10525776 -0.1371667
0.458241 0.33015847 0.49893588 -0.23589626 -0.08777141 -0.09860194 -0.1560301
0.4736517 0.41718248 0.45023918 -0.15407905 -0.19655281 -0.123615876 -0.21525294
0.29645514 0.25125992 0.6011371 -0.3103928 -0.27836782 -0.0259825 -0.07818795
0.42947444 0.29546583 0.4806639 -0.20545661 -0.17949057 -0.093754 -0.20686238
0.30126858 0.2817918 0.59277976 -0.28942773 -0.30377924 -0.03615819 -0.10728397
0.48190513 0.4590248 0.46345848 -0.15874729 -0.18907227 -0.11885081 -0.17468552
0.40351546 0.26091194 0.49763477 -0.19295669 -0.24289086 -0.08352926 -0.22263694
0.4437382 0.2888981 0.48024744 -0.1544331 -0.22357936 -0.1089591 -0.2441521
0.43079472 0.31858766 0.47940648 -0.17517693 -0.22273661 -0.10147511 -0.22139317
0.3824502 0.40900943 0.54293746 -0.18629763 -0.32578537 -0.13241383 -0.22417739
0.41120356 0.4087566 0.521367 -0.21955545 -0.24308436 -0.08344996 -0.123053856
0.40428743 0.21377373 0.5186172 -0.17772433 -0.32815278 -0.09272144 -0.24561784
0.3148509 0.23814635 0.5541804 -0.26175833 -0.3172615 -0.052352577 -0.16513497
0.27375454 0.14012152 0.5776218 -0.28950223 -0.35142833 -0.031438835 -0.14846456
0.35977557 0.32681662 0.53945976 -0.2524494 -0.2762053 -0.06778811 -0.14460704
0.29646388 0.20309424 0.565741 -0.25166616 -0.35747403 -0.04916405 -0.1746774
0.33050448 0.26822776 0.57830685 -0.29441136 -0.24666214 -0.04296215 -0.088167004
0.32076985 0.2604205 0.59046733 -0.3068332 -0.24286175 -0.029470742 -0.06344013
0.36889628 0.105819345 0.5160208 -0.21601659 -0.27528447 -0.08220632 -0.23051396
0.2505811 0.11082807 0.58974874 -0.26743692 -0.4260881 -0.039062344 -0.16510236
0.46581012 0.19502445 0.4601379 -0.1530472 -0.1542303 -0.12336291 -0.28633976
0.38758683 0.2773562 0.52881795 -0.27063602 -0.17478779 -0.0784439 -0.14594683
0.3110693 0.32435584 0.5825091 -0.22584505 -0.3776679 -0.0941359 -0.19170028
0.44434622 0.4150538 0.50703067 -0.2080198 -0.19041547 -0.08872996 -0.13405597
0.26813686 0.15476948 0.59965837 -0.34547353 -0.3027381 -0.031633005 -0.09793854
0.40665525 0.3456686 0.5180895 -0.17896998 -0.31506482 -0.11858757 -0.22614817
0.37692398 0.40018833 0.5301047 -0.22283891 -0.2990884 -0.10280184 -0.1690982
0.28317645 0.014492035 0.5522772 -0.3506294 -0.24252607 -0.05888824 -0.112084895
0.44040757 0.3497317 0.48819232 -0.21427569 -0.17113912 -0.09573939 -0.18145686
0.38928837 0.29519147 0.5079445 -0.19820616 -0.27381352 -0.08625556 -0.20794415
0.08606121 -0.0705964 0.61456203 -0.35981977 -0.58111143 0.0007573813 -0.15220511
0.35335246 0.055916667 0.51463926 -0.22920275 -0.2873861 -0.08127777 -0.21881253
0.105980456 0.007034719 0.62469184 -0.41201293 -0.4645327 0.012713417 -0.08381884
0.23850779 0.0788385 0.6396461 -0.42797014 -0.2599585 -0.021103904 -0.018258404
0.30874816 0.05999708 0.5580784 -0.24749419 -0.36284897 -0.043876305 -0.18469582
0.30345002 0.17980659 0.576285 -0.32260588 -0.26590738 -0.04663071 -0.11159516
0.20144358 0.34557423 0.6516415 -0.28195122 -0.45045832 -0.054581888 -0.15776266
0.4356685 0.30523735 0.52351063 -0.17002252 -0.3477865 -0.13970715 -0.26106578
0.208273 0.1368221 0.6319753 -0.35611773 -0.3854594 0.001168251 -0.09389812
0.35099673 0.24652037 0.5550222 -0.21109155 -0.3610735 -0.086114645 -0.2117902
0.32369763 0.14630741 0.546381 -0.3049841 -0.23534565 -0.064070135 -0.13412015
0.37878013 0.2923319 0.51348317 -0.21595508 -0.26687092 -0.078172326 -0.19371518
0.4565645 0.40275154 0.47733897 -0.14817557 -0.25834274 -0.13420661 -0.22605813
0.3719726 0.24647479 0.5260039 -0.20385024 -0.30103675 -0.07633077 -0.21494758
0.18907294 0.08996904 0.62956417 -0.3525618 -0.416414 0.0010953546 -0.10636074
0.42217034 0.32243702 0.51871246 -0.17249805 -0.3250154 -0.12929213 -0.23978437
0.3863313 0.26762706 0.51305664 -0.2601172 -0.18642408 -0.07950449 -0.16581322
0.31693348 0.21261093 0.5537227 -0.24508002 -0.3370182 -0.05369679 -0.18373096
0.39406148 0.22608486 0.4990042 -0.23322307 -0.20281982 -0.0841373 -0.19753185
0.2095595 -0.030260533 0.60666335 -0.4139281 -0.33270973 -0.032089442 -0.088272855
0.4103772 0.36941957 0.50772494 -0.18006694 -0.29585773 -0.117850564 -0.21723005
0.23483574 0.10214031 0.6009889 -0.3088911 -0.3918553 -0.017707169 -0.13470505
0.29035962 0.370885 0.6410197 -0.29735953 -0.35329923 -0.05667904 -0.0648093
0.4157192 0.3597194 0.4876778 -0.17558005 -0.2726718 -0.10930688 -0.2153441
0.35771263 0.27995664 0.52807194 -0.23259765 -0.27824992 -0.069542594 -0.18364453
0.3757983 0.31238002 0.55150837 -0.1812537 -0.3977254 -0.12894824 -0.27430725
0.3831391 0.31142354 0.51212776 -0.22329113 -0.2601355 -0.07919629 -0.18227306
0.30484203 0.14921215 0.55846834 -0.2757916 -0.3208062 -0.041997813 -0.15962523
0.49305373 0.46546996 0.44379014 -0.13053462 -0.20618178 -0.14010137 -0.21633336
0.21505311 0.03118208 0.60670674 -0.35853076 -0.38142994 -0.0188092 -0.104885444
0.26740164 0.24062246 0.638375 -0.33835465 -0.31147316 -0.015375987 -0.05516264
0.28597036 0.063958704 0.57192385 -0.27225053 -0.366314 -0.035036206 -0.16506027
0.36488217 0.28408372 0.55382955 -0.27746707 -0.21796894 -0.060735993 -0.11850394
0.27744433 0.23747094 0.59279364 -0.2714181 -0.37062585 -0.049634285 -0.15372002
0.41525465 0.2903205 0.48961157 -0.21839687 -0.19407842 -0.08864943 -0.19837941
0.30150595 0.24787904 0.5678518 -0.27076048 -0.3289739 -0.050782114 -0.15348491
0.5086127 0.49055135 0.43850094 -0.11647214 -0.19942674 -0.14673 -0.21512781
0.31594902 0.2935721 0.6232709 -0.31810558 -0.2779139 -0.028935477 -0.027073953
0.41350278 0.33976722 0.5407269 -0.25060153 -0.16846026 -0.06654847 -0.10320376
0.3309217 0.24384576 0.5606991 -0.2883916 -0.2584019 -0.052924365 -0.124476485
0.43854833 0.48955536 0.5040858 -0.16277674 -0.2731327 -0.15345708 -0.20322981
0.100904986 -0.03844884 0.61814314 -0.4098091 -0.47750625 0.0068488717 -0.0939595
0.26140454 0.26796165 0.6240246 -0.304196 -0.35773367 -0.034256563 -0.11644097
0.29852542 0.20523122 0.56230974 -0.26642954 -0.33820924 -0.046929665 -0.16554531
0.24253732 0.24689019 0.63916755 -0.32616693 -0.36182162 -0.013524815 -0.09111227
0.3012717 0.0865106 0.5673922 -0.23989037 -0.39163724 -0.04312794 -0.19285047
0.31882587 0.22037295 0.5496328 -0.26132482 -0.31012002 -0.05012022 -0.16889548
0.35424274 0.29552594 0.5653743 -0.28078878 -0.2311245 -0.047482103 -0.087144166
0.4103989 0.26573488 0.53446126 -0.18044257 -0.36317313 -0.127848 -0.25455672
0.36465502 0.32177898 0.52373886 -0.23467332 -0.27629924 -0.078206554 -0.17226115
0.24899775 0.14989918 0.6406673 -0.39076757 -0.2929976 -0.0030039996 -0.036781296
0.45969382 0.48656368 0.5155455 -0.18024915 -0.23821709 -0.10591915 -0.106624946
0.33079395 0.2727728 0.55948937 -0.22214486 -0.3481602 -0.07715182 -0.19311431
0.30723628 0.036281765 0.55322015 -0.2415871 -0.37681916 -0.04513102 -0.19236106
0.35651803 0.27559805 0.53784937 -0.20913032 -0.32238048 -0.08048707 -0.2051642
0.3127219 0.08836007 0.5644338 -0.22886485 -0.39426416 -0.050019972 -0.20387504
0.4572109 0.44850054 0.5314788 -0.20248371 -0.18024208 -0.084166184 -0.07904999
0.4896759 0.39247236 0.44604868 -0.16587886 -0.12666148 -0.12422145 -0.22353192
0.24033916 0.26799524 0.65034115 -0.33084744 -0.3576567 -0.01837781 -0.072570354
0.23686329 0.18295762 0.612347 -0.289173 -0.40720272 -0.032943726 -0.1394862
0.31316936 0.037734687 0.5278237 -0.3060828 -0.22600985 -0.077842936 -0.13847844
0.3695538 0.071418345 0.5363393 -0.18617181 -0.42195272 -0.079402365 -0.24994828
0.34950793 0.34088206 0.5374535 -0.24127224 -0.30061752 -0.08139843 -0.16221854
0.35849598 0.28093877 0.5275087 -0.21336555 -0.3043943 -0.07813603 -0.20177305
0.33193982 0.3120669 0.57958376 -0.279683 -0.27559155 -0.042712674 -0.08332279
0.22085494 0.2675262 0.6274724 -0.26877534 -0.45944637 -0.06254795 -0.17305472
0.33400464 0.23647842 0.54465044 -0.23228441 -0.32331312 -0.0629066 -0.19334793
0.36806363 0.3633525 0.5481101 -0.25025746 -0.27085352 -0.06724696 -0.10880341
0.20575944 0.075053304 0.6194734 -0.36362892 -0.3801887 -0.0077910125 -0.09814369
0.3943925 0.26603332 0.5048388 -0.25286305 -0.18084876 -0.08080468 -0.17610416
0.48653245 0.38218847 0.47717533 -0.19923168 -0.09618097 -0.107366845 -0.18279348
0.29827052 0.25453067 0.58579755 -0.29241037 -0.30515572 -0.03685461 -0.11982635
0.15197447 0.124076754 0.6428197 -0.34993118 -0.45771357 0.0031882674 -0.10984127
0.25368237 0.12621757 0.6208482 -0.37558585 -0.28347722 -0.019161701 -0.06369052
0.365596 0.35341123 0.5433733 -0.25161016 -0.27623048 -0.068856135 -0.13004175
0.52005154 0.49291417 0.46501708 -0.14235274 -0.1520907 -0.12958926 -0.15439928
0.4569633 0.44804388 0.5172125 -0.19576626 -0.19912665 -0.08976207 -0.10573737
0.46342278 0.43260986 0.45879927 -0.15150696 -0.23191819 -0.13025886 -0.20893186
0.38247746 0.22425605 0.5056468 -0.23499957 -0.22738189 -0.07450023 -0.19217566
0.31003964 0.19053811 0.6122345 -0.35614195 -0.20645092 -0.020895481 -0.022449847
0.35938597 0.17792599 0.52011293 -0.27704066 -0.19738641 -0.08262609 -0.15859158
0.2585398 -0.08026937 0.54565 -0.31644177 -0.3801748 -0.045820802 -0.14022173
0.42833176 0.24792936 0.515293 -0.16611482 -0.32719678 -0.11798804 -0.25331345
0.5149388 0.5523729 0.45360398 -0.11675997 -0.22531068 -0.1728437 -0.19481942
0.5022481 0.45684084 0.4397595 -0.115068495 -0.21624207 -0.1580289 -0.22940037
0.3560127 0.28524983 0.55898815 -0.27923536 -0.23212843 -0.057653703 -0.11245275
0.29662326 0.31736508 0.5925872 -0.2324697 -0.38972652 -0.08863096 -0.18573892
0.18591522 0.102853775 0.6333996 -0.35072705 -0.42217648 0.0007881075 -0.106642686
0.23252866 0.014066279 0.59373033 -0.3562284 -0.36424088 -0.027209401 -0.10854448
0.31646615 0.2595684 0.573781 -0.28698367 -0.28664842 -0.045694545 -0.12348912
0.3136989 0.24413595 0.579824 -0.29973632 -0.26757535 -0.04143758 -0.105911836
0.19919755 0.09202191 0.62337834 -0.33560622 -0.41784477 -0.0076224953 -0.11705106
0.3787681 0.2771752 0.55884403 -0.285699 -0.1733888 -0.061346777 -0.100780554
0.30591938 0.2756701 0.5744228 -0.2489532 -0.35163152 -0.068156764 -0.17004083
0.03195548 0.043150663 0.6327396 -0.3737803 -0.5827742 0.02659598 -0.14557815
0.21680045 0.28904602 0.6546993 -0.32591796 -0.40567142 -0.016269416 -0.094274126
0.4586569 0.33087966 0.46425092 -0.17554903 -0.16734576 -0.11018263 -0.22129935
0.20879103 -0.016102433 0.6035335 -0.36995524 -0.39119288 -0.021450922 -0.102143854
0.29838687 0.15154281 0.5767701 -0.3241607 -0.27656925 -0.046342038 -0.11408883
0.36888686 0.17808928 0.5319424 -0.20887542 -0.32036346 -0.06529376 -0.2227357
0.3935702 0.21742932 0.5157105 -0.19257939 -0.29174006 -0.07888146 -0.23216914
0.42152935 0.1479367 0.53653884 -0.2990275 0.036267236 -0.13642704 -0.13321584
0.35323212 0.26016787 0.53453946 -0.25889006 -0.2601973 -0.061808124 -0.15973246
0.32124457 0.058983237 0.54735154 -0.23899679 -0.35229814 -0.051638685 -0.19701625
0.40184227 0.4115545 0.5216207 -0.17848332 -0.30015758 -0.12737346 -0.21742596
0.42705262 0.34945345 0.48351955 -0.16945446 -0.25703877 -0.107855126 -0.21730916
0.38687575 0.2880749 0.5227774 -0.25846004 -0.19974786 -0.07820067 -0.15371299
0.37592 0.36405456 0.5577456 -0.2518504 -0.24683417 -0.056070805 -0.08401734
0.42932695 0.40048307 0.47620547 -0.18257847 -0.2413575 -0.109999605 -0.19390851
0.5086135 0.4001398 0.43875495 -0.09259618 -0.22690843 -0.16170888 -0.276363
0.13988623 0.07356936 0.6315534 -0.39573193 -0.43081555 0.0148834735 -0.077839315
0.25371212 0.20568034 0.6037721 -0.2814365 -0.39123458 -0.039476015 -0.14460756
0.32640073 0.4200912 0.58576703 -0.24511701 -0.34797862 -0.096161395 -0.1602352
0.30778077 0.17033052 0.58552253 -0.34317613 -0.21197617 -0.050337672 -0.07620411
0.2569761 0.36666998 0.6129989 -0.23838322 -0.42560908 -0.10064564 -0.21754706
0.28150496 0.18289632 0.58410645 -0.30914736 -0.3178114 -0.034281835 -0.12431474
0.2571915 0.18275905 0.5979575 -0.2697481 -0.40172055 -0.039169878 -0.15621124
0.2657792 -0.05861786 0.54031235 -0.38547346 -0.21031943 -0.061243042 -0.098314956
0.44083565 0.45489034 0.48470026 -0.16770852 -0.2571897 -0.12947893 -0.19369358
0.35682613 0.33139646 0.5365236 -0.24618396 -0.28438368 -0.0727945 -0.1551404
0.36096358 0.284652 0.5642083 -0.28337872 -0.2159479 -0.052143276 -0.09297924
0.5184761 0.4720698 0.44395497 -0.13621943 -0.13530284 -0.12897098 -0.19522174
0.37014714 0.13268006 0.50413436 -0.23863739 -0.2070497 -0.092907496 -0.19493118
0.33397478 0.2815755 0.5424179 -0.24135074 -0.30726773 -0.06845842 -0.17585358
0.24912372 -0.14199546 0.52258 -0.32462496 -0.3812141 -0.055184945 -0.14498885
