8224,16793,13867,11227,2371,11107
16767,21002,8066,5636,9716
11390,7310,29750,28154,19418,13908
23823,2318,9234,13314,26690,15876,18360
22000,20725,8945,21595,27105,15225
7384,17549,3149,14929,11563,9847,11443
2128,21797,7433,11347
16479,12398,23058,2828,17228,92,23996,896,9752,19917
21904,16549,19609,5089,1723,3493
9949,20609,26747,5803,24043
25117,19321,29827,16087,10291
11390,15590,18230,13370,17570,4194
3949,27413,13049,11929,29233,8443
3375,17894,1724,722,16682,19112
6422,29522,3782,25727,22646,25362
20608,29617,12481,16627
448,3373,5803,26747,5867,8737,12817
20452,9112,2653,11717,5921,20627,27907,14971
5584,15749,1097,15307,2371,16771
671,28127,3542,14202,28602,19746
28384,13525,1745,16145,10195
702,25727,11207,6566,28566
11151,9590,23954,28154,19418,13622,24282
7384,17549,9323,21139,3409,29589
22190,16394,26118,24962,11586,27756
29092,5872,4597,15749,18179,23975,23479,17473,21553
8413,2617,28357,1241,8521
18832,17557,421,21091,29947,21379,28519
6637,9277,21211,17131,4481,10411
24829,17549,9323,25339,7609
6183,10838,12434,24404,7268,17928,29808,24453,15717
400,17725,13525,1745,16145,10195
8224,22589,13525,5089,18465,7651
26591,5087,2162,9896,4541,26696,7677
14944,22525,6664,24109,27629,21833,18907,7127,20371
11151,21470,14330,16760,9180,13260
671,28127,1982,10838,21938,17858,15428,20237,26696,7677
14944,13229,20509,21005,7915
2655,15710,1310,13244,23904,22253,19173
8224,22589,13525,5089
21904,17549,11753,20113,12833,14107
29007,27887,13082,9716,5636,27581,22941,10137
24160,22885,26251,9115,12635,28939
8413,2617,19753,28763,28609,3739,24529
29092,5872,13453,16037,18907,25537,8947,14743
20365,14569,6209,26593,5803,11767,22427,481,4681
40,12976,21545,5089,1723,22513,25153,9787
18558,17438,23522,2732,25832,8541
3928,2653,2213,5425,26369,18089,29905,8401
28863,22934,27014,21218,1548,3978,5916,5082
