13867,11227,16793,2371
21002,5636
19418,13908,29750,28154,11390
9234,13314,15876,23823,26690
22000,27105,21595,8945
3149,11563,14929,7384
2128,11347,7433
23058,896,16479,9752,92,19917,17228
5089,16549,19609,21904,3493
20609,26747,24043
19321,29827,16087
15590,4194,18230,17570,13370
13049,11929,27413
1724,722,16682,17894
3782,22646,6422,25362
16627,29617,12481
5803,26747,5867,448,8737
2653,9112,20627,11717,5921,27907
15307,1097,15749
28602,671,19746
28384,1745,13525
6566,11207
19418,23954,24282,11151
3409,9323,7384,21139
11586,26118,24962,16394
18179,17473,15749,23479,5872,4597
2617,28357,8521,1241
17557,29947,21379,21091
21211,10411,9277
17549,25339,24829,7609,9323
24404,7268,29808,12434,6183,10838,24453
1745,13525,400
5089,18465,8224,13525
9896,26696,26591,2162
14944,24109,21833,6664,7127,18907
21470,9180,14330,16760
26696,1982,20237,671,10838,21938,15428
14944,20509,21005
13244,1310,22253,23904,15710
8224,13525
12833,11753,20113
5636,13082,22941,29007
22885,28939,9115,24160
28609,19753
5872,14743,18907,8947,25537
481,26593,6209,14569,11767
22513,25153,5089,21545,40
8541,23522,17438,25832
2213,2653,3928,5425,29905,18089
5082,1548,21218,22934,3978,5916
