0.42060083 0.39304817 0.5298948 -0.2276413 -0.20550452 -0.07418089 -0.110926166
0.28933564 0.25676146 0.5809074 -0.2770484 -0.34222132 -0.049740188 -0.14832368
0.22053164 0.13180378 0.6210996 -0.3508369 -0.36990476 -0.0085885525 -0.097014174
0.30640668 -0.09827188 0.5214714 -0.20210153 -0.5075474 -0.06662439 -0.23553972
0.30961925 0.10653767 0.54991317 -0.32174638 -0.2270126 -0.06411496 -0.121533945
0.30319628 0.22562899 0.5726541 -0.29321322 -0.3000974 -0.04268048 -0.13177228
0.3247531 0.2999271 0.5584755 -0.26252478 -0.30800855 -0.061298743 -0.15089351
0.31151694 0.27707982 0.585183 -0.2912913 -0.28173196 -0.036551207 -0.09646127
0.4076491 0.35632706 0.49309856 -0.19695824 -0.2585734 -0.09673783 -0.19761187
0.18152542 -0.124510676 0.58702147 -0.44192654 -0.35039902 -0.036169916 -0.08423709
0.38030323 0.39208758 0.55256057 -0.23880841 -0.2623562 -0.0680382 -0.08994941
0.30882233 0.14880529 0.5551301 -0.2819761 -0.3073246 -0.045104228 -0.15285951
0.34796292 0.223976 0.5310894 -0.2505411 -0.27353007 -0.058911785 -0.17354953
0.41629136 0.3227871 0.5031471 -0.16897123 -0.30509543 -0.112352915 -0.23266423
0.28286603 0.026100874 0.556273 -0.34639603 -0.2532642 -0.055672437 -0.11351404
0.31114 0.1808241 0.57197165 -0.3237679 -0.25179094 -0.051287547 -0.109242424
0.23100713 0.3963413 0.6497146 -0.28903297 -0.44621107 -0.047960952 -0.113762386
0.28115073 0.26119727 0.6226708 -0.3145724 -0.30959496 -0.02213195 -0.076513276
0.42081043 0.2205572 0.5001177 -0.17376944 -0.24970439 -0.09321489 -0.25839865
0.39509106 0.36145633 0.53675807 -0.24366099 -0.22206545 -0.065933645 -0.11161488
0.27619955 -0.05548519 0.5379759 -0.29804316 -0.3601734 -0.05068592 -0.15500405
0.34239945 0.29972655 0.5430349 -0.22321583 -0.3276463 -0.08331745 -0.18840338
0.43479323 0.39680704 0.5111458 -0.21621825 -0.19060946 -0.08451252 -0.13431841
0.28022972 0.22290966 0.58236873 -0.28177714 -0.35092887 -0.04254379 -0.14661554
0.28600538 0.24776605 0.5913525 -0.29566604 -0.31891507 -0.03287655 -0.12083814
0.34390113 0.23130661 0.53865874 -0.26752323 -0.26142475 -0.059066333 -0.15450528
0.18148789 0.012962669 0.6169821 -0.35553703 -0.43223155 -0.005867198 -0.10735515
0.32780236 0.37446043 0.57038486 -0.21581674 -0.35907817 -0.108802855 -0.19899082
0.38495943 0.43817416 0.56369793 -0.22783811 -0.28813127 -0.08941576 -0.09391455
0.26671952 0.11107713 0.58103085 -0.27384377 -0.37821317 -0.028019667 -0.16248025
0.28297243 0.07779148 0.5693109 -0.3331529 -0.284759 -0.047230825 -0.11869975
0.14757541 0.23614576 0.657352 -0.3353353 -0.47628444 -0.0047760606 -0.11198838
0.15695918 0.10891974 0.6377328 -0.32677877 -0.47997785 -0.0074416697 -0.13268033
0.48649865 0.4391162 0.47514352 -0.12694265 -0.25794718 -0.15930074 -0.24606693
0.22232673 0.1870125 0.630427 -0.33364654 -0.38718438 -0.009818122 -0.10507846
0.48419994 0.44429445 0.4531891 -0.1305758 -0.23083809 -0.14670193 -0.22072233
0.3070781 0.25569952 0.5648611 -0.2706988 -0.319663 -0.052005753 -0.1520921
0.28929344 0.27388352 0.5886963 -0.25373933 -0.3704641 -0.06537262 -0.16566062
0.34014407 0.13189062 0.5366023 -0.24496168 -0.3055125 -0.052778922 -0.19267538
0.22019866 0.09463036 0.6469319 -0.4196147 -0.3159966 0.0063629597 -0.039814126
0.35821185 0.24541871 0.52480173 -0.23968211 -0.27075157 -0.06311941 -0.18199965
0.32392812 0.29089022 0.55623096 -0.24398103 -0.32780635 -0.07216724 -0.171152
0.49706104 0.5033606 0.45760816 -0.12584656 -0.22707112 -0.15211196 -0.20508492
0.30901474 0.23292415 0.5915997 -0.31506935 -0.24912634 -0.033992976 -0.07639174
0.3383273 0.31508356 0.5492432 -0.25565794 -0.2987026 -0.06680624 -0.15341955
0.3619488 0.36223778 0.5486239 -0.2519037 -0.28539377 -0.069969684 -0.12597518
0.36750585 0.3612483 0.5214101 -0.22199824 -0.29572025 -0.09783086 -0.17916629
0.3779583 0.32374895 0.6054725 -0.3008656 -0.20548774 -0.025350899 0.00025346875
0.41370714 0.36908323 0.49524194 -0.20793179 -0.23374546 -0.09394479 -0.17592189
0.5182253 0.49409163 0.468218 -0.14565735 -0.15654603 -0.12754886 -0.15095866
0.2773921 0.1701358 0.57974637 -0.25659353 -0.3795304 -0.041380376 -0.17146692
0.23387858 0.12257108 0.63555455 -0.38798994 -0.31682852 -0.0007147193 -0.05967838
0.46477422 0.47485265 0.54046583 -0.20165567 -0.20646113 -0.09544983 -0.06005549
0.30019677 0.109660715 0.55951893 -0.31906527 -0.2621389 -0.055629283 -0.12445769
0.35503256 0.0901328 0.5199978 -0.22968516 -0.27783313 -0.078312956 -0.21243438
0.3359226 0.26477122 0.590425 -0.30386612 -0.21726595 -0.027306274 -0.050897248
0.37863916 0.37843165 0.58657515 -0.26207864 -0.24502203 -0.051184982 -0.039651778
0.38849214 0.30896944 0.50757813 -0.2122358 -0.26153353 -0.08298748 -0.192766
0.37464732 0.2985192 0.5270189 -0.25198033 -0.24068132 -0.0716469 -0.1495278
0.40120882 0.34157634 0.51118916 -0.1828279 -0.3050096 -0.11023803 -0.21982518
0.38252178 0.27970695 0.5154532 -0.19703747 -0.29092953 -0.08507613 -0.21377471
0.3679899 0.25557846 0.5242404 -0.21030106 -0.29177433 -0.073254384 -0.20840058
0.41951513 0.42332888 0.514402 -0.20972845 -0.24568698 -0.08920245 -0.12663886
0.31711465 0.16000178 0.58840376 -0.34761217 -0.17416999 -0.056797713 -0.065125614
0.39936018 0.23684669 0.49509603 -0.23352152 -0.19101486 -0.08645228 -0.19687861
0.19964865 0.12344006 0.6314658 -0.34389234 -0.41177356 -0.00327304 -0.10777759
0.49926743 0.46171296 0.46559685 -0.12166951 -0.25121096 -0.16851391 -0.24799974
0.57303905 0.45833316 0.41212836 -0.12126774 -0.030845106 -0.15117553 -0.22558714
0.27162322 0.18741214 0.6187157 -0.352925 -0.27130258 -0.015871167 -0.053730123
0.15931305 0.17719916 0.6484369 -0.32287726 -0.4700824 -0.008987084 -0.12904021
0.46357998 0.33031625 0.4875583 -0.13878559 -0.29107568 -0.13535534 -0.2572443
0.4887322 0.28595814 0.4436007 -0.1436463 -0.12510078 -0.14203398 -0.269719
0.43791422 0.3273493 0.5094408 -0.16169249 -0.31524515 -0.13383742 -0.24663311
0.32857758 0.27994466 0.554773 -0.2646946 -0.29393756 -0.058247387 -0.15328425
0.30100113 -0.040634632 0.51896 -0.2847336 -0.29974037 -0.07172621 -0.16021611
0.31817266 0.13672996 0.54808146 -0.2702544 -0.30863237 -0.047401592 -0.16557667
0.26478714 0.2381269 0.64168715 -0.34316063 -0.31249532 -0.014218852 -0.04849792
0.27143446 0.28518248 0.6095838 -0.27501184 -0.38371885 -0.06397944 -0.14931053
0.26304522 0.20458978 0.59422123 -0.28543887 -0.3697254 -0.03699723 -0.14411211
0.26791397 0.06481269 0.5889357 -0.3689698 -0.26918864 -0.047440767 -0.09998518
0.47697604 0.307767 0.44990632 -0.15555723 -0.13855219 -0.1314209 -0.251455
0.38376307 0.32187647 0.5233457 -0.24451217 -0.24207535 -0.0760645 -0.14865232
0.3472414 0.0032586753 0.49161986 -0.26487604 -0.19965822 -0.1024437 -0.15790218
0.5741478 0.5010649 0.406508 -0.07517636 -0.20887029 -0.1985529 -0.2764326
0.37192693 0.32769054 0.5502477 -0.2624388 -0.23386772 -0.05509641 -0.10088523
0.22836034 0.0054347813 0.5887592 -0.30514765 -0.42202103 -0.019989118 -0.14219329
0.2652425 0.21875522 0.5968947 -0.28353038 -0.37132728 -0.04015612 -0.14521614
0.33494774 0.13946792 0.5559197 -0.22277018 -0.3629281 -0.052290633 -0.21068808
0.41362938 0.35271966 0.4972297 -0.21036795 -0.22865823 -0.09139052 -0.1768008
0.29553398 0.38833648 0.63499177 -0.29029047 -0.3557124 -0.06175612 -0.07452724
0.2960053 0.30892324 0.59963185 -0.28370672 -0.33279794 -0.052376427 -0.12334733
0.41337207 0.23380566 0.50970495 -0.17249113 -0.3055128 -0.09603675 -0.24817824
0.45309094 0.39531115 0.4676501 -0.17222296 -0.20851369 -0.11103695 -0.20346762
0.41961244 0.3724019 0.56260884 -0.25667396 -0.16742195 -0.05108653 -0.046364833
0.32290903 0.23825966 0.60708535 -0.3262279 -0.22308901 -0.019945174 -0.032781526
0.384714 0.35080886 0.53044957 -0.2449971 -0.24014878 -0.07011217 -0.12770385
0.33490735 0.19900844 0.5842383 -0.33089906 -0.17263542 -0.049984083 -0.062097944
0.28218928 0.106653035 0.57611394 -0.2572406 -0.38159168 -0.03464453 -0.1771321
0.27285972 0.18758202 0.5879537 -0.30249116 -0.34016645 -0.032402605 -0.13135478
0.28237608 0.17242402 0.5971981 -0.34048593 -0.27476138 -0.0372649 -0.091523394
0.24602297 -0.0025978088 0.58095646 -0.3038473 -0.39616975 -0.025986575 -0.14469567
0.31082964 0.24327278 0.5909021 -0.30969384 -0.2539994 -0.034134567 -0.07967214
0.4049998 0.31935084 0.5408681 -0.26136938 -0.17671558 -0.069927216 -0.11823934
0.3219197 0.26258907 0.57448614 -0.28838626 -0.27240002 -0.045964934 -0.11356066
0.23680118 0.10366604 0.6422607 -0.40882227 -0.29232082 -0.006403193 -0.04329046
0.5138407 0.42971095 0.44577998 -0.155065 -0.10050052 -0.12589478 -0.22036958
0.46484226 0.37939906 0.48027724 -0.13781995 -0.27077425 -0.13931373 -0.24599579
0.33578056 0.119496435 0.5437542 -0.23950699 -0.32682425 -0.048516996 -0.1976743
0.38807538 0.35761097 0.5154722 -0.23063108 -0.25732 -0.08243521 -0.15731242
0.4544259 0.28667134 0.47334746 -0.15708113 -0.1876399 -0.11394638 -0.24634413
0.50713664 0.5052402 0.44852838 -0.11934802 -0.20790902 -0.14369836 -0.20147726
0.5040273 0.37969124 0.48020077 -0.20512486 -0.056107506 -0.11670249 -0.16173087
0.37554577 0.20017923 0.5376487 -0.19619873 -0.34909958 -0.08208817 -0.22930628
0.30853868 0.08168921 0.5432635 -0.31376946 -0.23451784 -0.06535617 -0.12985422
0.36329088 0.3070027 0.5548459 -0.27099955 -0.2340116 -0.05597852 -0.10436317
0.22021568 0.12265754 0.636641 -0.38576007 -0.3383987 0.0071280748 -0.06283238
0.4044107 0.32824916 0.49712056 -0.20070553 -0.25219753 -0.0906618 -0.19825146
0.32991347 0.19643685 0.56129646 -0.31651407 -0.22388437 -0.06033148 -0.11441831
0.40928173 0.30132905 0.496572 -0.23083094 -0.196194 -0.086989895 -0.18513069
0.3086847 0.19239426 0.59567195 -0.34045136 -0.21099813 -0.031410664 -0.049774393
0.44086668 0.43335915 0.5048632 -0.19935337 -0.2187424 -0.09324665 -0.13168381
0.35496303 0.16340896 0.52205974 -0.25378203 -0.24191935 -0.07170691 -0.17853594
0.3443783 0.16428915 0.52926546 -0.26139534 -0.26104087 -0.062449917 -0.17174746
0.30210745 0.12616968 0.5666737 -0.3353564 -0.23899409 -0.059050813 -0.112839356
0.41526976 0.36006707 0.5109092 -0.17319968 -0.30405697 -0.1198286 -0.22609618
0.26028746 0.16933072 0.59123546 -0.29639184 -0.36408842 -0.030230656 -0.13799337
0.45354348 0.29975957 0.5147716 -0.2602471 -0.038699962 -0.104726374 -0.12532699
0.3455547 0.24963962 0.5930784 -0.31002772 -0.18696037 -0.02759841 -0.038158745
0.30447108 0.08991483 0.56727695 -0.3610227 -0.18035017 -0.06827554 -0.0894014
0.3431467 0.12741509 0.5794904 -0.35429388 -0.074997626 -0.087467834 -0.06260631
0.34896892 0.25042766 0.5717921 -0.29890692 -0.20336583 -0.048346177 -0.08708862
0.30853337 0.21535519 0.5702687 -0.29756963 -0.2866019 -0.044908978 -0.12849504
0.45822963 0.35826 0.46936882 -0.19204202 -0.16157238 -0.106893234 -0.20382337
0.37131622 0.2483984 0.57854366 -0.2964607 -0.14148292 -0.047098488 -0.054606892
0.29532462 0.19543055 0.59970343 -0.3394912 -0.23826087 -0.029169738 -0.05811488
0.33366236 0.23302236 0.5673937 -0.30400383 -0.23097453 -0.053938083 -0.108845815
0.34854996 0.31747442 0.5556258 -0.26592737 -0.2712284 -0.054659 -0.116904676
0.33588704 0.16946408 0.5359269 -0.25750488 -0.29156074 -0.05208751 -0.17589347
0.4229022 0.3798437 0.48856723 -0.17408374 -0.27134794 -0.117508784 -0.21526642
0.26142967 -0.06651631 0.54378545 -0.3461932 -0.32650682 -0.051590443 -0.12450748
0.14327005 -0.051102877 0.6281807 -0.44978037 -0.37764692 -0.0064034015 -0.072942875
0.3605378 0.18323284 0.52001756 -0.29406023 -0.16821364 -0.0860757 -0.14604056
0.27777165 0.3198192 0.6115739 -0.27973273 -0.37793583 -0.06716047 -0.14473286
0.4224513 0.3078002 0.5095172 -0.2543791 -0.13088988 -0.086877264 -0.15497658
0.22833204 0.092241466 0.6301963 -0.39305145 -0.31512874 -0.009628296 -0.066041075
0.22579868 -0.010346085 0.59657073 -0.38180232 -0.35128602 -0.03135693 -0.10021488
0.3516274 0.2230738 0.5825901 -0.31438753 -0.15555316 -0.04610187 -0.057882935
0.45517942 0.28786695 0.47879153 -0.13576084 -0.26691204 -0.120325565 -0.26895165
0.23405974 0.25674045 0.6497594 -0.3346641 -0.36315477 -0.013269365 -0.07603112
0.4280871 0.19201688 0.49653488 -0.16694367 -0.2498944 -0.096758015 -0.28385073
0.33154088 0.21005207 0.54423136 -0.242455 -0.31890154 -0.05550228 -0.18911898
0.33958882 0.2690999 0.5433861 -0.25627106 -0.2833013 -0.05971186 -0.16348992
0.42304665 0.33053714 0.4886054 -0.20641741 -0.2085243 -0.09380555 -0.19596376
0.3387062 0.2262224 0.54946595 -0.2885614 -0.2445924 -0.05913663 -0.13147324
0.36909917 0.12799186 0.50396955 -0.23942381 -0.20764351 -0.093280055 -0.19429958
0.34376475 0.24701415 0.568593 -0.29971057 -0.21575545 -0.053137228 -0.10215843
0.3256428 0.31220496 0.5719101 -0.2728377 -0.3011008 -0.052903324 -0.12730093
0.4492512 0.2763881 0.46625134 -0.19482133 -0.12393463 -0.114677146 -0.22466856
0.39258593 0.30507225 0.5303709 -0.2586441 -0.20060024 -0.07486154 -0.14119607
0.39373523 0.31859052 0.54550856 -0.26241982 -0.19292517 -0.06472921 -0.10887225
0.26769423 0.16845232 0.61950207 -0.3628103 -0.26817375 -0.0147076845 -0.0501511
0.16103058 0.04279965 0.6161851 -0.32033896 -0.49477527 -0.0110467225 -0.14427446
0.4793955 0.53506815 0.48113886 -0.14043769 -0.24497809 -0.16583341 -0.18665427
0.19889686 0.13518232 0.63708913 -0.36600417 -0.38757193 0.0068371594 -0.08604122
0.2694088 0.03288701 0.57186306 -0.36336005 -0.26548237 -0.049233884 -0.10681827
0.34498012 0.22483835 0.5769712 -0.3156166 -0.18081823 -0.04709527 -0.07076363
0.43743423 0.34724662 0.47847992 -0.1602308 -0.24914868 -0.1118049 -0.22345339
0.37215456 0.34205234 0.5396011 -0.25275362 -0.2513015 -0.06465715 -0.11878541
0.3648494 0.23095386 0.51647145 -0.23859896 -0.25805396 -0.065459356 -0.18532877
0.24900427 0.2483981 0.6146053 -0.25875372 -0.42009532 -0.06084609 -0.16108331
0.33714384 0.36841333 0.5808263 -0.26202366 -0.3094182 -0.067945994 -0.11117909
0.28555927 0.20820016 0.6266061 -0.35067996 -0.26533747 -0.014834523 -0.037162025
0.16235012 0.17155203 0.6443556 -0.31391704 -0.47786593 -0.013899073 -0.14062372
0.35098162 0.16547126 0.5291907 -0.23810273 -0.29682583 -0.054360293 -0.19667152
0.3301665 0.15368265 0.5415925 -0.29094535 -0.24710795 -0.06295265 -0.14427267
0.20243746 0.07718262 0.64532965 -0.42499536 -0.3342557 0.0111605525 -0.04649186
0.4438575 0.25896722 0.4824604 -0.16388693 -0.19858395 -0.10678325 -0.25388342
0.39643514 0.26365668 0.50281024 -0.19633582 -0.25269464 -0.08147371 -0.217765
0.42124426 0.38453528 0.4818203 -0.18759918 -0.24754763 -0.10560944 -0.19587125
0.28574067 0.23784626 0.61131006 -0.32199454 -0.28497708 -0.018436432 -0.07124143
0.2965425 0.122250915 0.56326973 -0.29982328 -0.3048318 -0.04494047 -0.13794827
0.40465328 0.36339647 0.5031679 -0.2175043 -0.23522188 -0.0886867 -0.16557448
0.2810882 0.2558487 0.6592505 -0.36286652 -0.2968433 -0.01796472 0.029688016
0.4967587 0.3236801 0.46312425 -0.21834539 -0.014195576 -0.13418075 -0.2032944
0.2665836 0.114429146 0.6257531 -0.39684516 -0.23301698 -0.029200196 -0.028206155
0.33858526 0.19435295 0.56496626 -0.3242129 -0.17853859 -0.06430428 -0.10314982
0.27710196 0.0892064 0.57056004 -0.23161574 -0.4971369 -0.07727179 -0.22633296
0.33905485 0.3990363 0.59586346 -0.2624613 -0.31857067 -0.07646847 -0.10385163
0.35565853 0.38950145 0.6341804 -0.28382623 -0.285855 -0.053962618 -0.005787637
0.24603051 0.18724251 0.6424112 -0.3710814 -0.31698787 -0.0035055578 -0.042982224
0.29423055 0.27326387 0.6014339 -0.29668492 -0.30460626 -0.031258628 -0.098171964
0.29071143 -0.007008821 0.5461976 -0.2513568 -0.38362843 -0.04582026 -0.18959118
0.24926227 0.10288152 0.5997603 -0.3436424 -0.34169465 -0.02615793 -0.10850367
0.34864208 0.23206088 0.55246997 -0.18890008 -0.43466502 -0.112789035 -0.27465045
0.3831234 0.2822973 0.51168597 -0.23718229 -0.23530638 -0.075310394 -0.1767344
0.30294737 0.12664491 0.56676775 -0.24496755 -0.3666462 -0.039236717 -0.18901446
0.28346184 0.21841753 0.5792871 -0.28288305 -0.34515464 -0.04168705 -0.14626083
0.33827883 0.034271836 0.53458107 -0.35024312 -0.11414795 -0.099506855 -0.09505083
0.33328256 0.29726547 0.5836001 -0.28696543 -0.25907764 -0.035989314 -0.06960634
0.36635023 0.34566835 0.56613785 -0.26228783 -0.24421746 -0.048292205 -0.07722193
0.24813132 0.09580016 0.61962926 -0.38196415 -0.28900236 -0.027389407 -0.07271783
0.47551447 0.38067603 0.4501604 -0.14157999 -0.20898119 -0.13094546 -0.23436317
0.37599128 0.30315113 0.5452644 -0.26677847 -0.21905456 -0.064795464 -0.12398215
0.3697741 0.26210022 0.63162273 -0.3789478 -0.20726508 -0.012455463 0.041629724
0.39184478 0.3192156 0.5050343 -0.21103199 -0.26066136 -0.08519517 -0.19237778
0.24340668 0.22198048 0.6250986 -0.3227918 -0.35956854 -0.014805689 -0.10423066
0.31276757 0.1281521 0.56904113 -0.34962752 -0.17671496 -0.06761761 -0.091881745
0.23380199 0.22655874 0.65494746 -0.35905105 -0.34477353 -0.007812679 -0.02219067
0.35106862 0.32427782 0.5519899 -0.26219112 -0.279068 -0.05919283 -0.12875853
0.14934918 0.13477144 0.6455134 -0.3343513 -0.47354233 -0.002778113 -0.12460092
0.2744606 0.057795644 0.57447594 -0.25155255 -0.42202878 -0.043983117 -0.18094905
0.43229228 0.35528535 0.49338138 -0.16094676 -0.28749132 -0.12107149 -0.23296186
0.25329623 -0.007885039 0.5769731 -0.28321272 -0.4166444 -0.028351836 -0.16011456
0.38736978 0.34478295 0.5145966 -0.22968489 -0.25408253 -0.08226712 -0.16184561
0.291845 0.112386465 0.5751823 -0.3441217 -0.2530545 -0.054195195 -0.10773581
0.20254014 0.09116024 0.6218991 -0.34946948 -0.39824778 -0.0052936673 -0.106493324
0.2568367 0.21421582 0.604008 -0.2727054 -0.39485872 -0.043901756 -0.1499775
0.2793192 0.11891976 0.571428 -0.29445744 -0.33932757 -0.033603564 -0.1467524
0.31161758 0.18618253 0.6239251 -0.36721322 -0.21590823 -0.01403521 -0.004907474
0.36441448 0.41593617 0.54045075 -0.21157107 -0.31617376 -0.11567494 -0.18994427
0.26254573 0.11164537 0.58207744 -0.2869565 -0.3701269 -0.02586221 -0.1520615
0.4805503 0.4833326 0.47054553 -0.14905065 -0.21643516 -0.12613949 -0.17935656
0.21319848 0.23552763 0.63834447 -0.29009303 -0.438091 -0.03683491 -0.14045064
0.38669917 0.18124098 0.50906855 -0.21652785 -0.23122984 -0.08629461 -0.22032604
0.3273812 0.3449638 0.5692067 -0.2572642 -0.32578844 -0.07856508 -0.15064624
0.2989896 0.18486163 0.58466005 -0.3290795 -0.26195604 -0.045251712 -0.10175269
0.40806055 0.24976382 0.5256177 -0.2812803 -0.08898251 -0.08973457 -0.1311032
0.3882429 0.2513008 0.56937784 -0.29607806 -0.101250894 -0.06659487 -0.06641886
0.32091108 0.364847 0.6058123 -0.2760724 -0.31007507 -0.0602628 -0.07903189
0.32771957 0.3350551 0.58971334 -0.27778387 -0.29102972 -0.051306337 -0.07821442
0.6314497 0.40976816 0.39536744 -0.12717602 0.13763797 -0.24444728 -0.26466876
0.505587 0.5178056 0.46298665 -0.1282513 -0.2183536 -0.14419036 -0.17803627
0.3413165 0.4947442 0.5789943 -0.21155155 -0.35805488 -0.12736617 -0.18666396
0.36450917 0.3500545 0.5581653 -0.25769126 -0.25940937 -0.05520308 -0.090921
0.39236176 0.42920104 0.52383935 -0.20471007 -0.29337546 -0.115990624 -0.18174699
0.3213026 0.25074488 0.5861642 -0.3053447 -0.24240792 -0.037809104 -0.07869659
0.20161219 0.1766263 0.5971801 -0.25372663 -0.50954705 -0.071957044 -0.2248381
0.32210353 0.22982866 0.54785764 -0.25990167 -0.3061396 -0.051348984 -0.16851196
0.35875303 0.23621981 0.5330476 -0.28146037 -0.20843822 -0.071288474 -0.14480537
0.2524293 0.16057223 0.6054167 -0.33096883 -0.3429231 -0.021442115 -0.10985617
0.34274215 0.20829318 0.5569219 -0.31199443 -0.20048133 -0.06545407 -0.116378
0.20288056 0.042328358 0.6114435 -0.33033985 -0.426792 -0.009710401 -0.122528724
0.48422274 0.31769323 0.4508136 -0.13332877 -0.18035159 -0.13289788 -0.26288497
0.3834492 0.21282817 0.52795076 -0.2980775 -0.107963175 -0.089210644 -0.12591535
0.30692223 0.30010566 0.6438988 -0.32690263 -0.29054892 -0.028534368 -0.0015215911
0.39933497 0.21766022 0.5116427 -0.18919481 -0.28534058 -0.08117143 -0.23624963
0.260652 0.15413594 0.6059877 -0.34972268 -0.30930102 -0.02577947 -0.09199464
0.4389377 0.4752711 0.5392864 -0.19760123 -0.25264826 -0.10004638 -0.08042549
0.3821823 0.30858564 0.5635511 -0.27253857 -0.17713869 -0.041546494 -0.06884919
0.44362435 0.3557387 0.5055861 -0.15611619 -0.30257165 -0.13677451 -0.2451728
0.55419725 0.39896366 0.45027936 -0.1767619 -0.0077535883 -0.13678902 -0.19512472
0.27054062 0.18431535 0.5902472 -0.30627105 -0.3392254 -0.030824527 -0.12832095
0.41954762 0.24422929 0.48308268 -0.21568072 -0.15505783 -0.10149062 -0.21098119
0.33974296 0.13034844 0.5419694 -0.33597198 -0.13807127 -0.083257005 -0.10939453
0.26675156 0.22028464 0.64684796 -0.36292267 -0.29750958 -0.011796325 -0.02124612
0.39391196 0.36818165 0.5639646 -0.25077882 -0.20977208 -0.0526769 -0.06785731
0.36190462 0.30194768 0.52272856 -0.21643837 -0.29485995 -0.081805706 -0.1949255
0.26444894 0.21363911 0.6075116 -0.31865275 -0.32329935 -0.019285932 -0.09826481
0.459814 0.36082518 0.46368605 -0.1713736 -0.18964875 -0.111061096 -0.21633816
0.43396956 0.34263158 0.51530844 -0.23900597 -0.15052639 -0.08410362 -0.14345074
0.37272024 0.26968294 0.5645999 -0.28911456 -0.17430133 -0.055671155 -0.08822903
0.3206554 0.21427248 0.5489286 -0.2617739 -0.3072354 -0.049742274 -0.16928953
0.3130028 0.1610989 0.55626464 -0.2923988 -0.28498915 -0.04922515 -0.13910192
0.42199057 0.33961433 0.49136633 -0.20835286 -0.21258461 -0.09296075 -0.18886137
0.46323922 0.23232016 0.49002784 -0.13423032 -0.33317906 -0.13711129 -0.29150522
0.45068413 0.28480953 0.47624385 -0.15707287 -0.1970185 -0.1121766 -0.24578188
0.44542906 0.35244018 0.47366095 -0.1847587 -0.19369513 -0.10351119 -0.20815559
0.31081352 0.19385272 0.5543889 -0.26334703 -0.32271206 -0.047475666 -0.17106879
0.261042 0.062630475 0.5835472 -0.33849037 -0.3269959 -0.034903005 -0.116191074
0.36830628 0.2863226 0.54156286 -0.20134956 -0.3400042 -0.095527545 -0.21373418
0.471452 0.40640393 0.4511515 -0.15329693 -0.20681326 -0.12518817 -0.22053316
0.45352313 0.30260682 0.46862864 -0.1711263 -0.17348726 -0.11129795 -0.23064683
0.37346834 0.31196564 0.5464076 -0.26485705 -0.22707887 -0.06280313 -0.117189094
0.40132743 0.25198248 0.49828416 -0.25037432 -0.16538113 -0.08535166 -0.181829
0.32384527 0.2534836 0.5885834 -0.30842888 -0.23165697 -0.030489296 -0.06252025
0.36543113 0.35085267 0.5277661 -0.23767626 -0.28465497 -0.081924126 -0.15940712
0.3005013 0.22585952 0.5710221 -0.28610522 -0.312876 -0.04233615 -0.13969207
0.2859597 0.009379566 0.5478405 -0.2847449 -0.34742433 -0.044134684 -0.16140406
0.3813491 0.35884258 0.5510974 -0.2511829 -0.23782729 -0.056457996 -0.09260615
0.44930738 0.25974005 0.47039685 -0.19470736 -0.10722564 -0.12627251 -0.22691537
0.38755453 0.31662267 0.55271435 -0.2664141 -0.19162175 -0.055146337 -0.09296886
0.38691488 0.23082894 0.5441197 -0.30009943 -0.111352004 -0.08166067 -0.1127865
0.3918674 0.3326705 0.5294304 -0.24829386 -0.21953055 -0.07298397 -0.13423108
0.39413014 0.29311118 0.5042635 -0.19701813 -0.26128787 -0.08574098 -0.20733431
0.35991317 0.12113252 0.5236751 -0.22693995 -0.27425146 -0.07520809 -0.21228234
0.29367134 0.25895488 0.58082557 -0.28531986 -0.32206964 -0.043101452 -0.13582897
0.3735206 0.25734025 0.5308145 -0.1956493 -0.3198477 -0.08530094 -0.2201646
0.43778726 0.35863334 0.48213822 -0.19413446 -0.20326158 -0.099169955 -0.19603474
0.40770262 0.3005303 0.5611595 -0.27230626 -0.115210466 -0.06869955 -0.07574737
0.28646082 0.2508432 0.5879694 -0.26190233 -0.36767972 -0.056733146 -0.1607538
0.30757564 -0.0035320222 0.53491807 -0.2434428 -0.3692376 -0.051572055 -0.19946454
0.3896914 0.29021835 0.53229105 -0.18999961 -0.33517948 -0.10685788 -0.22611278
0.2525026 0.097693235 0.5872719 -0.27859896 -0.3953219 -0.026166111 -0.15858674
0.35493308 0.012724757 0.5090145 -0.20222408 -0.3695776 -0.06435929 -0.2474598
0.37144333 0.2762375 0.5180692 -0.22032739 -0.27025187 -0.07384661 -0.19440192
0.49446493 0.41127262 0.5090113 -0.20853193 -0.069758356 -0.11379749 -0.12156085
0.32669002 0.22985998 0.6137358 -0.338023 -0.21752366 -0.015037671 -0.016205586
0.23481944 -0.0037944913 0.5833366 -0.29382664 -0.4314894 -0.023771457 -0.15118122
0.31806022 0.19309139 0.5535929 -0.27912915 -0.28795838 -0.049799897 -0.14983773
0.3224944 0.27407998 0.56986153 -0.22508723 -0.36452985 -0.0804117 -0.19453022
