11250,590,5076,27020,344,189,19209
10908,18488,15408,19929,11493
7866,572,9308,29538,26172,15512,8352,10341,29361,14961
1002,17172,27392,26237,4293,26888,25173
16506,15386,3452,26762,5972,1472,5553
3942,19958,2822,13196,19202,17928,3717
11370,14450,1514,24824,16088,7232,8541,11181,16977
16794,15674,24242,3452,22052,7232,25677,16821,21461
24246,5018,13874,9828,17408,23373,13209
17330,19760,15525,1785
1458,11468,24404,1604,13484,9248,10809,2073
27900,11444,7364,19298,9288,3933,9408,12333
1098,21258,22532,12312,15237
7254,11754,10598,19298,3128,19872,14517
11082,14162,17528,19298,9288,5088,18333,14133
21558,28188,17528,26096,8352,10341,16137
1890,26474,17618,4242,20412,29421
11754,23634,8114,20084,28940,24285
27162,3852,21596,7196,5832,10472,22253,19173
306,6102,29322,12578,28098,7274,9704,27149
10908,18488,15408,19929,27509,14265
10236,28836,941,2592,1317
2106,14756,24752,27392,14457
19530,28098,15008,5832,14841
12780,16994,824,18248,9149,15933,10137
20064,14400,26280,13190,23850
18885,5949,10184,22988,11108,13748,12474,16554
26181,16016,1652,378,26118,16122,24858
7929,3848,12704,11549,14189,19544,6300
1881,4752,12332,10562,1058,23004,11034
5529,5088,9288,5922,9002,266,19206
13809,8013,9288,5922,14778,19146
25797,29997,23213,10004,6300,27090
24285,28485,19440,5229,29813,9428,572,7866
11901,20469,23549,11768,10172,27462,25866
23232,2408,25508,22428,24858
21873,7509,21909,23184,12524,16074,17634,27644,3060,23850
1056,8141,27216,26096,11732,22106,28566
5853,23157,8352,24368,15800,28890
14457,14016,22752,3236,806
20397,16317,1512,3128,1532,18822
2637,17037,17192,9612,722,18012,24642
13557,621,3492,2372,1098
23997,624,17928,27938,24858,26418,678
21609,15813,12888,10172,19028,9018,10614
3285,18144,9288,19298,29462,13446
25437,19872,12578,18374,11898
9417,12357,28373,15624,28868,4338
2901,21920,2900,11468,13028,4172,16106
16101,19805,9794,15800,26460
