19209,590,344,27020,189,5076
18488,19929,15408,10908,11493
26172,572,29361,9308,8352,15512
26888,27392,1002,4293,17172
3452,5972,15386,1472
17928,19202,3717,13196,2822
11181,24824,16977,16088,7232,14450,8541
15674,25677,24242,16821,7232,22052
5018,24246,13874,17408,9828,23373
19760,1785
9248,24404,1604,10809
19298,9408,9288,11444
12312,1098,21258,22532
14517,10598,11754,19298,3128
5088,19298,14133,17528,18333,11082
26096,21558,10341,8352,28188
26474,17618,4242,1890,20412
23634,20084
21596,5832,22253,3852,7196
7274,6102,29322,28098,27149,9704
18488,19929,27509,15408,10908
28836,2592,941
14756,27392,24752
28098,5832,15008
15933,12780,9149,824
20064,13190,26280
22988,10184,13748,5949
1652,26118,26181
14189,11549,12704,19544
1058,4752,23004,12332
266,19206,9288,5922,9002
19146,8013,9288,5922
10004,23213,29997,6300
9428,5229,19440,29813,28485
20469,23549,10172,27462
22428,2408
21909,12524,17634,16074,3060,7509
8141,28566,27216,22106,11732
8352,15800,24368,23157
22752,3236
1532,18822,16317,1512
18012,24642,722,17192,17037
1098,3492,13557,2372
24858,27938,26418,624
12888,10172,19028,15813,9018,10614
29462,3285,19298,18144,9288
19872,12578,11898,18374,25437
28373,15624,12357,4338,28868
2900,4172,16106,21920,13028,11468
16101,15800,26460,19805,9794
