1.149600259393734092e+01
9.814100604919342885e+00
9.388241524847343200e+00
1.108035218261850652e+01
-1.000000000000000000e+00
1.302828504162990697e+01
-1.000000000000000000e+00
1.532462050260277309e+01
-1.000000000000000000e+00
1.302828504162990697e+01
8.107179191117163342e+00
1.178206804828469778e+01
8.786430466154602215e+00
1.165840511652607248e+01
1.342983479028323046e+01
-1.000000000000000000e+00
9.489902448844533822e+00
1.125837315023050067e+01
1.109258704181829103e+01
9.006333674472589479e+00
-1.000000000000000000e+00
5.996349501957425332e+00
6.845122858739894234e+00
-1.000000000000000000e+00
1.302828504162990697e+01
-1.000000000000000000e+00
1.181830771117469681e+01
6.748809556500185991e+00
7.175494562354316486e+00
9.166991372070731003e+00
1.178206804828469778e+01
-1.000000000000000000e+00
7.973537780849875745e+00
7.394955174231812478e+00
1.147503268846154612e+01
8.736864178273169301e+00
6.872019459644965522e+00
-1.000000000000000000e+00
1.450140267931707072e+01
8.789921034520578047e+00
1.204396308580386155e+01
-1.000000000000000000e+00
-1.000000000000000000e+00
1.157277982059853372e+01
8.599655542101228178e+00
6.689338686518977894e+00
7.419401994022786440e+00
-1.000000000000000000e+00
1.236972235595069236e+01
-1.000000000000000000e+00
1.193994983431691459e+01
8.058816164585676844e+00
-1.000000000000000000e+00
-1.000000000000000000e+00
1.227778126963846717e+01
7.629319699815264144e+00
-1.000000000000000000e+00
-1.000000000000000000e+00
1.223042194549810091e+01
8.341972910069074487e+00
6.496276817606524645e+00
7.998022536230800839e+00
1.397563893031308524e+01
5.574624433015459957e+00
7.888488347836087655e+00
8.044488231120269006e+00
1.426407852967716039e+01
7.145422479402171234e+00
7.294654348102286079e+00
6.689338686518977894e+00
7.613383659055219077e+00
1.128558697124369559e+01
1.165840511652607248e+01
1.297358090839106382e+01
6.970974971070350357e+00
9.743580364447225861e+00
9.864731165043867378e+00
-1.000000000000000000e+00
7.376676807659576340e+00
7.849838666535958964e+00
-1.000000000000000000e+00
9.390004804158660789e+00
1.002711250544960464e+01
-1.000000000000000000e+00
-1.000000000000000000e+00
7.034147017064636742e+00
-1.000000000000000000e+00
8.468658439224538981e+00
7.656867064970597880e+00
-1.000000000000000000e+00
8.635451515350744955e+00
8.026368854661701135e+00
1.134017928385857310e+01
1.168263230805999875e+01
1.278147461462213030e+01
1.064266910751756434e+01
8.789921034520578047e+00
9.542694812369724389e+00
-1.000000000000000000e+00
9.732427228320704060e+00
