1.720112172122196625e+01
1.232789075948562996e+01
9.490826117724544986e+00
8.150172485556609558e+00
-1.000000000000000000e+00
-1.000000000000000000e+00
-1.000000000000000000e+00
-1.000000000000000000e+00
-1.000000000000000000e+00
-1.000000000000000000e+00
6.543157090114616992e+00
1.020915060686466447e+01
1.673115096761632614e+01
8.160952925347931597e+00
9.256749787277618324e+00
2.541109936810720171e+01
1.969029883891553112e+01
1.653010352174912256e+01
9.510391611388062216e+00
-1.000000000000000000e+00
2.101645924587616321e+01
7.181356123068628250e+00
-1.000000000000000000e+00
2.105239119606884657e+01
-1.000000000000000000e+00
1.813182298256050018e+01
1.253637318693746039e+01
7.628501183868582558e+00
7.647694635325618329e+00
9.767951704553915704e+00
1.020915060686466447e+01
1.914658731170653994e+01
1.111426654910645162e+01
8.623434422833573976e+00
1.149887233163405575e+01
8.913099595870997760e+00
9.027694683795820296e+00
2.657859052675386735e+01
1.345715258588760577e+01
1.554546768558016900e+01
1.482341350024337245e+01
-1.000000000000000000e+00
1.266620680296678181e+01
1.176693784347584781e+01
1.498512199819419699e+01
1.107551201713193834e+01
6.328249414861949695e+00
-1.000000000000000000e+00
-1.000000000000000000e+00
1.821267712522797666e+01
1.118275104619899096e+01
5.336931681512615100e+00
-1.000000000000000000e+00
-1.000000000000000000e+00
1.779041768999713469e+01
1.182859130182104757e+01
1.289368894297748724e+01
-1.000000000000000000e+00
-1.000000000000000000e+00
-1.000000000000000000e+00
7.334635058201444124e+00
1.297670656801663114e+01
-1.000000000000000000e+00
8.677280900490108806e+00
1.008924864153436474e+01
1.750359195948263391e+01
9.746700776281528533e+00
-1.000000000000000000e+00
1.100717734157952776e+01
1.107551201713193834e+01
6.703647071151438652e+00
1.748350513762071046e+01
8.160952925347931597e+00
1.121516102907088097e+01
6.763979432907271772e+00
-1.000000000000000000e+00
1.518869812162483868e+01
1.821267712522797666e+01
8.523901513228267390e+00
6.924223045369055640e+00
-1.000000000000000000e+00
7.216610078699619457e+00
1.320274415548345281e+01
3.051370252752899859e+01
-1.000000000000000000e+00
1.209240097449709594e+01
-1.000000000000000000e+00
1.791307831932062911e+01
7.099416112263224221e+00
-1.000000000000000000e+00
1.306789545140461328e+01
8.109044925937926251e+00
1.135237468391652271e+01
-1.000000000000000000e+00
1.089802562533927954e+01
8.443115224142593078e+00
1.554546768558016900e+01
1.102873909284509857e+01
-1.000000000000000000e+00
-1.000000000000000000e+00
