1.370303908728742925e+01
2.269177318053935011e+01
9.388241524847343200e+00
7.225576324083030855e+00
-1.000000000000000000e+00
1.707312420950007947e+01
-1.000000000000000000e+00
1.725422141029066481e+01
-1.000000000000000000e+00
1.707312420950007947e+01
9.307706005115289116e+00
1.674038330487343273e+01
1.494186667058087536e+01
1.675439253950531793e+01
-1.000000000000000000e+00
-1.000000000000000000e+00
9.457081442039893204e+00
1.193836407140013023e+01
-1.000000000000000000e+00
1.018540267025053936e+01
-1.000000000000000000e+00
5.996349501957425332e+00
9.607519336767760265e+00
1.157860818035669759e+01
1.707312420950007947e+01
-1.000000000000000000e+00
1.549599545524464261e+01
6.748809556500185991e+00
1.174751407408122716e+01
1.852802050707738601e+01
1.674038330487343273e+01
-1.000000000000000000e+00
-1.000000000000000000e+00
7.830018631698687059e+00
1.417883205439134997e+01
8.736864178273169301e+00
6.872019459644965522e+00
-1.000000000000000000e+00
8.879214248732335335e+00
1.461481398285105371e+01
1.391268093543583539e+01
-1.000000000000000000e+00
-1.000000000000000000e+00
-1.000000000000000000e+00
1.051016809640812610e+01
1.010262393726518404e+01
1.432034199925142026e+01
-1.000000000000000000e+00
1.944755525561712872e+01
-1.000000000000000000e+00
1.783692782311477742e+01
1.270705813814875285e+01
-1.000000000000000000e+00
-1.000000000000000000e+00
1.941286739435530961e+01
9.164688429635951650e+00
-1.000000000000000000e+00
-1.000000000000000000e+00
-1.000000000000000000e+00
1.125086499273763962e+01
1.051167791507028682e+01
1.045210449757137816e+01
-1.000000000000000000e+00
5.574624433015459957e+00
9.823624738305340998e+00
2.028466165558712930e+01
1.876982921709950247e+01
1.671424102822403412e+01
7.294654348102286079e+00
1.010262393726518404e+01
9.280975182376572263e+00
-1.000000000000000000e+00
1.675439253950531793e+01
1.567561899344035048e+01
7.694718757629482653e+00
9.743580364447225861e+00
9.816588865673416819e+00
-1.000000000000000000e+00
8.708753597265014079e+00
1.356123699963649187e+01
-1.000000000000000000e+00
1.033067505987824930e+01
1.002711250544960642e+01
-1.000000000000000000e+00
1.622829717470482791e+01
5.648231805181240794e+00
8.510388659844899450e+00
1.020079642165643641e+01
9.959963287808299981e+00
-1.000000000000000000e+00
1.285055561567687121e+01
9.142955854875129518e+00
1.633005646622533291e+01
1.454964243902915655e+01
1.567432552897936304e+01
1.103302782181492248e+01
1.461481398285105371e+01
1.020121775024741062e+01
-1.000000000000000000e+00
1.222128581444645157e+01
