1.074955023853487468e+01
7.980686646210921609e+00
7.838987458348452009e+00
6.490302368586044146e+00
2.132793286054775095e+01
-1.000000000000000000e+00
-1.000000000000000000e+00
1.251601933344299589e+01
-1.000000000000000000e+00
-1.000000000000000000e+00
7.019693492740236351e+00
1.170793473048760625e+01
1.128579443196856680e+01
7.986796319109747522e+00
7.688132976939481722e+00
1.512651540491611968e+01
8.219051865972954118e+00
1.046319253310079311e+01
9.568213654371582777e+00
8.943321257989341078e+00
1.552763348397302146e+01
5.727014653250145138e+00
6.334014768165650011e+00
1.144768442931597008e+01
-1.000000000000000000e+00
1.261760934604740925e+01
1.233566309475035894e+01
7.247756455329215974e+00
8.834210079696330098e+00
9.562956602978957221e+00
1.170793473048760625e+01
1.619314663536816568e+01
7.527522373751015294e+00
5.842643144581745496e+00
7.847381340779838510e+00
8.470258766272682038e+00
7.487006563478636245e+00
1.042887085857777762e+01
5.416986425864902088e+00
1.053246496368997853e+01
1.171138115153432402e+01
2.081823463906205873e+01
1.431719789403281951e+01
7.053459836910482395e+00
9.642720319728020684e+00
8.582788440891885529e+00
7.250799060962373588e+00
1.091715396938811011e+01
6.819431065682768356e+00
1.609670523623512750e+01
1.077082001009802603e+01
6.496526034247709802e+00
1.959272496279846010e+01
1.068258440067508275e+01
1.097689557808970662e+01
8.785866623533873820e+00
-1.000000000000000000e+00
7.178746447114385809e+00
9.275484078761175866e+00
7.819258432572515183e+00
7.173265125681009380e+00
6.132197605974073262e+00
1.398370642875823933e+01
7.292644760044435515e+00
7.002524687662392999e+00
9.390947013602179538e+00
1.267277018752627171e+01
7.938306819731513642e+00
1.070830909577549050e+01
8.582788440891885529e+00
6.134034807905420550e+00
6.820124224596973761e+00
7.986796319109747522e+00
6.774070080658299631e+00
5.520033385611041510e+00
8.316697490369781676e+00
8.652927520216318058e+00
1.609670523623512750e+01
6.522601666289432387e+00
7.312707473355937182e+00
-1.000000000000000000e+00
7.490892552268443083e+00
1.142074053857478333e+01
1.610382928701540806e+01
1.301114004038772620e+01
6.021661057715984811e+00
1.053831868419210593e+01
9.677725584994028907e+00
7.452075211071566230e+00
2.080201861807199393e+01
6.899950497105386660e+00
6.790400909063322388e+00
1.115575465262196175e+01
1.337797087240125293e+01
1.194429637198579286e+01
1.039398937583799309e+01
1.053246496368997853e+01
9.186436646233669734e+00
-1.000000000000000000e+00
6.100177050952469315e+00
