-1.000000000000000000e+00
-1.000000000000000000e+00
9.388241524847343200e+00
-1.000000000000000000e+00
-1.000000000000000000e+00
1.714430818205033802e+01
-1.000000000000000000e+00
-1.000000000000000000e+00
-1.000000000000000000e+00
1.714430818205033802e+01
9.307706005115289116e+00
1.912093769643627184e+01
-1.000000000000000000e+00
-1.000000000000000000e+00
-1.000000000000000000e+00
-1.000000000000000000e+00
-1.000000000000000000e+00
1.563275984110936356e+01
-1.000000000000000000e+00
1.097109513118937762e+01
-1.000000000000000000e+00
5.996349501957425332e+00
6.845122858739894234e+00
-1.000000000000000000e+00
1.714430818205033802e+01
-1.000000000000000000e+00
1.915717735932626908e+01
6.748809556500185991e+00
1.174751407408122716e+01
-1.000000000000000000e+00
1.912093769643627184e+01
-1.000000000000000000e+00
-1.000000000000000000e+00
1.010625347573732391e+01
1.349538493757690816e+01
-1.000000000000000000e+00
6.872019459644965522e+00
-1.000000000000000000e+00
-1.000000000000000000e+00
-1.000000000000000000e+00
1.859522482769629903e+01
-1.000000000000000000e+00
-1.000000000000000000e+00
-1.000000000000000000e+00
-1.000000000000000000e+00
1.010262393726518226e+01
8.966252426234142092e+00
-1.000000000000000000e+00
-1.000000000000000000e+00
-1.000000000000000000e+00
1.324425666845352723e+01
1.270705813814875285e+01
-1.000000000000000000e+00
-1.000000000000000000e+00
-1.000000000000000000e+00
-1.000000000000000000e+00
-1.000000000000000000e+00
-1.000000000000000000e+00
-1.000000000000000000e+00
1.125086499273763962e+01
1.460208723128054764e+01
1.045210449757137816e+01
-1.000000000000000000e+00
5.574624433015459957e+00
9.823624738305342774e+00
-1.000000000000000000e+00
-1.000000000000000000e+00
-1.000000000000000000e+00
1.039384022209364389e+01
1.010262393726518226e+01
-1.000000000000000000e+00
-1.000000000000000000e+00
-1.000000000000000000e+00
-1.000000000000000000e+00
7.694718757629482653e+00
-1.000000000000000000e+00
9.816588865673418596e+00
-1.000000000000000000e+00
8.708753597265014079e+00
9.649565452827211232e+00
-1.000000000000000000e+00
1.360306490252278877e+01
1.002711250544960464e+01
-1.000000000000000000e+00
-1.000000000000000000e+00
8.138592354366814163e+00
-1.000000000000000000e+00
-1.000000000000000000e+00
1.276905866230345055e+01
-1.000000000000000000e+00
1.285055561567687121e+01
1.668341673427914174e+01
1.698549217508976383e+01
1.625698382849579104e+01
-1.000000000000000000e+00
1.103302782181492248e+01
-1.000000000000000000e+00
1.156304706148508643e+01
-1.000000000000000000e+00
1.029178323143842810e+01
