1.186172169618609118e+01
8.681776006332595941e+00
1.373298742555455476e+01
9.771680017427428311e+00
-1.000000000000000000e+00
-1.000000000000000000e+00
-1.000000000000000000e+00
-1.000000000000000000e+00
-1.000000000000000000e+00
-1.000000000000000000e+00
8.213741254986988594e+00
1.482623576837959511e+01
1.641961055511888290e+01
1.280717658319039565e+01
8.845611153793015546e+00
-1.000000000000000000e+00
1.264639291870274640e+01
1.859257295117092212e+01
1.847046415906214634e+01
1.313190878930309680e+01
-1.000000000000000000e+00
1.374959465396647751e+01
7.290862337978401442e+00
-1.000000000000000000e+00
-1.000000000000000000e+00
-1.000000000000000000e+00
1.569099799985321475e+01
1.762757447936724731e+01
1.256203590566400052e+01
1.713155840054909262e+01
1.482623576837959511e+01
-1.000000000000000000e+00
1.258391402870058684e+01
8.222464295738550533e+00
1.229682072554233763e+01
1.594475110142477625e+01
1.169831749231878781e+01
-1.000000000000000000e+00
5.416986425864902088e+00
1.320219914922681426e+01
2.078800397863680161e+01
-1.000000000000000000e+00
-1.000000000000000000e+00
1.148362133074592606e+01
1.169906427087130574e+01
1.482098122414229735e+01
1.464222822331510443e+01
-1.000000000000000000e+00
1.686438549782937457e+01
-1.000000000000000000e+00
1.275008909276238889e+01
1.467063587570552130e+01
-1.000000000000000000e+00
1.659386468861486108e+01
1.721637388449075345e+01
-1.000000000000000000e+00
-1.000000000000000000e+00
1.156821197237630727e+01
1.561249922591618855e+01
9.539315917272167766e+00
1.644303263464347609e+01
1.025042790765085599e+01
-1.000000000000000000e+00
1.628113589844342357e+01
1.391167181948416065e+01
1.630128746789910821e+01
-1.000000000000000000e+00
1.082767687675047164e+01
-1.000000000000000000e+00
1.482098122414229735e+01
6.134034807905420550e+00
-1.000000000000000000e+00
1.280717658319039565e+01
1.088852019165224050e+01
8.271976864942509167e+00
1.243877109245130086e+01
1.523610945972684938e+01
-1.000000000000000000e+00
1.184638132426195156e+01
1.297031687505940667e+01
-1.000000000000000000e+00
1.304740208537332258e+01
-1.000000000000000000e+00
-1.000000000000000000e+00
-1.000000000000000000e+00
6.021661057715984811e+00
1.760617538021388029e+01
1.159291296350176204e+01
8.130401089788342972e+00
-1.000000000000000000e+00
7.940841022376288194e+00
1.482345178088278814e+01
1.542475818204775351e+01
-1.000000000000000000e+00
1.496306811001856474e+01
1.525770790230270535e+01
1.320219914922681426e+01
-1.000000000000000000e+00
-1.000000000000000000e+00
7.895511031387862033e+00
