1.245452463254620490e+01
1.017783918483786998e+01
-1.000000000000000000e+00
1.058849157880669623e+01
-1.000000000000000000e+00
-1.000000000000000000e+00
-1.000000000000000000e+00
-1.000000000000000000e+00
-1.000000000000000000e+00
-1.000000000000000000e+00
6.447576769463729818e+00
9.841148267279621109e+00
-1.000000000000000000e+00
9.582397755460849709e+00
8.315562605140867092e+00
-1.000000000000000000e+00
9.646000537329735280e+00
1.170925126959148166e+01
1.511960939196518972e+01
1.181265882534425238e+01
-1.000000000000000000e+00
5.153885055034605145e+00
8.134828157558098738e+00
-1.000000000000000000e+00
-1.000000000000000000e+00
-1.000000000000000000e+00
1.307925439196062634e+01
6.588033398648518002e+00
1.161697081349390359e+01
1.128961903234262465e+01
9.841148267279621109e+00
-1.000000000000000000e+00
5.805685130285148432e+00
1.378788302246588060e+01
1.396305044664648065e+01
1.032521126670894773e+01
9.273549519830639909e+00
-1.000000000000000000e+00
1.050626908751116417e+01
1.059144868493527625e+01
-1.000000000000000000e+00
-1.000000000000000000e+00
-1.000000000000000000e+00
1.262835386750580113e+01
9.449103943493112112e+00
1.360473558268504135e+01
6.679680502129439645e+00
-1.000000000000000000e+00
-1.000000000000000000e+00
-1.000000000000000000e+00
-1.000000000000000000e+00
7.831389685730902883e+00
-1.000000000000000000e+00
-1.000000000000000000e+00
1.692648110018749819e+01
1.180030731473362238e+01
-1.000000000000000000e+00
8.183967078379161819e+00
1.237802513469428867e+01
9.703504665524622652e+00
7.235962881228966026e+00
1.314876063262794048e+01
-1.000000000000000000e+00
5.614147415499465055e+00
-1.000000000000000000e+00
8.994368042055292278e+00
-1.000000000000000000e+00
1.005184880550664062e+01
9.266019083956045677e+00
1.360473558268504135e+01
-1.000000000000000000e+00
-1.000000000000000000e+00
9.582397755460849709e+00
1.370613850275678658e+01
8.625241962262416351e+00
-1.000000000000000000e+00
1.288369953584918193e+01
-1.000000000000000000e+00
8.642607750490192586e+00
5.960708191302078518e+00
-1.000000000000000000e+00
1.117506822106185282e+01
1.149946351896760888e+01
-1.000000000000000000e+00
1.667112568419689111e+01
6.107545113179929430e+00
1.745695249870911425e+01
1.647920889412112899e+01
6.715322670264198379e+00
-1.000000000000000000e+00
7.052404442481150504e+00
5.972129495031509805e+00
1.390798706447132638e+01
1.323597730878024947e+01
1.314494581582141031e+01
9.101139000819356895e+00
1.059144868493527625e+01
1.524932234605522119e+01
-1.000000000000000000e+00
6.801543221083355739e+00
