1.186172169618609118e+01
8.681776006332595941e+00
1.055824164003490573e+01
8.233876741414331235e+00
-1.000000000000000000e+00
-1.000000000000000000e+00
-1.000000000000000000e+00
-1.000000000000000000e+00
-1.000000000000000000e+00
-1.000000000000000000e+00
8.213741254986988594e+00
1.482623576837959511e+01
1.641961055511888290e+01
1.226026388999745009e+01
7.688132976939481722e+00
-1.000000000000000000e+00
1.237184176214764619e+01
1.488156475327635775e+01
1.508350074079176650e+01
1.313190878930309680e+01
-1.000000000000000000e+00
6.443922195065480807e+00
7.290862337978401442e+00
1.423415811459030955e+01
-1.000000000000000000e+00
-1.000000000000000000e+00
1.523713442269962925e+01
1.119252590857339236e+01
1.107152066338811025e+01
1.221230412064245563e+01
1.482623576837959511e+01
-1.000000000000000000e+00
1.028656968230464486e+01
6.805215963624311470e+00
1.229682072554233763e+01
1.363580049076539957e+01
9.147047946428912724e+00
-1.000000000000000000e+00
-1.000000000000000000e+00
1.291303245890197537e+01
1.600631082642971847e+01
-1.000000000000000000e+00
-1.000000000000000000e+00
9.823511578328034233e+00
1.169906427087130574e+01
1.230568489522465825e+01
8.803043940782622201e+00
-1.000000000000000000e+00
1.110830956615446041e+01
-1.000000000000000000e+00
1.275008909276238889e+01
1.295702579338386506e+01
-1.000000000000000000e+00
1.659386468861486108e+01
1.246587509360674417e+01
-1.000000000000000000e+00
-1.000000000000000000e+00
-1.000000000000000000e+00
1.343021631524566928e+01
9.539315917272167766e+00
1.307670271324574607e+01
1.025042790765085599e+01
1.647955636581648520e+01
1.052158212310773777e+01
1.277604595575698809e+01
1.231338953452670637e+01
-1.000000000000000000e+00
1.019394890403878584e+01
-1.000000000000000000e+00
1.230568489522465825e+01
6.134034807905420550e+00
-1.000000000000000000e+00
1.226026388999745009e+01
-1.000000000000000000e+00
-1.000000000000000000e+00
1.243877109245130086e+01
1.523610945972684938e+01
-1.000000000000000000e+00
8.677463488809459946e+00
1.157112971639873322e+01
-1.000000000000000000e+00
1.238340590305197431e+01
-1.000000000000000000e+00
-1.000000000000000000e+00
1.844781017224336495e+01
6.021661057715984811e+00
1.333438009548590131e+01
1.159291296350176204e+01
8.130401089788342972e+00
-1.000000000000000000e+00
7.940841022376288194e+00
9.064581667965786238e+00
1.432750821719223211e+01
-1.000000000000000000e+00
1.472518736205104517e+01
1.228238121955665108e+01
1.291303245890197537e+01
1.575377107976468416e+01
-1.000000000000000000e+00
7.895511031387862033e+00
