9.676503998651032390e+00
9.732111795102969865e+00
1.190261873224397249e+01
6.168686907080854098e+00
-1.000000000000000000e+00
-1.000000000000000000e+00
-1.000000000000000000e+00
-1.000000000000000000e+00
-1.000000000000000000e+00
-1.000000000000000000e+00
7.417214266584774229e+00
1.311466737455830511e+01
1.404056432594447479e+01
1.224389297532534293e+01
9.748193581623276316e+00
-1.000000000000000000e+00
9.162061327273944400e+00
1.138823730012974700e+01
1.129125334030038985e+01
1.019499252652957644e+01
-1.000000000000000000e+00
8.565025774249068746e+00
8.996553376496612131e+00
1.998422327333078030e+01
-1.000000000000000000e+00
-1.000000000000000000e+00
1.277528890972670439e+01
9.619320056760154003e+00
1.179410257137123175e+01
1.031447127736289460e+01
1.311466737455830511e+01
-1.000000000000000000e+00
1.123946146277732439e+01
6.255274421339354518e+00
1.019983768782072531e+01
-1.000000000000000000e+00
1.074592728739516190e+01
-1.000000000000000000e+00
-1.000000000000000000e+00
1.242765259880077799e+01
1.236206489111950546e+01
-1.000000000000000000e+00
-1.000000000000000000e+00
8.271260159451081506e+00
1.080751658141048921e+01
1.016703713634397488e+01
4.912615070158744324e+00
1.220334212117777639e+01
8.441216287271945617e+00
-1.000000000000000000e+00
1.185940012403031218e+01
8.686985308381704129e+00
-1.000000000000000000e+00
-1.000000000000000000e+00
1.144364059571586090e+01
9.516602475431845676e+00
-1.000000000000000000e+00
9.627478132865521232e+00
1.244218747498522859e+01
9.019679978917725549e+00
9.693247270525047199e+00
6.634250573652482608e+00
1.219979221611552767e+01
7.166320029044685569e+00
8.511105522125813394e+00
1.089545256106696591e+01
1.016409490121485248e+01
7.014112162360222058e+00
9.753586772203659550e+00
1.016703713634397488e+01
5.966016735710509167e+00
9.998516567107795794e+00
1.224389297532534293e+01
-1.000000000000000000e+00
-1.000000000000000000e+00
-1.000000000000000000e+00
9.367484992254899723e+00
-1.000000000000000000e+00
1.001235328410883341e+01
6.210278462433261204e+00
-1.000000000000000000e+00
1.007596678732636342e+01
-1.000000000000000000e+00
-1.000000000000000000e+00
-1.000000000000000000e+00
7.971782515388623480e+00
-1.000000000000000000e+00
1.527705642204462855e+01
6.585212096824122341e+00
-1.000000000000000000e+00
9.268272407670385959e+00
8.467407952552457928e+00
1.171894890649625509e+01
1.105609884685278566e+01
1.455675106224816062e+01
8.543971694891459023e+00
1.242765259880077799e+01
1.238883585383987551e+01
1.108532111290415223e+01
-1.000000000000000000e+00
