1.022763838753948207e+01
7.515796394637487055e+00
9.315784333380555893e+00
7.860088628008899292e+00
-1.000000000000000000e+00
-1.000000000000000000e+00
-1.000000000000000000e+00
-1.000000000000000000e+00
-1.000000000000000000e+00
-1.000000000000000000e+00
7.915952850296966936e+00
1.090254110631637197e+01
1.050665926612216694e+01
9.568229634698029784e+00
5.957549489612067539e+00
-1.000000000000000000e+00
7.791575097873982614e+00
1.130802504372992878e+01
-1.000000000000000000e+00
9.084723087900609784e+00
-1.000000000000000000e+00
8.199393051567192003e+00
9.519296280507212771e+00
1.443875274130708419e+01
-1.000000000000000000e+00
-1.000000000000000000e+00
1.088101883474838161e+01
7.610150917680759797e+00
-1.000000000000000000e+00
8.165857009147803325e+00
1.090254110631637197e+01
-1.000000000000000000e+00
8.943913336930915392e+00
-1.000000000000000000e+00
8.541009946307891454e+00
8.765663532315750572e+00
1.219890179191055779e+01
-1.000000000000000000e+00
7.633100471414104859e+00
1.015871312502159896e+01
1.177979468910467276e+01
-1.000000000000000000e+00
-1.000000000000000000e+00
-1.000000000000000000e+00
-1.000000000000000000e+00
1.278910600421793298e+01
-1.000000000000000000e+00
-1.000000000000000000e+00
-1.000000000000000000e+00
-1.000000000000000000e+00
1.370893385932473230e+01
8.940939368834809997e+00
-1.000000000000000000e+00
-1.000000000000000000e+00
1.469656940345582186e+01
9.846004736118040057e+00
-1.000000000000000000e+00
-1.000000000000000000e+00
-1.000000000000000000e+00
1.284259773759847079e+01
5.160499247022640290e+00
8.261563062776520638e+00
-1.000000000000000000e+00
1.024839691912626449e+01
-1.000000000000000000e+00
8.589830642699379126e+00
-1.000000000000000000e+00
9.945962288401846152e+00
-1.000000000000000000e+00
1.278910600421793298e+01
8.517661932484285714e+00
1.040906437634213688e+01
9.568229634698029784e+00
1.121226892971755440e+01
-1.000000000000000000e+00
1.062343197365497360e+01
9.014524318390103375e+00
-1.000000000000000000e+00
1.645133209288231413e+01
1.469018503446881674e+01
7.911113162197835891e+00
1.162772939418010587e+01
-1.000000000000000000e+00
-1.000000000000000000e+00
1.019737022738010346e+01
9.209168512393912209e+00
1.554401167290923702e+01
1.136991039332273346e+01
9.481473813044985377e+00
-1.000000000000000000e+00
8.711776451806775512e+00
8.991283107602191293e+00
1.051625946563123648e+01
1.417346893764443472e+01
1.914372084073437463e+01
-1.000000000000000000e+00
1.015871312502159896e+01
-1.000000000000000000e+00
1.296022276855716626e+01
-1.000000000000000000e+00
