-1.000000000000000000e+00
9.845465065436078689e+00
1.364640462256857312e+01
8.972274575386366635e+00
-1.000000000000000000e+00
-1.000000000000000000e+00
-1.000000000000000000e+00
-1.000000000000000000e+00
-1.000000000000000000e+00
-1.000000000000000000e+00
9.285239653271505134e+00
1.893013525501676142e+01
1.571978447829200398e+01
1.630957073331216378e+01
7.484739221993171654e+00
-1.000000000000000000e+00
1.466267408587490806e+01
1.315071265909549503e+01
2.187691998145858108e+01
1.313565088731957076e+01
-1.000000000000000000e+00
8.426187686474273519e+00
8.942051063279558676e+00
1.416356184202004442e+01
-1.000000000000000000e+00
-1.000000000000000000e+00
1.886158316321698436e+01
7.465130139686761090e+00
1.050879904076152016e+01
1.247618194744062237e+01
1.893013525501676142e+01
-1.000000000000000000e+00
1.975541018151564643e+01
6.153064245898322682e+00
1.745734078676169787e+01
1.404178516900469731e+01
1.283848377213055514e+01
-1.000000000000000000e+00
8.981711365687010229e+00
1.497179908809226312e+01
1.600024724883318328e+01
-1.000000000000000000e+00
-1.000000000000000000e+00
8.450707192160010095e+00
1.344071484205515610e+01
1.540573276330898445e+01
1.060975357215917292e+01
1.365582033457579669e+01
9.530575266672755674e+00
-1.000000000000000000e+00
1.928954440279980886e+01
1.070044923907645007e+01
-1.000000000000000000e+00
-1.000000000000000000e+00
1.595177652489499032e+01
8.995452385864908251e+00
-1.000000000000000000e+00
1.479915710725670408e+01
-1.000000000000000000e+00
1.752350386182014574e+01
9.561402799091222704e+00
1.134795705270703792e+01
1.881876781057031067e+01
6.461879323360531835e+00
1.519332368183079218e+01
1.549189832553605939e+01
-1.000000000000000000e+00
1.506754600888582551e+01
5.807319566466448535e+00
1.540573276330898445e+01
9.918942939739388009e+00
1.272885541795820252e+01
1.630957073331216378e+01
1.619294148652420162e+01
-1.000000000000000000e+00
1.696830083410598888e+01
1.305353416601271554e+01
-1.000000000000000000e+00
1.778011406600647604e+01
-1.000000000000000000e+00
1.059219304875205481e+01
1.832590107777961919e+01
-1.000000000000000000e+00
-1.000000000000000000e+00
1.645833384288966883e+01
1.001055116334851647e+01
9.952252976047791577e+00
1.341254524720334373e+01
9.598189612176016183e+00
-1.000000000000000000e+00
1.017068187366363041e+01
1.814801514532280180e+01
1.297370091339099751e+01
-1.000000000000000000e+00
-1.000000000000000000e+00
1.028480106114660053e+01
1.497179908809226312e+01
-1.000000000000000000e+00
-1.000000000000000000e+00
1.236213669903088075e+01
