1.149600259393734092e+01
1.109476200983399963e+01
9.388241524847343200e+00
7.225576324083030855e+00
-1.000000000000000000e+00
1.507426503701297804e+01
-1.000000000000000000e+00
1.532462050260277309e+01
-1.000000000000000000e+00
1.507426503701297804e+01
9.307706005115289116e+00
1.674038330487343273e+01
1.405270788676596538e+01
1.406787437510653049e+01
-1.000000000000000000e+00
-1.000000000000000000e+00
9.457081442039893204e+00
1.193836407140013023e+01
1.595637637996782487e+01
1.018540267025053936e+01
-1.000000000000000000e+00
5.996349501957425332e+00
9.607519336767760265e+00
1.157860818035669759e+01
1.507426503701297804e+01
-1.000000000000000000e+00
1.549599545524464261e+01
6.748809556500185991e+00
7.175494562354316486e+00
1.343086108855639615e+01
1.674038330487343273e+01
-1.000000000000000000e+00
-1.000000000000000000e+00
7.830018631698687059e+00
1.147503268846154434e+01
8.736864178273169301e+00
6.872019459644965522e+00
-1.000000000000000000e+00
8.879214248732335335e+00
1.380756695739080442e+01
1.391268093543583539e+01
-1.000000000000000000e+00
-1.000000000000000000e+00
1.152428240722490216e+01
1.051016809640812610e+01
6.689338686518977894e+00
7.419401994022786440e+00
-1.000000000000000000e+00
1.236972235595069236e+01
-1.000000000000000000e+00
1.324425666845352723e+01
1.129704132820960716e+01
-1.000000000000000000e+00
-1.000000000000000000e+00
1.556791808744739569e+01
7.825218810120379231e+00
-1.000000000000000000e+00
-1.000000000000000000e+00
1.630397816765420771e+01
1.025878462548009296e+01
9.773348033589943640e+00
9.967862822725264138e+00
-1.000000000000000000e+00
5.574624433015459957e+00
9.823624738305340998e+00
1.141065124758206117e+01
1.426407852967716039e+01
1.496996733895098153e+01
7.294654348102286079e+00
6.689338686518977894e+00
9.280975182376572263e+00
-1.000000000000000000e+00
1.406787437510653049e+01
9.283544508852692445e+00
7.694718757629482653e+00
9.743580364447225861e+00
9.816588865673416819e+00
-1.000000000000000000e+00
8.708753597265014079e+00
1.064483834151786112e+01
-1.000000000000000000e+00
1.033067505987824930e+01
1.002711250544960642e+01
-1.000000000000000000e+00
1.366953280409750526e+01
5.648231805181240794e+00
8.510388659844899450e+00
8.468658439224538981e+00
9.959963287808299981e+00
-1.000000000000000000e+00
1.120943095893712105e+01
8.511379746311614980e+00
1.134017928385857310e+01
1.296321229112774986e+01
1.278147461462213030e+01
1.064266910751756434e+01
1.380756695739080442e+01
9.542694812369724389e+00
-1.000000000000000000e+00
9.732427228320704060e+00
