-1.000000000000000000e+00
7.520461731279837636e+00
1.070712366810079885e+01
5.948867890936202940e+00
2.307691655858780777e+01
-1.000000000000000000e+00
-1.000000000000000000e+00
2.241837320447618254e+01
1.999095149309227182e+01
-1.000000000000000000e+00
5.607000380042967969e+00
1.046901479361667064e+01
9.609759517466301304e+00
8.222367890864973106e+00
9.051506081179239160e+00
1.664181987122457684e+01
9.279548220147319171e+00
1.107968362023841102e+01
1.108109073173465298e+01
8.589061634875939433e+00
1.795068212711030142e+01
5.802426476879869455e+00
5.845497887040640883e+00
1.326644437437789925e+01
-1.000000000000000000e+00
1.465884238388774818e+01
1.222737092381522395e+01
5.926257185866921517e+00
9.788016021962850033e+00
8.757316462625727382e+00
1.046901479361667064e+01
1.962137555341929129e+01
6.512653439836062930e+00
5.567780508334296385e+00
7.774312135702764692e+00
8.334262438308325471e+00
6.800399118370444640e+00
1.781848504099554376e+01
7.062845965677261972e+00
9.823161454535654258e+00
1.395826913109170953e+01
2.302719037962388526e+01
-1.000000000000000000e+00
8.816997056959214873e+00
9.366168779306354608e+00
7.160212021363737023e+00
6.823263032920703353e+00
1.247257794290346311e+01
7.633416313384914886e+00
1.619277790044521836e+01
-1.000000000000000000e+00
6.315652786996960089e+00
1.784171323617379201e+01
-1.000000000000000000e+00
1.371577768051639268e+01
9.857219656962527665e+00
-1.000000000000000000e+00
1.249553183447368454e+01
1.057337207141269708e+01
9.236965877489716092e+00
5.912660054353473527e+00
8.461963612091169651e+00
1.281844368117077160e+01
5.411555023775394879e+00
9.512889650653182372e+00
9.122622403543132918e+00
1.089211250366261829e+01
9.448039118275760373e+00
8.544824336791236874e+00
7.160212021363737023e+00
5.250161808493454707e+00
1.264339805104843073e+01
8.222367890864973106e+00
9.758096283235634161e+00
6.894437969735487393e+00
1.244565364131934793e+01
1.006465553716287253e+01
1.619277790044521836e+01
7.390781674626845543e+00
8.107937446418123528e+00
1.286467484911110581e+01
8.058330638805017543e+00
1.320495900116999977e+01
2.125059410500467649e+01
-1.000000000000000000e+00
6.180519085466025686e+00
1.210102069596477037e+01
8.908540467739650026e+00
6.060449553083574692e+00
2.225332987659106010e+01
6.086552198215851917e+00
6.382340573461465993e+00
1.239962113396371279e+01
1.044248905035758668e+01
1.134164781355802631e+01
8.602748993189232252e+00
9.823161454535654258e+00
1.074137130099494186e+01
1.656628689567511969e+01
1.510078727727528758e+01
