1.316632285859050100e+01
9.845465065436078689e+00
1.364640462256857312e+01
8.972274575386366635e+00
-1.000000000000000000e+00
-1.000000000000000000e+00
-1.000000000000000000e+00
1.549369166895252370e+01
-1.000000000000000000e+00
-1.000000000000000000e+00
7.141187458406647259e+00
1.380543319186159579e+01
1.183209952852360836e+01
1.452733815882131907e+01
7.484739221993171654e+00
2.113398801488620293e+01
1.011836653735912250e+01
1.315071265909549503e+01
1.361255241016665174e+01
7.104406123394463535e+00
2.201499767605185909e+01
8.426187686474273519e+00
8.612594428282069003e+00
1.416356184202004442e+01
-1.000000000000000000e+00
-1.000000000000000000e+00
1.373688110006181873e+01
5.614943680784284297e+00
1.050879904076152016e+01
1.247618194744062237e+01
1.380543319186159579e+01
-1.000000000000000000e+00
1.899825265065409141e+01
6.153064245898322682e+00
1.127068448220074082e+01
1.248994265639289480e+01
1.283848377213055514e+01
2.557099642439138165e+01
8.981711365687010229e+00
1.287962463973624594e+01
1.367963185599219322e+01
-1.000000000000000000e+00
-1.000000000000000000e+00
8.450707192160010095e+00
1.196776859366333667e+01
1.025210630973021608e+01
1.060975357215917292e+01
1.365582033457579669e+01
9.530575266672755674e+00
2.084710512115679037e+01
1.446403152888761667e+01
1.070044923907645007e+01
-1.000000000000000000e+00
-1.000000000000000000e+00
1.468942218202966110e+01
8.995452385864908251e+00
-1.000000000000000000e+00
1.479915710725670408e+01
-1.000000000000000000e+00
1.049984795437325502e+01
9.305324720002806416e+00
8.487412074158790176e+00
1.273243003374158278e+01
6.461879323360531835e+00
1.519332368183079218e+01
1.017526314211954030e+01
-1.000000000000000000e+00
9.065006046447818377e+00
5.807319566466448535e+00
1.025210630973021608e+01
9.918942939739388009e+00
1.272885541795820252e+01
1.452733815882131907e+01
1.023094690543181429e+01
-1.000000000000000000e+00
1.054524655193784533e+01
1.305353416601271554e+01
2.084710512115679037e+01
1.199145211718673742e+01
1.747987384961353285e+01
8.577461790052918644e+00
1.060599003319400424e+01
1.461401062007055529e+01
2.878624896911534847e+01
1.477559924153678139e+01
1.001055116334851647e+01
9.952252976047791577e+00
1.182962574719042337e+01
6.531216006871765956e+00
-1.000000000000000000e+00
1.017068187366363041e+01
1.433044775758627232e+01
1.297370091339099751e+01
-1.000000000000000000e+00
-1.000000000000000000e+00
1.028480106114660053e+01
1.287962463973624594e+01
-1.000000000000000000e+00
-1.000000000000000000e+00
9.998006015768044819e+00
