-1.000000000000000000e+00
1.477738269910758184e+01
1.282004657674132808e+01
9.991040796652059797e+00
-1.000000000000000000e+00
-1.000000000000000000e+00
-1.000000000000000000e+00
-1.000000000000000000e+00
-1.000000000000000000e+00
-1.000000000000000000e+00
5.607000380042967969e+00
1.362138663757446011e+01
1.127314931476294291e+01
8.222367890864973106e+00
7.376179300936514416e+00
-1.000000000000000000e+00
1.126484541976211062e+01
1.348137240949052540e+01
-1.000000000000000000e+00
1.011033730176953149e+01
-1.000000000000000000e+00
7.237847399337926646e+00
5.845497887040639995e+00
1.741930152924283703e+01
-1.000000000000000000e+00
-1.000000000000000000e+00
1.577866487045513466e+01
7.579988183373830068e+00
1.105983962603255044e+01
1.308855726978604217e+01
1.362138663757446011e+01
-1.000000000000000000e+00
8.312874663489864702e+00
5.567780508334296385e+00
9.887235044343293922e+00
8.334262438308325471e+00
9.392283372273467990e+00
-1.000000000000000000e+00
7.062845965677261972e+00
1.103592844411179996e+01
1.600648659669475649e+01
-1.000000000000000000e+00
-1.000000000000000000e+00
1.270631948739133321e+01
9.515939120838584842e+00
9.897867797029302750e+00
8.311931976184006032e+00
1.444234664182089745e+01
9.395149207963267912e+00
-1.000000000000000000e+00
-1.000000000000000000e+00
8.800663617107669978e+00
-1.000000000000000000e+00
-1.000000000000000000e+00
1.612708355408452476e+01
1.162644614683325095e+01
-1.000000000000000000e+00
-1.000000000000000000e+00
1.057337207141269708e+01
1.126979157699622647e+01
5.912660054353474415e+00
9.981343323788012256e+00
-1.000000000000000000e+00
5.411555023775394879e+00
1.285611232380388991e+01
1.312892165240278963e+01
1.410606196422202174e+01
1.253678753816237545e+01
9.391847423487527990e+00
9.897867797029302750e+00
5.250161808493454707e+00
1.485960565208116790e+01
8.222367890864973106e+00
1.136927014498533239e+01
7.976400425313668663e+00
1.348335127995419747e+01
1.517302600451595396e+01
-1.000000000000000000e+00
8.968868263137327546e+00
9.468282579695511458e+00
1.772160924436582263e+01
6.832047648843517784e+00
8.992266311272697266e+00
-1.000000000000000000e+00
1.595344879302834862e+01
7.650078563702226830e+00
9.480997927920245871e+00
1.147134003491528276e+01
6.060449553083575580e+00
-1.000000000000000000e+00
8.749030762042428577e+00
1.120874216579264981e+01
1.542628939434754543e+01
1.333371248453929425e+01
1.381377918568856522e+01
1.242013585392517250e+01
1.103592844411179996e+01
1.247886782184340149e+01
-1.000000000000000000e+00
1.797963915977248206e+01
