-1.000000000000000000e+00
1.272544207988691234e+01
9.490826117724544986e+00
8.150172485556609558e+00
-1.000000000000000000e+00
-1.000000000000000000e+00
-1.000000000000000000e+00
-1.000000000000000000e+00
-1.000000000000000000e+00
-1.000000000000000000e+00
6.543157090114616992e+00
1.180618575572558981e+01
-1.000000000000000000e+00
8.160952925347931597e+00
1.342619501924280101e+01
-1.000000000000000000e+00
2.147073822698075674e+01
1.653010352174912256e+01
-1.000000000000000000e+00
-1.000000000000000000e+00
-1.000000000000000000e+00
7.181356123068628250e+00
-1.000000000000000000e+00
-1.000000000000000000e+00
-1.000000000000000000e+00
-1.000000000000000000e+00
1.253637318693746039e+01
7.628501183868582558e+00
7.647694635325618329e+00
9.767951704553915704e+00
1.180618575572558981e+01
-1.000000000000000000e+00
1.111426654910645162e+01
1.668948890718965572e+01
1.149887233163405575e+01
8.913099595870997760e+00
1.276825942636982703e+01
-1.000000000000000000e+00
-1.000000000000000000e+00
1.610417245322859614e+01
1.701191234849094513e+01
-1.000000000000000000e+00
-1.000000000000000000e+00
1.176693784347584781e+01
-1.000000000000000000e+00
-1.000000000000000000e+00
6.328249414861949695e+00
-1.000000000000000000e+00
-1.000000000000000000e+00
-1.000000000000000000e+00
1.118275104619899096e+01
5.336931681512615100e+00
-1.000000000000000000e+00
-1.000000000000000000e+00
1.779041768999713469e+01
1.182859130182104757e+01
-1.000000000000000000e+00
-1.000000000000000000e+00
-1.000000000000000000e+00
-1.000000000000000000e+00
7.334635058201444124e+00
1.297670656801663114e+01
-1.000000000000000000e+00
1.388838734484934889e+01
1.008924864153436474e+01
1.750359195948263391e+01
9.746700776281528533e+00
-1.000000000000000000e+00
1.177037583602043647e+01
-1.000000000000000000e+00
6.703647071151438652e+00
1.748350513762071046e+01
8.160952925347931597e+00
-1.000000000000000000e+00
6.763979432907271772e+00
-1.000000000000000000e+00
1.663260978496775877e+01
-1.000000000000000000e+00
1.112441706409285302e+01
6.924223045369055640e+00
-1.000000000000000000e+00
8.919137320740382791e+00
1.847411433501206446e+01
-1.000000000000000000e+00
-1.000000000000000000e+00
1.209240097449709594e+01
-1.000000000000000000e+00
-1.000000000000000000e+00
7.099416112263224221e+00
-1.000000000000000000e+00
1.306789545140461328e+01
9.450919382293388793e+00
1.135237468391652271e+01
-1.000000000000000000e+00
1.089802562533927954e+01
8.443115224142593078e+00
1.610417245322859614e+01
1.102873909284509857e+01
-1.000000000000000000e+00
-1.000000000000000000e+00
