7.942817173192679547e+00
6.616522996980402027e+00
8.356786947553860756e+00
5.549381416016641921e+00
1.452620175398360836e+01
-1.000000000000000000e+00
7.514420734736495078e+00
-1.000000000000000000e+00
-1.000000000000000000e+00
-1.000000000000000000e+00
4.888583689826558221e+00
-1.000000000000000000e+00
9.160410328844999839e+00
8.095560124460474682e+00
6.821561156108900903e+00
1.214253970618844924e+01
7.339356927866828251e+00
9.236295512690631426e+00
9.620264729843109208e+00
6.689730561219882077e+00
-1.000000000000000000e+00
4.952945404682637331e+00
5.355526278963840703e+00
8.138489128684339491e+00
-1.000000000000000000e+00
-1.000000000000000000e+00
1.012282212951051008e+01
5.757989195628937296e+00
6.897656813082353011e+00
6.806284604575711050e+00
-1.000000000000000000e+00
6.454675182830119873e+00
4.850615900492732280e+00
4.854735150362034624e+00
7.531942262741267768e+00
7.606606330651160874e+00
6.662868211371884897e+00
9.136331737273124531e+00
4.898260219656335401e+00
9.200620371912398454e+00
1.088319211706839695e+01
-1.000000000000000000e+00
1.113972143712285856e+01
5.897501429288343644e+00
7.123921512121109245e+00
6.209752169938727917e+00
4.934926069958031292e+00
-1.000000000000000000e+00
5.745987649356252724e+00
-1.000000000000000000e+00
1.066749182591281553e+01
4.387537341730959994e+00
-1.000000000000000000e+00
1.076990490258486588e+01
-1.000000000000000000e+00
7.339284558138437831e+00
-1.000000000000000000e+00
6.487446636407309342e+00
8.595212648662773347e+00
6.994606222574883070e+00
5.436834352708967977e+00
5.718176654676588200e+00
8.117740574420510669e+00
4.874413315301945104e+00
6.070644063282864877e+00
7.316952323502857070e+00
7.603412809982982523e+00
6.482591777071691652e+00
4.160924157284181746e+00
5.987609179337187726e+00
4.712993173684290049e+00
7.043032710676469854e+00
7.772456110480352898e+00
6.310407713713543032e+00
4.890831023445734616e+00
7.093408115581304685e+00
8.191237180556276698e+00
1.188045506303313559e+01
5.706948494877844169e+00
4.986250453001840555e+00
5.582779702448809722e+00
6.469006328398117844e+00
-1.000000000000000000e+00
-1.000000000000000000e+00
-1.000000000000000000e+00
5.978163395553694137e+00
6.625583505664581097e+00
8.511312986189793151e+00
5.181565606274594060e+00
-1.000000000000000000e+00
6.586554029199661819e+00
5.781625339403424491e+00
1.042113894364734428e+01
1.004773060896657455e+01
9.471341325963985369e+00
7.616061056049773903e+00
-1.000000000000000000e+00
9.186234941035747781e+00
7.441194569780998691e+00
6.255401275660940286e+00
