9.383571736347448677e+00
7.183192211827771345e+00
8.288746225610154283e+00
6.456312471808283604e+00
-1.000000000000000000e+00
-1.000000000000000000e+00
-1.000000000000000000e+00
-1.000000000000000000e+00
-1.000000000000000000e+00
1.179492600572177174e+01
5.518926116843396734e+00
1.010472596988250515e+01
9.534496563344532660e+00
8.193009008720807174e+00
7.390829108665241343e+00
1.293188080102403248e+01
9.123258907220197500e+00
9.827278531673709239e+00
9.115956467975301791e+00
6.960117196141059281e+00
1.313904737380775956e+01
5.803993718424051096e+00
5.404066427785597426e+00
8.681773360749415858e+00
1.218599967339497958e+01
1.358020100908139050e+01
1.055920680753824747e+01
6.477539935593341625e+00
8.794453708552648408e+00
8.212641798927808878e+00
9.845857360991766782e+00
6.732234380348517178e+00
6.184072173740335465e+00
6.114288459749977811e+00
8.388796580357187338e+00
8.896662819859306737e+00
7.413285540049900035e+00
1.058525318079603927e+01
7.607602802017919608e+00
9.509052005333266777e+00
9.919910911121347041e+00
-1.000000000000000000e+00
-1.000000000000000000e+00
7.454374093118976141e+00
8.773499137946835447e+00
8.287140628642561069e+00
5.844988587470801633e+00
9.616914375772582346e+00
7.475088896867558397e+00
-1.000000000000000000e+00
9.530634280980082806e+00
5.192474583467795668e+00
1.465189897918064865e+01
1.060521127721767343e+01
1.056800794191917703e+01
7.516310383648439952e+00
-1.000000000000000000e+00
6.973749897647167906e+00
8.063733931109474895e+00
7.687672221138091011e+00
6.718813466058251471e+00
6.455923215265308102e+00
1.061574389840949806e+01
4.684805927800171688e+00
6.942131888791241323e+00
7.587393064499253548e+00
7.449277171180072266e+00
7.139119053567453577e+00
7.851515198156917563e+00
6.868815211253492592e+00
7.294082325304771075e+00
8.346908978109402355e+00
8.042289929512934421e+00
8.241614376841612355e+00
6.440213541033847910e+00
7.492070380966557863e+00
8.481629845047955030e+00
-1.000000000000000000e+00
5.994492548420648603e+00
5.932713207096062646e+00
8.081333443070581879e+00
6.979929537394037986e+00
9.259807068325926593e+00
-1.000000000000000000e+00
9.953123337216476685e+00
6.235631476075718993e+00
8.076390424023767167e+00
9.605009540232680720e+00
5.963691427013226409e+00
-1.000000000000000000e+00
6.748035409948695218e+00
5.916591078847488028e+00
1.007232248778380423e+01
1.081015818139323414e+01
-1.000000000000000000e+00
8.977674181912968621e+00
1.026288257420664785e+01
9.542365262754897159e+00
8.334420494089796350e+00
9.867495876306794145e+00
