7.865142986631578736e+00
7.752042156066242917e+00
1.093381446686355929e+01
6.490418545561318808e+00
-1.000000000000000000e+00
-1.000000000000000000e+00
9.003988489664298100e+00
-1.000000000000000000e+00
1.574830759170896144e+01
1.255381180844225320e+01
8.528190117297267392e+00
9.171512415937399965e+00
9.186162318820290551e+00
9.209175451878865104e+00
7.099521507975451229e+00
-1.000000000000000000e+00
1.128534719316841795e+01
1.033492613443511488e+01
9.399296699360606411e+00
6.650419190549152759e+00
2.137864283665387788e+01
-1.000000000000000000e+00
9.857985176789281212e+00
9.665742194014278255e+00
-1.000000000000000000e+00
-1.000000000000000000e+00
9.904238671134066863e+00
6.699640606840090662e+00
9.070359784048696028e+00
7.828751901255350809e+00
9.776337597375231780e+00
-1.000000000000000000e+00
7.314188092105371020e+00
6.151271101021977827e+00
8.639756334176659891e+00
7.658741977061547246e+00
6.757255913142522274e+00
-1.000000000000000000e+00
-1.000000000000000000e+00
9.547213662064216066e+00
1.031738427289811533e+01
-1.000000000000000000e+00
-1.000000000000000000e+00
-1.000000000000000000e+00
9.098487898555642772e+00
8.344711681271411052e+00
5.831502996415307116e+00
-1.000000000000000000e+00
6.379925438659334702e+00
-1.000000000000000000e+00
9.369851781837146731e+00
8.376083811820585368e+00
1.438239257760658951e+01
-1.000000000000000000e+00
1.000264294356308525e+01
8.859101638079149410e+00
-1.000000000000000000e+00
-1.000000000000000000e+00
8.642380147220944053e+00
7.658282362667862664e+00
6.023789377692446934e+00
6.792406332374788747e+00
-1.000000000000000000e+00
7.087089728215048012e+00
7.268045504601226448e+00
8.554310421667240760e+00
-1.000000000000000000e+00
1.092760889831778925e+01
8.480257645870867833e+00
7.394368456335937978e+00
-1.000000000000000000e+00
8.133550052188290636e+00
8.230228252037772307e+00
6.748957781643729170e+00
5.334841765151928428e+00
8.182633594232889607e+00
9.010413520761421324e+00
-1.000000000000000000e+00
6.324485658447459357e+00
8.431688488673731996e+00
6.334838411926915214e+00
6.313664619939990175e+00
-1.000000000000000000e+00
-1.000000000000000000e+00
1.031847314263996651e+01
6.735718693577259053e+00
8.462793872733012535e+00
8.570614190669402888e+00
5.116665987266034499e+00
-1.000000000000000000e+00
-1.000000000000000000e+00
6.847964043118805577e+00
9.964639430256855945e+00
-1.000000000000000000e+00
-1.000000000000000000e+00
9.275254345890864727e+00
9.769675943907195403e+00
9.328814933738843962e+00
7.409411741310472976e+00
-1.000000000000000000e+00
