8.647090517496556217e+00
7.410053803724021115e+00
8.665818139357108763e+00
6.807681598448966476e+00
-1.000000000000000000e+00
-1.000000000000000000e+00
-1.000000000000000000e+00
1.169478482602052516e+01
-1.000000000000000000e+00
1.190959892324507940e+01
6.110443343685306949e+00
9.804468634756304368e+00
9.846133900472411327e+00
8.538361054019837582e+00
7.497222408171292152e+00
-1.000000000000000000e+00
9.154039219265820648e+00
9.739813813521838171e+00
1.094573991609419750e+01
7.414752871607501739e+00
-1.000000000000000000e+00
5.429423090496333870e+00
5.986475082939756831e+00
1.023361872735351952e+01
-1.000000000000000000e+00
-1.000000000000000000e+00
1.005845530034609503e+01
6.504155285504227280e+00
9.590083396750740619e+00
8.178619510348976718e+00
9.700448961045790242e+00
8.952764369963507107e+00
6.355359704921815123e+00
7.762903273055046682e+00
7.961781144781596709e+00
9.260983777891510726e+00
8.047288403365717713e+00
-1.000000000000000000e+00
-1.000000000000000000e+00
9.882605358170120979e+00
1.104417072617233408e+01
1.426037365737019336e+01
1.149932736832439417e+01
7.361807514282080689e+00
8.289850649707755537e+00
7.615790671819572921e+00
7.073548792714850819e+00
9.287718329850106258e+00
6.268297322071997080e+00
-1.000000000000000000e+00
9.895554703749930070e+00
5.946589899030317206e+00
1.319254721176751843e+01
9.898259040367728190e+00
1.198406993651946628e+01
8.904176523343263483e+00
-1.000000000000000000e+00
-1.000000000000000000e+00
8.849302586848244445e+00
9.358311258559986356e+00
6.583742432065393224e+00
6.937961686494150904e+00
1.024796589703838379e+01
5.945612766918477732e+00
6.728014712838099598e+00
7.965353027981265654e+00
8.147005951276311109e+00
8.065533234503423188e+00
5.398367258873438601e+00
7.873652133056770808e+00
7.306489856571037222e+00
7.998989151747657900e+00
8.301636888874982745e+00
-1.000000000000000000e+00
7.246491408391807276e+00
9.950013154077025135e+00
9.108687620060770485e+00
-1.000000000000000000e+00
6.813203834324627728e+00
5.191919807655092534e+00
9.590200594290157809e+00
6.593701311756091421e+00
-1.000000000000000000e+00
-1.000000000000000000e+00
-1.000000000000000000e+00
5.528559092222639748e+00
1.030831026750548141e+01
9.999400000259742072e+00
6.374880311932570542e+00
-1.000000000000000000e+00
7.215938155080557692e+00
6.771111043693369247e+00
1.072487647297585589e+01
-1.000000000000000000e+00
1.063912333451929904e+01
9.500410554661671725e+00
9.777146844300583339e+00
9.509535124497714875e+00
9.793061377033978943e+00
8.235843358557389138e+00
