9.934510726839093309e+00
7.594255617523522517e+00
1.029693306691425470e+01
6.371536094703694530e+00
-1.000000000000000000e+00
1.266364179749560925e+01
-1.000000000000000000e+00
1.195500319816089707e+01
-1.000000000000000000e+00
-1.000000000000000000e+00
6.167950539918896524e+00
1.002679127479852283e+01
1.080680774112048503e+01
8.658915185405234638e+00
1.076898746746249103e+01
1.249024048775455498e+01
7.922098378068618274e+00
9.633005590864826218e+00
9.998646376807890590e+00
7.175986002137159758e+00
1.263115845659785386e+01
5.920010725263439966e+00
5.771418058323448896e+00
9.045663941045635426e+00
1.291672833158616029e+01
1.411078658332486668e+01
1.078854919941372259e+01
7.040472284164040140e+00
1.059518418457176381e+01
8.952593484794691747e+00
9.586458719794620720e+00
7.748515733687130869e+00
6.351772275268038115e+00
5.455660030218832723e+00
8.329149422091727928e+00
9.090981011931212663e+00
7.436170848720365711e+00
-1.000000000000000000e+00
5.938421316630800639e+00
9.971617847618610142e+00
1.110926993120893869e+01
-1.000000000000000000e+00
-1.000000000000000000e+00
-1.000000000000000000e+00
8.496515417684765481e+00
8.057732044091070023e+00
7.075087269725220729e+00
9.772526929641227156e+00
6.264151285625453092e+00
-1.000000000000000000e+00
1.189155006953206595e+01
6.243452552292681368e+00
1.337639426688073918e+01
1.143472863852729660e+01
1.081866353845134654e+01
8.287536846108530142e+00
-1.000000000000000000e+00
-1.000000000000000000e+00
9.690606629001235817e+00
8.879740153881851228e+00
6.052046942809129249e+00
7.200522142702725503e+00
1.009151869985746153e+01
5.373201680755587795e+00
7.459116830123376118e+00
9.084202412140655269e+00
-1.000000000000000000e+00
8.172534582563320882e+00
6.427346918715544533e+00
7.966249931348769131e+00
4.862593883307850362e+00
8.256394603615831329e+00
9.283146299007944080e+00
-1.000000000000000000e+00
6.427583503724693337e+00
8.326175812700883583e+00
9.588748462226952540e+00
-1.000000000000000000e+00
6.665577187268423742e+00
6.796191204611498726e+00
8.031718329242156784e+00
7.633492022165823343e+00
-1.000000000000000000e+00
1.272075104536989798e+01
1.063748302817145053e+01
7.137647217171084080e+00
-1.000000000000000000e+00
9.881795089824931821e+00
6.956939981898237590e+00
-1.000000000000000000e+00
7.615643754966038514e+00
7.259132777130236747e+00
1.126403703921058508e+01
-1.000000000000000000e+00
-1.000000000000000000e+00
8.686672680091618304e+00
9.880060478258592127e+00
1.059163898035165019e+01
9.799193800989481673e+00
9.760541851046902195e+00
