9.377164953462916230e+00
7.001025571083035359e+00
8.631849927452476479e+00
6.801037797495228077e+00
-1.000000000000000000e+00
-1.000000000000000000e+00
8.939142085323116049e+00
-1.000000000000000000e+00
1.995640396194025001e+01
-1.000000000000000000e+00
6.007649427528837904e+00
1.023422362065937818e+01
9.740478836901864668e+00
7.735115201200251533e+00
6.738749748463268574e+00
1.101831901847845074e+01
8.603554402799733936e+00
9.703311122797044774e+00
9.160992209283751464e+00
7.668511750761505041e+00
-1.000000000000000000e+00
5.003133977761906159e+00
4.782696817389733290e+00
-1.000000000000000000e+00
-1.000000000000000000e+00
1.549865034878097880e+01
1.075518149298899928e+01
6.580642589880588922e+00
8.270441587641723657e+00
8.478291594714944424e+00
9.855422291415447233e+00
7.466206728205408538e+00
6.640335140972233319e+00
5.857615844369513880e+00
9.176194180172952741e+00
8.558888881343026611e+00
6.819269158079347193e+00
1.038082827802992902e+01
7.440922633593468838e+00
9.655558086486934144e+00
1.102605883666079656e+01
-1.000000000000000000e+00
-1.000000000000000000e+00
6.616913028564400889e+00
8.790427105147511355e+00
7.448595240833468800e+00
5.942673357028484205e+00
-1.000000000000000000e+00
5.456531797058310040e+00
1.186627851969565128e+01
9.411981382631822157e+00
4.963938319736172389e+00
1.478649838035332209e+01
1.041141648832171285e+01
1.045330722877619145e+01
8.352414251159093084e+00
-1.000000000000000000e+00
7.114254334562029491e+00
9.109802880752560839e+00
7.479905822243569702e+00
6.447904067091946523e+00
6.934331267720967418e+00
9.198223084316838438e+00
5.465369738730621485e+00
7.413563808193599058e+00
7.888387359974387891e+00
6.910200217707154202e+00
7.892862419614275815e+00
6.067279268681148530e+00
7.034076474653231159e+00
5.282308320500586518e+00
9.065800507191495328e+00
8.674226696173514384e+00
7.237445172092403567e+00
5.640298543596507841e+00
8.258523732572053078e+00
8.850922160108318337e+00
1.213743015504153888e+01
6.476798389968358549e+00
6.328890698250863700e+00
7.283254015457177211e+00
7.420668037744794887e+00
1.427943293721639506e+01
-1.000000000000000000e+00
1.161414869561170882e+01
6.481485143592498055e+00
8.107971684358808773e+00
9.310348973608043366e+00
6.132464645069211961e+00
-1.000000000000000000e+00
6.232099155029717785e+00
6.847809151583547305e+00
1.092162863829197050e+01
-1.000000000000000000e+00
1.050648830089217434e+01
8.445175622079043265e+00
9.240251003166378041e+00
9.225247303922197162e+00
8.212001918297007208e+00
8.063581366097844594e+00
