9.868846283912990458e+00
7.093112813554504292e+00
8.127956455208616759e+00
7.231061109964437961e+00
-1.000000000000000000e+00
-1.000000000000000000e+00
9.530069059816007382e+00
1.085330947554124847e+01
-1.000000000000000000e+00
-1.000000000000000000e+00
6.248842881740870325e+00
1.104438379285306837e+01
1.031037840112897719e+01
9.621529411700812773e+00
7.804095230579424225e+00
1.014814289482580456e+01
8.573177897525072311e+00
9.345542331054209839e+00
9.460075821986574596e+00
8.055111781469403098e+00
1.197398400637055715e+01
5.662280311903682417e+00
6.367401300011167109e+00
1.071875564210677467e+01
1.350913551923490807e+01
-1.000000000000000000e+00
1.104814718884036218e+01
6.596800650505239005e+00
8.986378120861136409e+00
8.363838492883690634e+00
1.047545862354144219e+01
7.644171069061560964e+00
6.724494809836503606e+00
6.961450131568573951e+00
8.647244734142445211e+00
9.080351179624159386e+00
8.117019005706545443e+00
-1.000000000000000000e+00
7.916802525368323629e+00
8.970027048071120390e+00
1.038305068788435825e+01
1.088086336172834478e+01
-1.000000000000000000e+00
8.256185963389398808e+00
7.887915580468548349e+00
8.219002894061892661e+00
6.490866214460722539e+00
-1.000000000000000000e+00
6.701810334830081928e+00
-1.000000000000000000e+00
1.054448033321573774e+01
6.804104757245161395e+00
1.398523388787598165e+01
1.018100153035956090e+01
1.198400088732234892e+01
8.536836487776383819e+00
-1.000000000000000000e+00
7.110051345799300648e+00
9.166698836871184142e+00
8.914334586182905085e+00
6.523081246222193208e+00
7.299264531691749269e+00
1.031596736983404661e+01
7.307958342725068945e+00
6.359472464148954174e+00
8.228640146324444515e+00
8.949613122607582127e+00
8.398052844987422105e+00
5.592105984279972297e+00
6.719128321271723436e+00
4.948340464945486517e+00
8.645149411263849615e+00
9.471162464615789034e+00
-1.000000000000000000e+00
7.376791579568186208e+00
9.665241545614172480e+00
9.010593452848725704e+00
-1.000000000000000000e+00
6.466778761867407965e+00
7.019634557973859046e+00
6.506328045281341232e+00
7.989036974643315858e+00
-1.000000000000000000e+00
-1.000000000000000000e+00
1.062389649614160447e+01
7.069063573755361318e+00
8.095754704431172399e+00
9.688974181640986671e+00
7.032891648094548032e+00
-1.000000000000000000e+00
7.251925454953834560e+00
7.747494207032165292e+00
1.067040991822942253e+01
1.091624817919896628e+01
1.441187746409111980e+01
9.782655063367865722e+00
1.041172288365685716e+01
9.595250646443655995e+00
8.543089354011312864e+00
-1.000000000000000000e+00
