9.624433412262725085e+00
7.506677020813373957e+00
9.903480375046173734e+00
6.739630012022581163e+00
-1.000000000000000000e+00
-1.000000000000000000e+00
9.392552532407092869e+00
9.587211352298728784e+00
-1.000000000000000000e+00
-1.000000000000000000e+00
6.284887531579350650e+00
1.066894952007111819e+01
1.116710387033063689e+01
8.740866083988668933e+00
8.434887432311082733e+00
1.126393876429654739e+01
9.204195622315287650e+00
1.052449698270736889e+01
9.427467993877046482e+00
8.727592635876478155e+00
1.355817821080709962e+01
6.494529786899204460e+00
7.130460065093172872e+00
9.976721201523881533e+00
-1.000000000000000000e+00
1.551331257669763097e+01
1.177893756884865972e+01
6.930319194801354499e+00
8.010424082510461119e+00
9.096429650023230451e+00
1.126420820963398484e+01
7.485729019763146752e+00
6.957435085103582217e+00
7.414874414241173106e+00
8.726900560057382350e+00
9.425585856920827510e+00
7.576007304264767761e+00
1.075447442506343698e+01
5.400795812363220705e+00
1.043784813999689653e+01
1.181506850617468629e+01
1.194679774611970835e+01
1.237600035885476935e+01
9.378645995398601443e+00
8.413646067295255548e+00
7.621051104377350782e+00
6.795107020883832227e+00
1.132015087562505329e+01
7.073508675221486186e+00
1.127958609093735376e+01
1.093838468178627998e+01
6.822610542309794468e+00
1.646477213399746020e+01
-1.000000000000000000e+00
1.073883262231611901e+01
8.498142421522741685e+00
-1.000000000000000000e+00
8.302179855310166445e+00
9.628235769137253541e+00
9.106306827454208275e+00
7.257398704515575005e+00
7.786096673812840763e+00
1.036002901006159149e+01
6.869681805118668549e+00
7.438251786440717161e+00
8.761810183407188646e+00
8.615918158481951750e+00
7.966312682578971405e+00
5.781061963529729120e+00
7.766437579139543246e+00
6.358224187636221103e+00
1.015796721001609626e+01
8.761814694199861364e+00
9.242673276230149781e+00
6.766860635987067774e+00
1.016482463918550927e+01
9.788926681697940779e+00
1.126239301315079189e+01
6.347915960030438676e+00
6.712117233923756032e+00
7.382209979964065028e+00
7.886506444391460313e+00
1.154065338892786663e+01
1.310734506074762606e+01
1.180103328891291703e+01
7.297411154330696981e+00
9.241700209850293390e+00
1.076514355272703760e+01
7.255902098836315872e+00
1.298091165941659852e+01
7.693715464904553158e+00
7.612120427458025418e+00
1.053716016414452028e+01
1.282817321536621336e+01
1.177463014805266894e+01
9.318761776169477429e+00
1.107910856153549339e+01
1.012266361699530393e+01
8.944412211493736109e+00
8.200474372295905923e+00
