8.951339073176534100e+00
7.401017721278370765e+00
8.751400533590988573e+00
6.443780146307174661e+00
1.633039577411677712e+01
-1.000000000000000000e+00
-1.000000000000000000e+00
1.153540521783886419e+01
-1.000000000000000000e+00
-1.000000000000000000e+00
5.924035073509196891e+00
1.063377619377913064e+01
1.016736655684122681e+01
9.350380407596787791e+00
7.269647468834202542e+00
1.293820494139916200e+01
8.058014862749995899e+00
8.618168901346709987e+00
9.028475910736453613e+00
7.969006887365765124e+00
-1.000000000000000000e+00
5.458088129923846843e+00
6.821573410444434771e+00
8.497243918015625397e+00
-1.000000000000000000e+00
-1.000000000000000000e+00
1.035235018493358261e+01
7.491691408114703243e+00
1.235115430789256230e+01
8.674464160419889325e+00
1.028675067943696497e+01
7.629876942011623697e+00
6.864828570940072261e+00
5.817617504989570421e+00
9.408501804513802469e+00
8.357702572679905018e+00
7.619338494883772128e+00
-1.000000000000000000e+00
6.236651451564788395e+00
1.106094495960459057e+01
1.101392089836678601e+01
1.083297182482436405e+01
-1.000000000000000000e+00
8.155869836792277283e+00
7.607343864461356908e+00
8.388038747719116728e+00
7.055796788137871367e+00
1.031300466968838769e+01
7.163286593887017162e+00
1.598477933699841103e+01
9.879013485624527746e+00
5.638242395282615504e+00
1.188694946418387133e+01
1.102916356842177237e+01
1.087208123353333100e+01
8.805150494305253872e+00
1.312360636426073057e+01
7.673978288749952803e+00
9.970016315806780938e+00
9.288282572164236583e+00
7.005788952259118574e+00
7.171240362129013945e+00
-1.000000000000000000e+00
5.683697437712704748e+00
6.590986738058649763e+00
8.126428568784834994e+00
8.167068729746747024e+00
7.711910351193972168e+00
6.069930511884328972e+00
6.209158692980556893e+00
9.607550231292890430e+00
8.918858648375367792e+00
9.392050806533394081e+00
8.878540243096214368e+00
6.195445740183065375e+00
7.755991056068291201e+00
8.793540804657094867e+00
2.043983556399716761e+01
6.848917434157025141e+00
6.992881826197008266e+00
6.768634858948686883e+00
7.932984777881309846e+00
9.444870327848267522e+00
-1.000000000000000000e+00
1.109141204139773862e+01
5.827567767905159180e+00
9.214353433585156239e+00
1.113386195181341165e+01
6.720022046248484315e+00
-1.000000000000000000e+00
7.271440490286806835e+00
6.192459339079460889e+00
1.177276708333294941e+01
1.084251437249514893e+01
9.420763109829962900e+00
8.820489911074636424e+00
9.858479913150944185e+00
8.780473960517982235e+00
8.312961927169409293e+00
-1.000000000000000000e+00
