9.756027508828289285e+00
7.780486691583360148e+00
8.987100523441931443e+00
6.311941487688565111e+00
-1.000000000000000000e+00
-1.000000000000000000e+00
1.010978134877235846e+01
-1.000000000000000000e+00
-1.000000000000000000e+00
1.252562801010106597e+01
7.607918728395654639e+00
9.537849491007623470e+00
1.075791941019781461e+01
8.500113798616879990e+00
6.428297770619018969e+00
1.166818804789568631e+01
8.332469958102901586e+00
9.771238831119859469e+00
9.048289480994863965e+00
7.277847256267556908e+00
1.639440529350736497e+01
6.406315872787970100e+00
5.595987750685432971e+00
9.222342263095944404e+00
-1.000000000000000000e+00
-1.000000000000000000e+00
1.120299196615216708e+01
6.884285168689586953e+00
1.017428142467302976e+01
8.017502329433844110e+00
1.015591564424465432e+01
1.942386486403095702e+01
6.018696471990329755e+00
6.883774479497640542e+00
8.822390331182367262e+00
8.303664878082493317e+00
6.914946077948767922e+00
2.439254099948966825e+01
4.910233334152863449e+00
9.560143946881799693e+00
1.034226156472088221e+01
-1.000000000000000000e+00
-1.000000000000000000e+00
9.189784862110649044e+00
7.846163147932115223e+00
7.627145879080011959e+00
5.919488090185050844e+00
9.707563409179236658e+00
7.384476978800424973e+00
1.484745885040080005e+01
9.360072405209244550e+00
6.187698964904146059e+00
1.480468428662076619e+01
8.560029302458085354e+00
1.078723018257680799e+01
7.903929464306617803e+00
-1.000000000000000000e+00
7.560009127462998357e+00
8.928238706856491902e+00
9.104837085828977550e+00
6.260467375452077654e+00
7.334495537737350190e+00
-1.000000000000000000e+00
5.457948811773853492e+00
7.424488144335210649e+00
8.910509240764836747e+00
-1.000000000000000000e+00
7.384576517627301939e+00
-1.000000000000000000e+00
7.470349184517580454e+00
5.957391594718752792e+00
7.969677761904800484e+00
9.135120820382869766e+00
7.484490062126827326e+00
5.496849442436558597e+00
1.235283008522041470e+01
9.651476948360990349e+00
1.408846365732554595e+01
5.766933646960181292e+00
7.282945549682173336e+00
6.459440873760043722e+00
6.610541133703312866e+00
-1.000000000000000000e+00
-1.000000000000000000e+00
1.006493669668240365e+01
6.237576058821289848e+00
8.067201903045759792e+00
1.042951842985030808e+01
6.416916361150962089e+00
-1.000000000000000000e+00
6.865278065989655509e+00
6.569631324754907631e+00
1.036748177138649929e+01
1.288889618037036300e+01
9.726766152182072744e+00
8.341463438231890848e+00
1.001857847494392040e+01
8.516469436139251670e+00
8.507911140291131602e+00
6.788684056408420098e+00
