1.053619576344648223e+01
7.306684573452879583e+00
1.065277961376675009e+01
6.596676300474898724e+00
-1.000000000000000000e+00
-1.000000000000000000e+00
9.468682394478333819e+00
9.209227894568313033e+00
-1.000000000000000000e+00
-1.000000000000000000e+00
5.335501349006271710e+00
1.053155373721631705e+01
9.038511916111678701e+00
1.000603580047476626e+01
8.491592156200390207e+00
-1.000000000000000000e+00
8.985999978792996501e+00
1.048226018048353758e+01
1.036234492319992384e+01
8.674228422910344349e+00
1.467937844834668404e+01
7.491535270304035876e+00
7.354063930276522498e+00
1.010169038984491152e+01
-1.000000000000000000e+00
1.422427037515070936e+01
1.177840539711134937e+01
7.241068735333634265e+00
1.022206327684774863e+01
7.956783911349609717e+00
1.007217563913936331e+01
-1.000000000000000000e+00
6.856120412507355155e+00
7.235435182458126668e+00
9.496854155035855172e+00
9.226775260503334408e+00
8.124480170420177672e+00
2.972794593350042902e+01
7.824516930873420151e+00
1.063235731673925599e+01
1.103530166192487272e+01
-1.000000000000000000e+00
-1.000000000000000000e+00
1.277075344491308861e+01
-1.000000000000000000e+00
9.103798334795374814e+00
7.259711222618204118e+00
-1.000000000000000000e+00
6.915270319563254553e+00
-1.000000000000000000e+00
9.428025045704281126e+00
6.041935733761602201e+00
-1.000000000000000000e+00
1.007840735580609248e+01
1.189293353019327526e+01
9.483091898809718145e+00
-1.000000000000000000e+00
9.279613906844492277e+00
9.679278902042923960e+00
8.913268630331621978e+00
7.598123754883625125e+00
5.960925963065143662e+00
-1.000000000000000000e+00
8.675201914200583175e+00
7.464767924366803697e+00
8.074281533193831351e+00
-1.000000000000000000e+00
8.128181933716446039e+00
4.947570951657285221e+00
8.512222932567397038e+00
-1.000000000000000000e+00
9.339062095894412607e+00
8.448044065769687805e+00
-1.000000000000000000e+00
7.497625921189958298e+00
9.128577063620054943e+00
9.809165423412116169e+00
-1.000000000000000000e+00
7.843144213841155121e+00
7.225719219162919593e+00
7.850290058248669212e+00
8.862854452056545540e+00
-1.000000000000000000e+00
-1.000000000000000000e+00
1.155717037289262095e+01
6.282454510326312302e+00
1.039400497538912127e+01
9.508293518380023457e+00
6.609144952537805651e+00
-1.000000000000000000e+00
-1.000000000000000000e+00
7.385379273103205300e+00
1.070341901838282439e+01
-1.000000000000000000e+00
1.142988692812829932e+01
9.299523711925651526e+00
1.042215339330207335e+01
1.361075101700262913e+01
8.846579739972058931e+00
-1.000000000000000000e+00
