1.330470472102450685e+01
7.364314924136307283e+00
1.068759037057582795e+01
6.952508971639231206e+00
-1.000000000000000000e+00
1.161461351443618639e+01
9.282594011755227470e+00
1.725542366602927302e+01
-1.000000000000000000e+00
1.165777518173230831e+01
6.755010163415423818e+00
8.981134205776903912e+00
1.038217141687988487e+01
1.006050033801910004e+01
7.100442695518136560e+00
-1.000000000000000000e+00
8.959285788258110728e+00
9.750437526316703796e+00
1.024564654072025505e+01
7.366398227958955935e+00
-1.000000000000000000e+00
-1.000000000000000000e+00
8.438561027451573437e+00
-1.000000000000000000e+00
-1.000000000000000000e+00
-1.000000000000000000e+00
-1.000000000000000000e+00
6.071745142677572815e+00
9.785103094299190118e+00
7.149637319818671344e+00
1.066989445258045066e+01
-1.000000000000000000e+00
8.175253159006338421e+00
5.226544441038130984e+00
9.852387173679037602e+00
8.848148250041234064e+00
7.342894374138660751e+00
2.718491954363337015e+01
1.598341768087718329e+01
9.557912300624865409e+00
1.108140077665079737e+01
-1.000000000000000000e+00
-1.000000000000000000e+00
-1.000000000000000000e+00
-1.000000000000000000e+00
7.281687293671778249e+00
6.135305826874059676e+00
-1.000000000000000000e+00
5.546057089043322286e+00
-1.000000000000000000e+00
9.985302324277544272e+00
5.141427737361803807e+00
1.869234575511920582e+01
9.891548105008538982e+00
1.169804729830999435e+01
-1.000000000000000000e+00
-1.000000000000000000e+00
7.445484009764838262e+00
9.522268638153636999e+00
8.771293544976408896e+00
6.265766558026956368e+00
6.813064717820622285e+00
1.113524543835203673e+01
8.034053199140156920e+00
7.612298636769762261e+00
9.249259990989987301e+00
-1.000000000000000000e+00
8.066289081826509388e+00
-1.000000000000000000e+00
7.012796135064055747e+00
-1.000000000000000000e+00
9.454066582171236632e+00
9.953380577327614276e+00
9.418271769102373625e+00
6.622503123586358065e+00
1.338077005252313967e+01
1.031104397961583885e+01
-1.000000000000000000e+00
6.239022568709620131e+00
6.306718029709197815e+00
8.827872633390319024e+00
6.922416416713805809e+00
-1.000000000000000000e+00
-1.000000000000000000e+00
1.240406656322550205e+01
6.691953197846360446e+00
8.227163567287508528e+00
9.422306499426055026e+00
6.451547104871641736e+00
-1.000000000000000000e+00
-1.000000000000000000e+00
7.477312799459003401e+00
-1.000000000000000000e+00
-1.000000000000000000e+00
1.625604630484939861e+01
-1.000000000000000000e+00
1.027464954331830960e+01
9.895081668768785477e+00
9.109360270577447238e+00
1.009478501216216273e+01
