1.004825598011579046e+01
8.988913070669891425e+00
1.046791485944770628e+01
6.190817004015112701e+00
-1.000000000000000000e+00
-1.000000000000000000e+00
1.194037517217927302e+01
-1.000000000000000000e+00
-1.000000000000000000e+00
-1.000000000000000000e+00
7.162480258290239377e+00
1.098299072654802089e+01
1.041653341431195656e+01
8.908482086283108003e+00
8.356838409497418851e+00
1.447603412641826637e+01
8.313949225576401147e+00
1.127471806865587034e+01
9.256276121046996153e+00
7.355707957642449557e+00
-1.000000000000000000e+00
8.470878941245729266e+00
6.534260667383679611e+00
-1.000000000000000000e+00
1.404306973252790591e+01
1.802680672745901092e+01
1.046414643261924660e+01
6.963451041496210081e+00
1.037044552043756873e+01
8.459234985754047642e+00
1.118467951535335914e+01
-1.000000000000000000e+00
7.728259748747873914e+00
6.187204288586455547e+00
9.694686210767551771e+00
8.893142345751094524e+00
-1.000000000000000000e+00
-1.000000000000000000e+00
7.940442377690971831e+00
9.770553779479334011e+00
1.175930673421579087e+01
-1.000000000000000000e+00
-1.000000000000000000e+00
1.134355760559881610e+01
-1.000000000000000000e+00
8.260306381664820563e+00
6.287401280857780606e+00
-1.000000000000000000e+00
6.200148005397396744e+00
-1.000000000000000000e+00
1.101901979432474477e+01
6.125550183124730985e+00
1.667886798065078935e+01
1.044166561981303509e+01
1.195833006206927784e+01
8.574149850882555768e+00
-1.000000000000000000e+00
9.171642649579691664e+00
9.431990689110255843e+00
8.239659926162811843e+00
7.208993913207466520e+00
7.506986921357391651e+00
1.018982211776267732e+01
9.267750788565424003e+00
8.544337311357676157e+00
8.418077323590102523e+00
8.851930699150603488e+00
8.150340958629662680e+00
4.152396715385073378e+00
8.595822309124169891e+00
6.205851712689295141e+00
9.051615613704113272e+00
9.086934380709827508e+00
-1.000000000000000000e+00
6.540184353421925501e+00
9.083175918836557727e+00
9.318175731220648572e+00
-1.000000000000000000e+00
6.581941192326585366e+00
7.162372080853221412e+00
6.239984488106631311e+00
8.053068100049145528e+00
9.611162859527834001e+00
-1.000000000000000000e+00
1.149751177522244028e+01
6.767957224360035440e+00
1.170725941963566896e+01
1.033341379813129990e+01
6.246992665429144331e+00
-1.000000000000000000e+00
1.521613251295381808e+01
6.868005713183280569e+00
1.137457414372714659e+01
-1.000000000000000000e+00
-1.000000000000000000e+00
9.433680323029063786e+00
1.060589956387839727e+01
1.163749886704840542e+01
9.373233539549850946e+00
9.295673494578169382e+00
