-1.000000000000000000e+00
1.632852859936481948e+01
1.282004657674132808e+01
1.109480108617078997e+01
-1.000000000000000000e+00
-1.000000000000000000e+00
-1.000000000000000000e+00
-1.000000000000000000e+00
-1.000000000000000000e+00
-1.000000000000000000e+00
6.892225809505097445e+00
1.579461329448028195e+01
1.360673295834871155e+01
1.589660489103170526e+01
7.376179300936514416e+00
-1.000000000000000000e+00
1.257172537356880326e+01
1.583405934458989073e+01
-1.000000000000000000e+00
1.020658051700447189e+01
-1.000000000000000000e+00
7.237847399337926646e+00
1.316517987661231537e+01
-1.000000000000000000e+00
-1.000000000000000000e+00
-1.000000000000000000e+00
1.853108652601727613e+01
7.579988183373830068e+00
1.160164749201794798e+01
1.845378710613526252e+01
1.579461329448028195e+01
-1.000000000000000000e+00
1.533450955133066529e+01
5.567780508334296385e+00
9.887235044343293922e+00
8.689431133903982030e+00
-1.000000000000000000e+00
-1.000000000000000000e+00
7.062845965677261972e+00
1.356796826358698027e+01
-1.000000000000000000e+00
-1.000000000000000000e+00
-1.000000000000000000e+00
1.270631948739133321e+01
-1.000000000000000000e+00
1.573658810640372074e+01
9.876859126579308423e+00
-1.000000000000000000e+00
9.395149207963267912e+00
-1.000000000000000000e+00
-1.000000000000000000e+00
1.520148821745116408e+01
-1.000000000000000000e+00
-1.000000000000000000e+00
1.698193863691797389e+01
1.162644614683325095e+01
-1.000000000000000000e+00
-1.000000000000000000e+00
1.208326887581495868e+01
1.364673674170361650e+01
5.912660054353474415e+00
1.292308663183293760e+01
-1.000000000000000000e+00
8.164315673609564783e+00
1.462772726586371697e+01
1.787601695235861854e+01
1.591876555395866788e+01
9.808715394210844707e+00
-1.000000000000000000e+00
1.573658810640372074e+01
5.250161808493454707e+00
1.485960565208116790e+01
1.589660489103170526e+01
1.136927014498533239e+01
1.709302262452774457e+01
1.988284512958314920e+01
1.739951654170233297e+01
-1.000000000000000000e+00
1.041287529675014945e+01
9.793042178667848319e+00
-1.000000000000000000e+00
6.832047648843517784e+00
1.060322147157297579e+01
-1.000000000000000000e+00
1.832243414196264553e+01
7.650078563702226830e+00
9.480997927920245871e+00
1.147134003491528276e+01
1.584370466412801548e+01
-1.000000000000000000e+00
1.024532529385903423e+01
1.215288934847900393e+01
1.620588220628784626e+01
1.501317474576601541e+01
1.606222841105243049e+01
1.319924385061841043e+01
1.356796826358698027e+01
1.247886782184340149e+01
-1.000000000000000000e+00
-1.000000000000000000e+00
