7.821773022916636897e+00
6.047795666453140484e+00
7.696802579259526489e+00
5.151867033630839643e+00
1.331492949911923418e+01
1.076421142202346459e+01
7.897385344128426077e+00
8.733614090105241701e+00
-1.000000000000000000e+00
1.144427932163441142e+01
4.340759096674688955e+00
9.099245804910207625e+00
8.777122673475966863e+00
7.761772632797404370e+00
6.556006425983631480e+00
1.161446214817937594e+01
7.582777952098704866e+00
8.324628176537848034e+00
8.167622919906420975e+00
6.367346187031152738e+00
1.168262393721225401e+01
4.964777376272357046e+00
4.708243214248679642e+00
8.348415400773241402e+00
1.076282778668491069e+01
-1.000000000000000000e+00
9.598644540347260445e+00
5.385332858376435716e+00
7.999762955257621933e+00
6.421175505286917939e+00
9.161140073709811205e+00
6.965820828667480313e+00
5.110646840389152068e+00
4.703119321010704290e+00
6.982435382652010247e+00
7.242281555898603784e+00
6.353845557888394779e+00
1.072517243481806837e+01
8.149728199898316205e+00
8.668801164908430223e+00
9.904811000509095464e+00
-1.000000000000000000e+00
-1.000000000000000000e+00
5.783726191303102837e+00
7.136093992191355539e+00
5.847466702532116756e+00
5.017173272571648468e+00
8.663633275866221339e+00
5.354572749809163312e+00
9.700225328650860845e+00
8.742235385211509779e+00
4.507985236096248904e+00
1.304186025740697374e+01
9.267182072353348232e+00
9.451881840643075350e+00
6.899412798195767138e+00
1.123344808460652544e+01
6.245327133274976461e+00
8.006775062775387752e+00
7.118184014025951356e+00
5.329716594428994370e+00
5.460012180173749563e+00
8.367263591152774183e+00
4.750741970423638882e+00
5.942296909443012254e+00
7.085822729268496545e+00
7.054744862948829187e+00
6.396010333080022647e+00
5.037412952666476151e+00
5.951342266569636941e+00
4.022011695469384307e+00
6.855728781790918269e+00
7.784143806997679604e+00
1.183649330215143181e+01
6.084787189896629478e+00
7.269450971686966412e+00
7.880905011627579171e+00
1.090069064673446952e+01
5.576919343883425029e+00
5.080857723964221861e+00
6.316636887103121545e+00
6.115941042246328507e+00
8.023448446151583369e+00
1.079556506025495111e+01
9.055446528533177997e+00
5.218136281880307870e+00
6.261718135462429835e+00
8.110104106779221667e+00
5.184343364232582019e+00
1.502179513753640450e+01
5.984316708669167539e+00
5.499195092078657865e+00
8.898694808401796053e+00
1.018387415623228875e+01
9.229942252970516847e+00
7.565542080697390759e+00
8.683738562597012489e+00
8.817981630632683476e+00
7.017269773059227944e+00
6.945187518770634227e+00
