9.989199447514218733e+00
7.957497810542555783e+00
9.527791799556499797e+00
7.529674452763403636e+00
-1.000000000000000000e+00
-1.000000000000000000e+00
1.110888520697114146e+01
-1.000000000000000000e+00
-1.000000000000000000e+00
1.310916236715941885e+01
6.782584887566791565e+00
1.186451175548480741e+01
1.030482406625527148e+01
9.563692617893993386e+00
1.008072767418344817e+01
1.149118415560208462e+01
9.661261960407315996e+00
9.730154789125450066e+00
1.111716733469752683e+01
7.992821988936078093e+00
1.851158119189009810e+01
6.933453233232016011e+00
7.034157710907526173e+00
9.136445794383030616e+00
1.374312934944543585e+01
-1.000000000000000000e+00
1.202317616787530952e+01
7.899768121290565936e+00
-1.000000000000000000e+00
8.654191536479661551e+00
1.181422638169206074e+01
9.406017159924527249e+00
8.068856633723177296e+00
7.878132439308959789e+00
8.193273725475464175e+00
1.090861072368666385e+01
8.966617817378688571e+00
-1.000000000000000000e+00
6.505143948311770785e+00
9.973514381359438019e+00
1.208818415189183959e+01
-1.000000000000000000e+00
1.224774504600094183e+01
7.354548794456652772e+00
9.665490888254154811e+00
1.052225264529473847e+01
6.790824241514076043e+00
1.087919353404978295e+01
7.709271213323868110e+00
1.337659679115346023e+01
1.147625189889233432e+01
5.127031450186767536e+00
1.859130948830864938e+01
1.364200060795759306e+01
1.199560826590209217e+01
8.436014484954625914e+00
-1.000000000000000000e+00
9.015034826327610773e+00
9.473642037415649142e+00
9.363162596525480552e+00
7.904665299216192764e+00
7.375475985502850662e+00
1.079991200739358348e+01
8.097198310446421132e+00
8.245141812360245126e+00
9.288493355354360048e+00
8.653240414483089893e+00
8.417058985649084946e+00
7.223764558006248393e+00
7.716732648316033227e+00
6.631136401091294985e+00
9.898102645343106687e+00
8.971765381854634569e+00
8.938762813782611616e+00
6.550747211667260927e+00
8.153903306732232181e+00
9.725147437914085202e+00
1.279596242381968096e+01
8.069392702638189974e+00
6.435514318717501681e+00
7.490419191233598895e+00
7.802477363797445165e+00
-1.000000000000000000e+00
1.351760945145756310e+01
1.140613765178965089e+01
8.460071811665258679e+00
1.182831127663164850e+01
1.081903920935143049e+01
7.836785201591837335e+00
-1.000000000000000000e+00
7.840930274726487959e+00
8.207195482000457787e+00
1.184025415850201668e+01
-1.000000000000000000e+00
1.288537839262888696e+01
9.835389817683157787e+00
1.058986112184678241e+01
9.499049100524308287e+00
9.788417159964950542e+00
1.026265453586452914e+01
