1.403122873042565288e+01
8.347577236616086083e+00
9.486847831185972524e+00
6.861210822438922108e+00
-1.000000000000000000e+00
-1.000000000000000000e+00
-1.000000000000000000e+00
-1.000000000000000000e+00
-1.000000000000000000e+00
-1.000000000000000000e+00
6.089759818016311499e+00
1.054307349850499165e+01
8.770295064482150238e+00
8.273079385914853034e+00
7.364278378077099951e+00
-1.000000000000000000e+00
8.468164273345887949e+00
8.961470151240206405e+00
9.316662901472390956e+00
8.505418246740516608e+00
-1.000000000000000000e+00
5.833897957834938808e+00
4.536093818072053807e+00
9.164638305934531104e+00
-1.000000000000000000e+00
-1.000000000000000000e+00
1.037286644969521276e+01
6.657568702777998837e+00
-1.000000000000000000e+00
7.248560471398764804e+00
9.781248958431479679e+00
7.301841034275918574e+00
5.249357560420484958e+00
5.322471273228758903e+00
8.383830857338194775e+00
8.246065893689717541e+00
7.551710179067510964e+00
-1.000000000000000000e+00
6.406801967156628308e+00
1.014540054837963190e+01
1.046406808341793848e+01
-1.000000000000000000e+00
-1.000000000000000000e+00
-1.000000000000000000e+00
7.121844221248004203e+00
9.051820808526302997e+00
6.106884865532068218e+00
-1.000000000000000000e+00
7.455415407632544955e+00
-1.000000000000000000e+00
1.129939495191666410e+01
5.856633882888901077e+00
-1.000000000000000000e+00
1.097142148325259825e+01
1.055874605987825099e+01
8.807665768223179370e+00
-1.000000000000000000e+00
6.245938095786147670e+00
8.449324660505752149e+00
7.652881397438511257e+00
6.153324668876345882e+00
6.619885349865909596e+00
-1.000000000000000000e+00
6.031863872178547581e+00
6.412864203905551896e+00
8.764917344184457448e+00
-1.000000000000000000e+00
7.555766239497835990e+00
5.542927447159864407e+00
-1.000000000000000000e+00
7.181207526939621388e+00
8.600372480132154607e+00
7.803451488350019005e+00
8.054410868908220777e+00
6.478600580813349552e+00
-1.000000000000000000e+00
8.747030138799029686e+00
-1.000000000000000000e+00
7.509168173827110770e+00
8.646545447726628808e+00
7.083804770937804030e+00
7.819793582354414241e+00
-1.000000000000000000e+00
-1.000000000000000000e+00
1.173682111858008348e+01
7.328669833510461196e+00
-1.000000000000000000e+00
9.878060119143540874e+00
6.570017528512061666e+00
-1.000000000000000000e+00
7.377331534110069811e+00
6.174870189540005327e+00
1.080236341060782834e+01
-1.000000000000000000e+00
-1.000000000000000000e+00
1.048908888076715762e+01
9.338371406929361740e+00
9.924564374114211773e+00
7.367679645818187240e+00
-1.000000000000000000e+00
