7.912194071168655363e+00
6.214316812637576959e+00
8.118362454224648417e+00
5.488011510931535497e+00
1.491053590532356310e+01
-1.000000000000000000e+00
8.041853175197040571e+00
-1.000000000000000000e+00
-1.000000000000000000e+00
-1.000000000000000000e+00
4.756105363346150305e+00
9.000095569158011344e+00
-1.000000000000000000e+00
7.614093105629955005e+00
7.314989441267549353e+00
1.371311186389793235e+01
7.893722475373020409e+00
8.538199244263246612e+00
8.537333737691342961e+00
6.398656183830675026e+00
1.336192181054481054e+01
4.987912110819777034e+00
4.996267239868179999e+00
9.352365733770472644e+00
-1.000000000000000000e+00
-1.000000000000000000e+00
9.834920760616366664e+00
5.329377666556287529e+00
8.896940222066040960e+00
7.265661707792177459e+00
9.154390072820678625e+00
7.871086171068916393e+00
5.232141043954956494e+00
5.103230233995214249e+00
7.794727032902398989e+00
7.102393377619039327e+00
6.306278295847304705e+00
-1.000000000000000000e+00
6.599474598916199142e+00
8.609609185578159796e+00
1.006306821300466936e+01
-1.000000000000000000e+00
-1.000000000000000000e+00
6.325886724982941800e+00
7.175632999020457703e+00
6.139181068640645833e+00
4.923596967881559650e+00
9.293414052726046037e+00
6.046101843893610273e+00
1.285218760323028953e+01
9.083605429976170598e+00
4.405945188953758418e+00
1.151383515729581042e+01
9.466020871265591552e+00
9.659397658266131614e+00
7.205753216500005109e+00
-1.000000000000000000e+00
7.080786907926944096e+00
8.146546699971622729e+00
6.991057511413210079e+00
5.426569856685224735e+00
5.808922735891488998e+00
1.021351513012299961e+01
4.892544178191069015e+00
5.895732996056753272e+00
7.521589519951163538e+00
7.732119616567062259e+00
6.324573490931920894e+00
5.900068145797256136e+00
6.115701192040127410e+00
5.212693358593754489e+00
7.102925404753299254e+00
7.719712379060720053e+00
-1.000000000000000000e+00
6.205825511462190747e+00
7.233211452079792991e+00
8.203930164677274206e+00
-1.000000000000000000e+00
5.455516117257447561e+00
5.251651169115363338e+00
6.240524250349708701e+00
6.259204199605056473e+00
7.882480492740988609e+00
1.091682062469875447e+01
9.779488975232062842e+00
5.327704715760855692e+00
6.234593886237800753e+00
8.125194515797383943e+00
5.035002170910725994e+00
-1.000000000000000000e+00
6.073283781619888799e+00
5.567692370967501247e+00
9.055710208632032021e+00
-1.000000000000000000e+00
1.006850591663286032e+01
7.553344700732250061e+00
8.731660735605451862e+00
9.220042398585270860e+00
6.832641322057437350e+00
7.368831742914740524e+00
