7.527419608461658029e+00
6.074536019712864388e+00
7.726792063853896941e+00
5.418506778276842795e+00
1.357502048815014106e+01
1.177541000785224945e+01
8.092238952751801051e+00
8.232432313032919780e+00
-1.000000000000000000e+00
1.095169644901186246e+01
4.739720938970195974e+00
8.867391082156395044e+00
8.352395518190215640e+00
7.389689900320236760e+00
6.225388602340578004e+00
1.123860973802909768e+01
7.221498011331705769e+00
8.352190331747577190e+00
8.297579185468542562e+00
6.316947624495730551e+00
1.080951902986953606e+01
5.511555228841127807e+00
4.775299568355226398e+00
8.167365832785499435e+00
1.077727756148005511e+01
1.312598336175884839e+01
9.567356291317967276e+00
5.365606635416403591e+00
7.674714589568465861e+00
6.532265563805291997e+00
9.060798999223292682e+00
6.222798364455272235e+00
5.365111952768607750e+00
4.774674506353089320e+00
7.194994819622865023e+00
7.218964845997096091e+00
6.192789986406168623e+00
1.001118531355617591e+01
8.018379881424746003e+00
8.455764656746932673e+00
9.958925923989841777e+00
1.090623217446051818e+01
-1.000000000000000000e+00
5.864836272655176153e+00
6.720016853759906539e+00
5.667564166691334115e+00
4.756630075582616080e+00
8.560187462428835659e+00
4.979599282508285540e+00
1.066903327011667280e+01
8.612600509910972590e+00
4.549419909559936137e+00
1.131985224365399390e+01
9.182603311271154922e+00
9.170800855612508684e+00
7.041597641851971012e+00
1.007703787470322965e+01
5.888096913399337495e+00
7.682635622057929936e+00
7.069973025109256071e+00
5.336869366155641892e+00
5.607372814935334127e+00
7.310832682493611401e+00
4.933931001371091085e+00
5.846678493507935670e+00
6.882477776385621304e+00
7.137748068469903728e+00
6.599186519088734215e+00
5.410808404592114762e+00
5.811536790550327680e+00
4.118220171895162096e+00
6.618859473693886386e+00
7.582059070698152325e+00
7.385883521212131875e+00
5.173202669840469170e+00
7.384617716249449515e+00
7.997502167488931946e+00
1.194926900224804811e+01
5.485441090014127496e+00
4.907908048215503527e+00
5.832247566560905483e+00
6.125839094331073653e+00
7.828145324216443157e+00
2.193688725932443973e+01
9.061005486123562491e+00
5.380777726384043724e+00
6.290602496314539493e+00
7.973526519461962003e+00
5.281749779339286022e+00
1.237330605023590735e+01
5.847122569984221307e+00
5.510290010806901506e+00
9.350612410557934240e+00
8.575190630609814235e+00
1.062586756149214828e+01
7.521155550746477125e+00
8.699011808711333060e+00
8.644040343728290665e+00
6.653396086724370662e+00
6.472529042706588243e+00
