3.294999839999999958e-03
-5.970276170000000045e-08
9.999945709999999988e-01
1.032103563539999991e+00
9.999945709999999988e-01
-5.950636419999999726e-08
-3.294999839999999958e-03
-8.326837204329999853e-01
5.970276170000000045e-08
1.000000000000000000e+00
5.950636419999999726e-08
1.193785280000000082e-07
0.000000000000000000e+00
0.000000000000000000e+00
0.000000000000000000e+00
1.000000000000000000e+00
3.294999839999999958e-03
-5.970276170000000045e-08
9.999945709999999988e-01
9.262838132020000392e-01
9.999945709999999988e-01
-5.950636419999999726e-08
-3.294999839999999958e-03
3.299357714419999810e-01
5.970276170000000045e-08
1.000000000000000000e+00
5.950636419999999726e-08
9.134180128669999732e-01
0.000000000000000000e+00
0.000000000000000000e+00
0.000000000000000000e+00
1.000000000000000000e+00
