3.294999839999999958e-03
-5.970276170000000045e-08
9.999945709999999988e-01
9.291888198030000545e-01
9.999945709999999988e-01
-5.950636419999999726e-08
-3.294999839999999958e-03
3.560841314309999839e-01
5.970276170000000045e-08
1.000000000000000000e+00
5.950636419999999726e-08
1.193785280000000082e-07
0.000000000000000000e+00
0.000000000000000000e+00
0.000000000000000000e+00
1.000000000000000000e+00
3.294999839999999958e-03
-5.970276170000000045e-08
9.999945709999999988e-01
9.555970900700000437e-01
9.999945709999999988e-01
-5.950636419999999726e-08
-3.294999839999999958e-03
1.831420068859999917e-01
5.970276170000000045e-08
1.000000000000000000e+00
5.950636419999999726e-08
1.042694411420000078e+00
0.000000000000000000e+00
0.000000000000000000e+00
0.000000000000000000e+00
1.000000000000000000e+00
