3.294999839999999958e-03
-5.970276170000000045e-08
9.999945709999999988e-01
1.071869654749999956e+00
9.999945709999999988e-01
-5.950636419999999726e-08
-3.294999839999999958e-03
-8.264276168040000092e-01
5.970276170000000045e-08
1.000000000000000000e+00
5.950636419999999726e-08
1.193785280000000082e-07
0.000000000000000000e+00
0.000000000000000000e+00
0.000000000000000000e+00
1.000000000000000000e+00
3.294999839999999958e-03
-5.970276170000000045e-08
9.999945709999999988e-01
9.603060418469999693e-01
9.999945709999999988e-01
-5.950636419999999726e-08
-3.294999839999999958e-03
1.929816473759999873e-01
5.970276170000000045e-08
1.000000000000000000e+00
5.950636419999999726e-08
8.304622287980000239e-01
0.000000000000000000e+00
0.000000000000000000e+00
0.000000000000000000e+00
1.000000000000000000e+00
