3.294999839999999958e-03
-5.970276170000000045e-08
9.999945709999999988e-01
7.861052418970000399e-01
9.999945709999999988e-01
-5.950636419999999726e-08
-3.294999839999999958e-03
3.422904555069999910e-01
5.970276170000000045e-08
1.000000000000000000e+00
5.950636419999999726e-08
1.193785280000000082e-07
0.000000000000000000e+00
0.000000000000000000e+00
0.000000000000000000e+00
1.000000000000000000e+00
3.294999839999999958e-03
-5.970276170000000045e-08
9.999945709999999988e-01
9.671161664720000495e-01
9.999945709999999988e-01
-5.950636419999999726e-08
-3.294999839999999958e-03
2.823196023610000105e-02
5.970276170000000045e-08
1.000000000000000000e+00
5.950636419999999726e-08
9.936422110000000529e-01
0.000000000000000000e+00
0.000000000000000000e+00
0.000000000000000000e+00
1.000000000000000000e+00
