2.681538 0.4942894 -0.14926994 0.08750571 -1.8421465 -0.9025137 -1.8918036
2.3255258 -0.25149155 0.093328476 0.026881594 -1.9704162 0.048390932 -0.749258
2.1297548 -0.74568415 0.38300598 0.21934642 -1.9764053 0.32984585 -0.46458894
3.5326884 -1.7926751 1.2004011 -0.22458248 -1.6452235 0.59781396 0.66603225
2.375602 -0.14229953 0.11146331 -0.34179577 -1.838432 0.70450455 0.18477316
2.4793413 1.1155314 -0.56444395 0.46768644 -2.1736944 -1.0239195 -2.3450758
2.1556308 0.13398981 -0.5106647 0.23411132 -1.946629 0.2634688 -0.66829795
2.4939744 -0.6543046 1.0545772 -0.11648898 -1.9813102 0.65448457 0.0899681
1.7268124 -0.34089935 0.1649437 -0.4879155 -1.5874251 -0.16268328 -1.2624298
2.5326402 -0.42936695 0.16644895 -0.29181406 -2.1426609 0.66966695 0.25237626
2.975796 -0.64495397 1.2944052 0.14527167 -1.3194366 0.97700375 1.6635001
2.3719757 0.5975138 -0.8105068 0.48575833 -1.9220043 -0.30370182 -1.3768064
3.3448465 -0.23229218 1.6241165 0.2398686 -1.5744679 1.6689904 1.044115
3.8380642 -1.7968199 0.9752817 -0.33418605 -1.5891994 0.9851401 0.7384408
2.3322873 -0.2644726 1.3970422 0.4856579 -1.0280302 -0.34651864 0.09671976
2.6767523 -0.39158845 1.256326 0.014802057 -1.9564131 1.2422634 0.20788296
1.915048 0.4499179 0.083349586 -0.275934 -2.4589813 1.2044052 1.2343016
3.0317585 -1.0462663 1.3809274 -0.31811145 -1.4872031 0.50094557 0.19041888
2.047675 -0.101420164 -0.253214 -0.3985223 -0.68636674 -0.46867624 -1.3635805
2.5971162 1.2128116 -0.7009666 0.23618604 -1.9692987 -1.2880207 -2.558256
1.6172713 2.0786772 0.40146744 1.4727111 -2.9561083 -0.11733239 -2.7629585
2.173497 0.38626218 0.7627715 0.19865187 -2.2568781 0.6106301 -0.5335109
1.5589511 0.38543665 -0.030195119 0.29429212 -0.25636014 1.0004605 -0.2705317
1.6572633 0.7132933 1.5477216 0.31686202 -1.7766651 -0.1431675 0.33192182
2.2893758 1.3910292 1.1421145 0.21076094 -0.6015652 -1.0104471 -0.59519
1.9227741 -0.5945898 0.7138376 -0.15680198 -1.6205335 -0.05423271 -0.5227856
3.126518 -0.7481446 1.3807112 0.23740418 -1.4743004 1.4311544 1.3040661
2.383781 1.2085987 0.6087929 -0.36566278 -1.744319 -0.059152894 1.1364673
2.326162 0.8405428 0.17465532 0.86083156 -2.0218709 -0.6500103 -2.204267
3.0088093 -1.452001 1.3514243 -0.034355145 -1.8814605 -0.29191524 0.80423653
2.291982 -0.04303289 -0.03527558 -0.41999587 -1.5757438 -0.59217876 -1.6007754
2.383162 -0.08406627 0.9594101 -0.36035833 -1.5184412 -0.80402374 0.7215845
2.484742 0.3730532 -0.80267537 -0.10099755 -0.051083952 0.31688398 -0.7058951
3.3976858 -0.3141414 0.9014541 -0.03625236 -1.3665509 -0.7867407 1.2676136
1.276292 0.002231476 0.49749815 -0.5469054 -0.9884631 -0.5788977 -1.0231228
2.1034877 1.0176892 -0.5386727 0.725773 -2.013226 -0.4710496 -1.393931
1.9966073 1.4514792 -0.46195567 -0.29666886 -1.3000482 -0.07049959 0.9569076
2.2247481 -0.24043643 1.3578895 0.5372195 -0.9953689 -0.34243378 0.14106818
2.0410812 1.4174564 -0.010599973 1.6162064 -2.3300993 -0.43847984 -2.5785098
1.8916786 1.379068 -1.9551374 1.3949785 -1.245863 0.27950972 -1.1297449
2.615553 -0.57520866 -0.12873936 0.16095091 -2.1998472 0.2295708 -0.5105402
1.9787986 -0.19769335 0.4096703 -0.5507209 -0.2843344 -0.9192144 -1.4673504
1.5055413 2.1659224 0.15334558 1.554152 -2.709858 -0.32236546 -2.3936
2.125801 -0.63595724 -0.64544666 1.0652671 -1.3869985 0.18282741 -2.3164225
2.4086235 0.43702292 0.1201818 0.35413948 -2.252938 0.14258164 -0.52453643
1.9084743 0.06500816 -0.6526908 -0.5245404 -2.016413 1.2306993 0.6442471
2.5547023 -0.13440812 0.37029374 -0.14057575 -2.075298 0.38294345 0.2921607
1.938321 0.1430316 -0.38248634 0.22266461 -2.2129538 0.2534662 -0.11205666
2.3247454 -0.12613356 1.1547382 0.18029048 -2.0235474 0.85132915 0.13571505
1.7371869 -0.45456576 -0.4189912 -0.31471166 -2.4431648 1.525015 0.6361156
2.6547244 0.70609677 0.8082633 -0.0106704645 -1.9073552 1.1090287 1.8793753
2.465912 0.41209126 -0.020321013 -0.50751793 -2.2097359 0.74859303 1.0530473
2.3488681 -0.8416822 -0.41547835 0.10423292 -1.9122181 0.9060505 -0.47697502
1.9173918 0.21245182 0.5969449 -0.42701197 -0.42350766 -1.0791498 -1.0979117
3.754241 -0.611377 0.87107646 0.39037243 -2.0990603 -0.7790215 -1.0904428
2.5622377 0.77086115 1.2392182 0.41309103 -1.3881992 1.2478706 2.5007954
2.178128 0.01816177 -0.93164384 0.43149987 -0.80231076 1.1817918 -0.4576375
1.741646 -0.75119454 0.2413187 -0.47119424 -0.46911755 -0.78883576 -2.0615802
1.4837577 -0.14713407 0.9031081 -0.18166701 -1.5894231 -0.60706156 -0.66023386
2.8569794 -0.038833145 -1.1846983 0.023233552 -0.07076916 0.31926185 -1.1297413
2.2738192 0.15923417 0.9422344 -0.021382134 -2.2322521 0.6841405 -0.4990784
1.9032397 1.5350938 -0.10306132 0.0866244 -0.1712197 1.0311768 0.18523176
1.532875 1.4184054 0.33100474 0.4336683 -2.884196 0.39698273 0.42092425
2.485896 0.66688216 -1.1627494 0.15660645 -0.22373024 0.74361676 -0.4848053
2.8368223 -0.8761915 0.590165 -0.63692695 -1.7215859 -0.32205027 -0.6179805
2.824208 0.43483746 0.92554855 0.34265468 -1.4252678 1.0962473 2.5796797
2.3148065 0.75612366 1.3041065 1.4723905 -2.5661094 0.2679116 -1.7116567
2.5743606 -0.3669405 -0.61266637 0.0043568797 -1.8122733 -0.102062754 -1.397075
2.3393476 0.4027158 -1.4298686 0.40340427 -0.325999 0.85990083 -0.31468958
1.8472573 1.2775713 0.40230554 -0.04358993 -1.1712426 0.5554014 0.34630042
1.2828517 0.39642596 1.1114559 -0.18256901 -1.7199944 -0.4419092 -0.4874965
2.9726043 -0.20682538 0.8477318 0.76921755 -1.4934202 -1.000229 -1.7427181
2.4619596 0.8593492 -0.52111804 0.68002105 -2.1938794 -0.60232764 -1.7670459
2.4854205 -0.36806202 0.19797075 -0.34421536 -2.0137665 0.64712584 0.22739764
2.4226835 0.13093436 0.23857427 0.29573682 -2.247145 0.06975979 -0.51162463
2.6976204 -0.19181073 -1.2191675 0.58265185 -0.70566094 0.0283444 -1.0262221
1.6683098 1.309692 -0.05312109 0.20421787 -0.10386944 1.1344715 0.1844066
2.6413448 0.7738913 0.72231925 -0.2865367 -0.30287465 -0.4520614 -0.79279697
1.5200121 0.3617295 0.23741269 -0.027687531 0.05292532 1.3288953 -0.5327763
2.309755 -0.9123169 0.76406145 -0.556205 -1.4349025 -0.24348944 -0.56979746
2.331842 0.7817508 -0.13046527 0.6187906 -2.1721349 -0.1367411 -1.2573475
2.5712836 0.77824867 -1.5299066 0.77381825 -0.4135829 0.5540097 -0.22435157
2.0622911 0.8738477 -0.049532413 -0.6837845 -1.5673938 0.90256995 0.39304572
2.1645372 -0.08190966 0.86206746 0.20834519 -2.0121899 0.29858154 0.01624943
2.403001 1.9457475 0.36111867 0.5242265 -1.3484635 0.04853768 1.6124982
2.4381454 -0.5137322 -0.08700335 -0.21246587 -2.3390324 0.88097256 0.21101148
2.7025824 0.539556 0.08376634 -0.51756 -1.8273491 -0.7135834 0.97193617
2.5718486 0.35049164 -0.45991158 0.49600425 -2.1157143 -0.2818908 -1.3443401
1.371458 0.29133427 0.55550706 0.20425124 -0.19878736 1.265367 -0.3954516
3.2732713 -1.1790785 1.0970111 -0.2736638 -1.8233352 1.112607 0.3739903
2.6725001 0.45493877 -0.14542294 -0.44526634 -2.1270926 0.31915432 1.245354
2.6311252 0.21034336 0.47446918 -0.07176386 -2.180738 0.34682888 0.59856033
3.1607192 0.30342376 0.3838848 0.0754561 -1.8071402 0.3546968 1.8948352
3.884244 -0.9849273 1.0970303 0.18444307 -1.9353139 -0.050013952 2.0259092
2.0457394 -0.22979558 -0.016097786 -0.75393355 -1.2400646 -0.77625597 -1.773619
2.5504806 -0.755283 0.5461223 -0.062241416 -2.0566552 0.60005677 -0.28476277
2.2298977 0.61521965 0.43849015 1.1725817 -2.0746918 -0.29435855 -1.9306343
1.9262164 2.2188144 0.70129055 0.1423967 -1.3550512 0.39131862 0.8244799
2.2220018 1.1367127 -0.13393939 0.70863163 -2.0022483 -1.159387 -2.853735
2.4093127 1.427357 -0.4720385 0.65612984 -2.1789882 -1.2776722 -2.7738066
3.204297 0.22566235 1.9644245 0.24436589 -1.7075989 1.5293324 0.6994596
2.8562381 -0.5416535 1.3691689 0.10587485 -1.582384 1.0688976 1.203132
2.399802 0.4390489 -1.1711857 0.69158757 -0.09243938 0.78408796 0.08044179
2.437509 -0.44535947 0.22363532 0.0665697 -2.0651402 0.2703964 -0.34072787
2.0518756 -0.14668632 -0.48337042 0.11540319 -2.1616423 0.3414703 -0.113053486
2.3508277 0.042842265 -1.4878764 0.33572355 -0.9589748 -0.09773164 -1.3483477
2.6729388 -0.97974205 1.4916118 0.012440581 -1.7669125 0.015432425 0.4613735
1.7072288 0.18713987 0.2586658 0.28202823 -2.1113424 0.9470692 1.7492951
2.4098396 0.28649104 0.23732781 0.30575314 -2.1847832 0.14595276 -0.6169594
2.052187 0.4795524 1.0985672 -0.034005027 -1.7411199 0.96962315 2.3573349
2.3753862 -0.4642341 -0.96554506 0.57617784 -1.1649083 0.037243254 -1.3627352
3.182317 -0.35033238 0.8171892 0.005981941 -1.4560637 0.6638275 2.0949714
2.3674695 -0.39692914 1.516112 -0.026829462 -1.6513909 0.05999518 0.13890253
2.4516602 0.74619234 0.7206931 -0.35217145 -1.8099085 0.19221002 0.77646065
2.4652345 -0.02908123 -1.2168095 0.3853009 -0.66874295 0.96698666 -0.55894226
2.0498834 -0.27947795 1.2287065 -0.36138353 -1.3255042 -0.18270582 -0.28556678
2.8322823 0.21706569 0.09949148 -0.55046487 -1.9609115 -1.029575 0.90562624
1.9569463 1.819987 1.975143 0.6658985 -3.0124853 0.35407406 0.13977714
1.9140955 0.0282222 -0.9570979 -0.19406556 -1.5390679 1.3359491 -0.05507319
1.4146824 0.4881388 0.111471295 0.0030853935 -2.721384 1.4074677 1.0345963
2.6257298 1.0601261 2.0988007 -0.042890947 -2.3657317 1.0887986 -0.3037732
3.409024 0.5436326 0.17032039 0.33467528 -2.047149 0.1571284 1.7530977
1.9000075 -0.47495055 0.34916592 0.09345402 -1.9031676 -0.016785078 -0.78822947
2.326347 0.1972524 1.5330434 0.21284242 -2.0326712 1.1841985 0.12710492
2.7655401 0.6416147 0.945161 -0.011976939 -1.7484374 1.0683845 1.8958212
1.7878418 1.1515399 1.5671487 -0.21018301 -2.48683 0.6247192 1.7692698
3.5346916 -0.4310521 0.88587105 0.43534628 -1.9534749 -0.8729276 -1.1961836
2.6145897 0.79795504 0.46360403 -0.51550996 -1.8809563 0.32522672 0.87872237
2.2254539 0.16847801 -0.38388407 0.82046425 -2.1694722 0.6410318 1.8440573
1.9997969 0.18180704 1.4003354 0.0034421273 -1.806011 -0.1374132 0.47734326
2.419878 0.7609823 0.7920852 -0.6196236 -1.6828823 -0.5184204 0.98290044
2.0209424 0.037737843 1.1686736 0.16520156 -1.9046347 0.21663958 0.0374826
1.2100368 1.8723503 1.9415627 0.35010847 -4.0015492 -0.5993168 -1.9903288
2.5962043 0.65971553 0.99407995 0.1890058 -1.5936152 1.2688504 2.3597229
1.6536849 0.48043334 -0.1893493 0.4390129 -2.461691 -0.011864595 -0.028651882
1.8330997 1.4443833 0.5745779 1.3268336 -2.4118247 0.34321898 -1.9369388
3.101373 -0.1847645 0.68667996 -0.1417151 -1.5929242 0.5172153 2.0236924
2.496332 -0.62126184 0.120067954 0.039843816 -2.0546238 0.4982342 -0.30335528
2.5445738 -0.722278 0.55330384 0.46542233 -0.78687245 -0.32674903 0.4748233
1.6472795 0.78359497 0.7509029 -0.33690766 -1.2587723 -1.0145222 0.8290643
1.4566927 1.5954964 -0.5763452 1.3352878 -2.9072988 -0.7459218 -1.6455572
2.2750785 0.098134995 1.1655627 -0.067853436 -1.99814 0.21529764 0.502784
2.2098882 -0.59659064 -0.40872467 0.12799706 -1.6890556 0.7862644 -0.70036525
3.1763651 -0.788532 1.104279 -0.21707343 -2.4038732 0.50260526 -0.49269658
1.8980207 1.0073088 -0.16644204 0.21898897 0.25077328 1.3720821 0.13583405
1.0410172 1.5130508 0.33376944 0.17110981 -3.2319486 -0.09174769 0.53622645
2.050503 0.032883164 -0.5712782 0.28767183 -2.0456731 0.13698846 -0.46683925
1.6603936 -0.12690508 -0.7589069 -0.2358198 -1.9147872 1.5312797 0.32930475
2.7392368 -0.13068855 -0.47785258 0.14203764 -2.1522536 -0.1493215 -1.0107961
1.7489836 1.8596185 0.44282568 1.0634654 -2.3800664 0.77161247 -0.84522873
2.5826914 0.11450446 -1.4139034 0.17696752 -0.6444361 -0.006606572 -1.0819992
1.5112824 -0.40812457 0.56062794 -0.87038463 -0.90319043 -1.210847 -1.3986512
2.5364647 -0.14188802 0.11036718 0.21223177 -2.3615458 0.3288893 -0.13595943
1.2365447 0.6250963 0.17197227 0.089644566 -2.8188157 1.374071 0.9990328
1.9032528 1.7553878 0.3327706 0.020525593 -0.8533399 0.6575456 0.29218775
2.287677 0.19793737 -1.3104061 0.27827075 -1.1298872 0.47312826 -0.29299086
1.6521096 0.49893844 0.5376767 -0.15462409 -2.5803413 0.8395744 1.4898399
2.344787 0.3647567 0.0043895226 -0.04590444 -0.046967477 -0.42524546 -1.2038225
1.549469 0.5264821 -0.78311074 -0.29972455 -2.247091 0.41868192 0.38385755
2.6846914 -0.71584463 1.370277 -0.21931903 -1.8873241 -0.25144762 0.95616555
2.6396294 0.0057918997 -0.52788055 0.33452848 -2.070835 0.06219942 -1.0357362
2.7138367 -0.7962215 0.5666888 -0.14425819 -2.0702524 0.55239004 -0.3414966
2.2584236 0.49316752 0.7338537 0.5628187 -2.3218968 0.7725256 0.20982315
1.6960692 0.024735924 -0.84019935 -0.12954973 -1.8727599 1.4432881 0.21549304
2.3187592 0.1900351 0.45532703 -0.2670227 -1.6499949 0.4363969 0.16038997
2.5040505 -0.31515586 0.33243632 -0.6313417 -1.3863707 -1.0192864 0.9934812
1.0309178 1.487466 0.49073184 0.7332015 -3.0090625 -0.3936476 0.024032902
1.0154462 0.033586856 -0.2793597 -0.16988204 -2.4245121 0.7806367 0.26473624
2.8861442 0.5560758 1.8833785 0.82802916 -1.516766 1.3855821 1.4804395
2.2959058 0.14817393 -0.614817 0.0516391 -0.35060456 0.33413452 -0.9437433
2.5690906 -0.3205886 -0.5976958 -0.02656005 -1.8108305 -0.14961761 -1.4593405
1.0675517 -0.38741982 -0.47913694 -0.1071118 -2.2361841 1.4826392 0.3844958
2.4194467 0.3185581 0.8186554 0.44544086 -2.3114488 0.7253491 0.33210933
2.1843967 0.25182748 0.76233757 0.1867177 -2.2712004 0.5524531 -0.46339458
3.2305222 -0.9711001 1.0999056 -0.2076165 -1.8571491 1.3500944 0.19404604
2.3781364 1.5552359 -0.86683226 0.46542016 -2.407538 -0.88057333 -2.093623
1.0893359 1.6112325 0.03557372 1.3485379 -2.660049 -0.6745352 -0.9284554
1.5470994 0.14642036 0.42198837 0.01938488 -1.0833443 0.3550498 -0.40354675
2.7172356 -1.072749 0.85278976 0.34980395 -1.3052517 -0.22132015 0.32224756
2.7801986 -0.64054286 0.27409053 -0.10153739 -1.9072858 0.07312674 -0.50128704
2.4330707 -0.28750992 1.2123259 -0.03832875 -2.044 1.158756 -0.09398781
2.635984 -0.120165944 -0.5497719 0.11230649 -2.008071 -0.28210092 -1.3805743
2.7235184 -0.28737763 -1.5014375 0.8447437 -2.4198718 0.42485136 -0.9817311
2.1912942 1.35295 1.5363615 0.120005086 -2.156134 0.71162325 1.5731037
2.2406862 1.0506356 0.15706658 0.87395275 -2.1500218 -0.47310692 -2.227815
2.1186533 1.7482616 -0.5115235 1.1736662 -2.6506455 -0.6553692 -2.5656314
1.6133177 -0.02732158 -0.7199627 -0.24863909 -2.1384437 0.61474687 0.44274646
1.9368479 -0.008855942 -0.23782313 -0.072961435 -0.67842203 0.14213276 -1.1630232
2.6712146 0.116235256 0.2533208 0.3430548 -2.0131493 -0.10347002 -0.8243479
0.92679244 1.218571 0.12659621 -0.05853806 -3.0815206 0.4189232 0.8546625
2.2779362 0.4797349 -1.9666294 1.3523409 -1.1540805 -0.13226151 -0.23362724
2.5301654 0.70127594 0.6738225 -0.39847615 -1.8295313 0.20472878 0.82039744
0.9888899 0.90371966 0.169307 0.078331724 -2.9627318 0.9566818 0.90625507
1.8592744 1.6373874 0.027905582 1.209535 -2.4541352 -0.40671986 -2.2328477
2.2875712 0.7118772 -0.63380355 -0.5727794 -1.743163 0.38136142 1.0463029
2.578449 0.621734 0.9144746 0.15664501 -1.6241955 1.2098607 2.3649673
4.085603 -1.7953013 0.6878278 -0.41332546 -1.5926663 0.84293276 1.0317253
2.6491663 -0.38238442 0.28028774 -0.41973028 -1.3410903 -0.922996 -0.81220704
2.558926 -0.9837731 -0.42838752 0.45449242 -0.64326996 -0.012492113 0.78614783
1.9784472 2.180693 0.48106003 0.17066182 -1.412131 0.35277393 0.95555145
4.041637 -1.3747176 0.822312 0.009022731 -1.8445807 0.20879108 1.8248893
1.8393999 0.46432793 0.19361115 -0.016457062 -1.2175524 0.54983455 0.05516548
3.0577424 -1.0774238 0.5660871 -0.58198124 -1.7391449 0.033836074 -0.46302623
1.6697824 0.26294923 -0.94668853 0.3402188 -2.1728222 -0.19931024 -0.49273747
2.5442193 -0.10306847 1.2473875 1.5027817 -2.3227038 -0.17769676 -1.4641836
2.3538382 0.20082533 0.3575617 0.24003167 -2.2178552 0.2550153 -0.56016666
2.1519425 -0.63948035 0.46029687 -0.45491263 -1.373868 -0.60239726 -0.7956669
1.7745707 1.1632706 1.6949542 0.15663622 -1.4072303 -0.4655346 0.12665506
2.5529563 -0.65699935 -0.6996577 0.11249246 -1.8057646 0.39480937 -0.9595812
2.2361114 -0.30672598 1.0981824 -0.016983312 -2.0132556 0.39133555 -0.008775103
2.2046957 -0.647251 1.0624305 0.28352317 -0.6684949 -0.3351882 0.48774606
1.1194556 -0.11969674 -0.37437403 -0.22500704 -2.3672132 0.8863705 0.44746405
3.0352018 0.41536868 0.42085135 -0.56437147 -1.6942755 0.2098828 1.6439971
1.8968534 -0.92338675 -0.2262913 -0.22707509 -0.35262153 -0.20261121 -1.7927202
2.2032564 0.5061194 -0.84087014 0.119483724 -0.22874066 0.87364274 -0.42412275
2.0109725 0.50343096 1.3999423 0.100685015 -2.1996276 0.9094201 -0.3428886
2.070628 1.2741973 -0.5453139 -0.5372158 -1.4431247 0.5138727 0.7245627
2.7195747 0.44104397 0.5398308 -0.032899123 -2.230924 0.49597377 0.7311714
1.7828999 -0.25366342 0.2475177 0.15828575 -2.0644383 1.1621958 1.9605887
3.4456728 -0.6455356 0.7513268 -0.10421811 -0.90582794 -0.13426131 1.1466713
2.17116 0.82660556 0.4383942 1.7917817 -2.0815036 -0.0894944 -2.1308737
1.1646123 0.9584157 0.31801283 0.057528276 -3.0125384 1.1686169 1.0994012
1.6631353 2.0339043 0.34848237 0.12894125 -0.8064894 0.75389606 0.54214007
2.822806 -0.0010123281 -0.43390334 0.10184051 -1.9481313 -0.62297624 0.89883155
2.378127 -0.2613337 1.2162083 -0.18977056 -1.6827946 -0.6197292 0.6306949
2.7557046 0.15936601 -1.2101393 -0.23108219 -1.0238379 -0.86897916 -1.8949354
1.6574805 1.6198964 0.99835 1.3268175 -2.6181471 0.82879764 -1.5138634
2.1828783 0.67041534 0.42476285 1.9190423 -2.0258937 -0.026854806 -2.119759
2.211112 -0.32225 0.98574126 0.0786735 -2.0959947 0.79177237 -0.15897207
4.302976 -0.5878421 0.29164183 -0.18566673 -1.767728 0.378644 -0.17771487
2.0532076 0.39726603 -0.6924678 0.21324219 -0.27161142 0.95638746 -0.5331897
2.5736468 0.25227702 -0.6701455 -0.20801757 -1.5669299 -0.83863753 -2.0570283
1.9721117 0.08960545 -0.7875267 0.34340957 -0.67849606 1.2308317 -0.4881441
1.2626532 1.6146511 0.9470928 1.0485362 -3.2493663 -0.14622444 -0.28029758
1.8141925 0.12639487 1.6022979 0.75209415 -0.59070843 -0.31225163 0.48533845
2.1897793 1.2878007 1.7167008 0.4987729 -1.4691038 1.0548273 2.3320634
2.0517948 1.0090266 1.508484 0.2899377 -2.3004625 0.9140176 -0.24626325
1.5046183 0.861858 0.46817672 0.2232873 -0.2102392 1.2755102 -0.022542644
1.3894465 1.7835175 1.7743124 0.6219191 -0.8788049 0.10879833 1.0841017
1.6429299 0.81793654 1.2449373 0.28289387 -1.7325462 -0.030610763 0.1504109
3.518473 -0.20715237 1.2310023 0.6912986 -1.2101156 1.2532517 2.2887032
1.618635 1.0268173 0.40308535 0.13142885 -2.7966845 0.91868573 0.7945253
2.4626615 0.30472243 -0.119319916 0.2095349 -1.8648845 0.7131284 2.0381374
2.948846 0.39984345 -0.111747384 0.10973717 -2.0486825 -0.0013527204 1.3137965
2.4620976 -0.22020817 0.44261873 0.16305305 -2.1388319 0.2513249 0.010893655
3.6958656 -1.8610713 1.126543 -0.27830395 -1.6114515 0.63715094 0.83633024
1.4640851 0.13897097 -0.016073825 0.23737277 -0.1401023 0.889543 -0.59050256
2.292448 -0.7057959 -0.33925235 0.114712015 -1.8222142 0.6440502 -0.70525914
1.9543874 -0.2425816 0.29197073 -0.38650766 -1.4929668 -0.70725137 -1.1591238
2.5447514 -0.4757172 0.19785297 -0.16437064 -2.1962767 0.57648546 0.2121038
3.8341146 -1.0613142 0.519802 -0.3941327 -2.0486066 0.8538475 -0.1772389
1.8145789 0.145895 1.0040208 0.22650976 -1.8886539 0.0144425705 -0.049986053
3.165882 -0.50333 0.8007158 -0.503427 -1.423554 -1.0292916 -0.8426121
3.409186 -0.29543328 0.9056356 -0.3088387 -1.8486675 -0.11259597 1.8423744
2.1121 1.195702 1.1549083 0.06421699 -2.6148822 0.75096756 0.90292555
1.4756619 -0.33414173 0.56700766 -0.8895407 -0.5921441 -1.0754868 -1.4371091
1.9905403 1.1300578 0.70101905 0.6868555 -2.3475072 0.99868387 -0.14205651
2.5335948 0.82974726 -0.5367483 -0.0649824 -1.7603935 -1.300554 -2.5164385
1.949733 0.49415278 -0.13832629 -0.34729168 -1.4203023 0.9927831 0.2112815
1.863876 -0.12547445 -0.5303893 -0.14081655 -2.3015075 0.41256768 0.13120873
1.6254483 0.89046836 -0.283818 0.5731561 -2.2175176 0.003291435 -0.38738745
2.276004 0.49517417 1.1406811 0.35290352 -2.2448936 0.9856892 0.23965408
2.469384 0.17096245 1.0603443 1.8285679 -2.2218702 -0.08891671 -1.5274793
2.7410417 -0.011263135 0.15420973 -0.5434712 -2.1155186 0.7816203 0.5963103
2.051562 0.037911173 0.49629247 -0.1163287 -1.6153976 0.3491266 -0.12829845
1.6330503 1.5034436 0.5370859 0.20287831 -3.199108 0.486605 0.74715286
2.7305946 0.59355533 0.12343013 -0.4276726 -1.8771294 0.11653859 1.4097701
1.8143262 0.33528113 1.362031 0.27473077 -1.8442825 0.0013369392 0.13775934
2.4356873 0.5931102 -0.1750412 0.45694128 -2.1531477 -0.4527852 -1.4907075
2.5476024 0.40376306 -0.1700015 0.29818717 -2.2308242 -0.030558638 -0.7548891
2.1709244 -0.6905589 -0.32771182 0.05135371 -1.8168021 0.9455961 -0.3892122
2.3725243 0.32954526 0.29564238 0.2694448 -2.187575 0.28129786 -0.5766559
1.484533 0.9458654 1.2188696 -0.36986175 -1.197436 -0.7898241 -0.43589985
2.269674 -0.53098136 -0.79519844 -0.4990711 -0.68184584 0.17000562 -1.8091544
1.8191977 -0.5933782 0.28096044 -0.16420172 -0.6548567 -0.8776801 -2.2352371
1.7986732 -0.13931906 -0.99756956 -0.098143324 -1.6619626 1.1521313 0.008625102
1.705119 -0.029187087 0.39129436 -0.40399 -0.5091704 -0.66923815 -1.1999766
1.8732568 -0.43044364 0.7680608 0.15989275 -0.75980693 -0.6495591 0.6422353
1.8691411 0.252416 -0.61637247 0.2285874 -0.8658941 1.4344373 -0.19205038
2.8474066 1.8628652 0.050216317 0.387497 -1.2452978 0.28045958 1.7947909
2.011172 0.5667207 1.1932936 0.23655881 -2.2503676 0.8625364 -0.43071383
2.9886239 -0.18049157 0.38625956 0.57035494 -1.9902786 -0.5236128 -0.9980099
2.5118423 0.8972621 0.37231153 -0.59396505 -1.8249547 0.6914173 0.5905416
1.6216857 0.66668665 1.6229749 0.35094184 -1.4194328 -0.52234364 0.29064572
2.913687 -0.46351278 0.94290173 -0.77977073 -1.8778675 -0.7916778 1.3916014
2.0234723 1.0707613 0.851213 -0.10033457 -2.6904056 0.88887984 0.94429797
0.9249965 1.3092138 0.3772937 0.009007711 -3.628742 0.1784926 1.1427435
2.706401 0.77146685 0.004178522 -0.5297423 -1.990894 0.6139323 0.95998496
1.9793292 0.9617525 0.6870979 0.22893263 -2.569872 0.92569023 0.7260586
3.0306284 -1.0348505 0.9501508 -0.38718104 -1.0032432 0.37547132 -0.5666819
1.0188813 0.26503235 -0.26687217 -0.19302414 -2.3779213 0.67867404 0.6572667
1.8464918 1.3430701 1.6299579 0.398443 -2.5182397 1.0033647 -1.0003626
1.9887674 0.22093523 1.403216 0.013982851 -1.8036886 -0.1311686 0.46671396
1.6576399 0.24020016 -0.0015150327 0.2618083 -0.8203128 0.7665605 -0.2168154
2.8470004 0.8662654 2.0747237 0.09925009 -2.2459345 1.2510422 -0.057733316
2.8456347 0.64868295 -0.6739296 0.284493 -1.9042329 -0.53057474 1.343244
2.1649103 1.2502583 0.12601554 0.81941366 -2.2562401 -0.28511792 -1.9568497
2.2122955 -0.6528137 -0.24122739 -0.12197219 -1.9749345 1.0675204 -0.021702338
1.1934218 1.622841 0.65624094 1.0199254 -2.9317749 -0.29481882 -0.32521075
2.5506923 -0.35909343 -1.1222426 0.2001784 -1.2206757 0.60124856 -0.69569796
