3.9337742 0.43955535 2.0007372 0.8311255 -1.4208282 0.52769285 -0.013776223
1.0010648 1.6689385 0.61522996 0.13110307 -0.55171174 -0.4061507 -2.1607358
1.843593 0.48159677 1.4136729 0.6448142 0.5203057 -0.6544158 2.2902315
1.1796353 0.3694281 1.3006666 -1.0178572 -2.973843 0.21195036 0.5581043
2.3887038 0.2789418 2.1357749 0.5416504 0.30308655 0.0797109 1.274285
0.89438736 0.65489763 1.5500426 0.7842243 -2.1980972 1.1609157 -1.4677998
1.2873687 1.2590144 0.66692674 -0.07086382 -0.839668 0.9133168 0.12900631
2.3766758 1.1213192 2.446738 -0.29392275 -0.62319285 0.09694511 1.2540094
1.9001313 1.5249629 1.8138272 -0.608651 -2.1465998 -0.93515474 1.1994507
1.8576728 1.2460349 1.0212865 0.7544197 0.52235264 0.6594966 1.0590755
2.9018886 1.2672056 -0.7979553 0.12588501 -0.041434847 0.20169038 2.1395671
1.2941808 -0.11406451 -0.104227155 0.19315252 -1.5711843 1.1533526 0.4962122
1.3236821 0.11524553 -1.0220773 0.047273703 -1.8230578 0.7577991 0.6149159
1.7571899 -0.54809386 0.8609016 -0.85651195 -0.21989937 0.3525024 -2.5433738
1.6102469 -0.14812356 -0.472104 0.63286746 -1.7132684 1.1772555 0.34384683
0.54680526 0.6391888 1.0567296 -0.42042783 -0.7231024 -0.9122216 3.0753608
1.7028656 1.4454556 1.722383 -0.628282 -1.3819567 1.0112165 -0.5291989
1.5731053 0.23988384 -0.20812622 0.9421019 -1.5547934 1.1442001 -0.0325108
1.2362748 1.3561559 1.3547577 -0.9709529 -1.579471 0.8196927 0.71273065
1.2849213 1.9393842 -0.5306151 0.7733746 -0.3430899 0.5281897 1.806296
0.986511 0.6233639 1.4792558 0.06977504 0.060847677 -0.4445066 3.2070804
0.55233204 0.95358795 -0.0767518 -0.1793288 -0.9963799 0.69988245 2.11176
2.4780548 0.70315045 1.5523716 0.4773334 0.30562785 0.44639963 0.71050245
0.90466213 1.556315 0.32846454 0.03447202 -0.45015344 0.6093927 2.1500041
1.5992764 1.550194 1.640878 -0.7567533 -1.3337352 0.9923745 0.23799552
2.0680208 0.7330194 1.4180746 0.81225383 0.62911147 -0.008828345 1.4309717
1.0981041 1.2729505 0.99552846 -0.7617239 -0.92196184 0.8466715 1.5456766
1.2984353 1.0263855 1.6120843 -0.9005859 -2.4444041 -0.6619893 2.2245183
1.2593678 1.1198612 0.42836925 -0.25569826 -0.92845637 1.1175148 0.5113386
1.6511892 1.1414286 -0.41676542 0.3416213 -0.94707614 0.42818373 -0.058089
1.1044561 0.66883653 2.2636092 -0.77645123 -0.5452438 0.045837697 2.4076245
2.095315 0.019892877 1.4674563 -0.38640517 -3.049087 -0.010513726 -0.06581829
2.1871128 0.88417166 0.71818197 0.62431407 0.8554279 0.27651697 0.612884
1.0259922 0.78937787 1.4646375 -0.70524323 -2.087484 1.3566492 -0.648208
2.052848 0.71841604 0.76036716 0.20229653 0.75249213 0.52886194 0.1312127
1.297073 0.06300206 -0.8130317 0.10629707 -1.3253571 0.96185285 0.952935
1.8604304 0.13029355 -0.5661137 1.8591729 -2.0538492 1.0344682 -0.026436549
0.90922713 1.0419304 0.47845837 -0.4344345 -0.104210936 -0.2576608 -1.2194993
1.6134719 0.73703665 1.1414481 -0.27629152 0.11626438 0.7052272 -0.8113036
1.643791 1.5778459 0.67491937 0.83176565 0.4455785 0.5885307 0.94040823
3.2314088 0.71193784 2.1712918 0.1254411 -0.24843581 0.8993831 0.5834293
0.90114224 0.69323915 1.6111852 0.73096174 -2.1466122 1.0882374 -1.5350462
4.3510017 -0.057638224 1.8761058 0.61253816 -0.10830959 1.1919253 0.12021943
0.76358926 -0.17677504 -0.5376879 -0.19724283 -1.5732411 0.6806868 1.484084
1.5633754 1.4969332 1.1431102 0.027844451 -0.7180062 0.65547115 -0.09221316
1.6427268 0.86033386 1.5694962 -0.14448223 -0.5078643 0.7318588 -0.9424517
1.0816152 1.1636508 0.6303501 -0.025688924 -0.25368294 0.54017776 -0.28085646
0.8526751 0.31979984 0.35144672 -0.7325183 -1.6216091 1.0036656 1.3443047
1.5876268 1.5964746 0.4959745 0.8961923 0.20539133 0.46047932 1.9049454
1.1419393 1.1199718 0.61803544 -0.13805762 -0.9715763 0.852012 -0.23696218
2.2897794 1.1204052 1.837012 -0.039014794 -0.46613583 0.49490386 0.71812344
1.9008715 -0.0034928864 1.4065964 -0.71417475 0.2773662 0.30261308 -2.035107
1.6085769 0.82255965 -0.39462206 0.9718623 -1.3216623 0.14974535 -0.6973454
0.92278755 0.13642853 0.7805526 0.12672499 -2.5355787 0.78721684 0.08386781
1.1917666 0.98034805 -0.21525958 0.014986135 -0.94012994 1.0800043 0.7990627
1.48711 1.0397309 -1.8996258 0.5877804 -0.90048534 0.7135009 1.1953981
3.7859895 -0.27215916 1.7099115 1.1005694 -2.6662126 -0.89249295 0.40036473
1.2400159 1.8196278 -0.6578028 0.83576035 -0.45228156 0.5079425 1.7173328
1.7310249 1.0556061 1.800328 0.22929904 0.057805933 0.34331852 1.5609877
0.92042947 0.6944441 1.6557438 0.120060466 -1.9100518 1.0132533 -1.5214978
1.863433 0.4517433 1.689582 -0.47673532 -2.3990467 0.8442622 -0.6816408
1.2542579 0.84494644 -0.54629064 -0.078144945 -2.7657528 0.55131716 0.74523675
0.857887 0.9754897 -1.2449722 0.9121052 -0.84149915 -0.67425376 1.0184907
1.59705 0.94515795 0.73919785 0.28007847 -0.09550842 -0.70744294 3.0840516
0.7378528 0.7499396 0.88445127 -0.9404942 -1.2470437 0.7871025 2.0325532
1.3813773 1.791965 0.15974656 0.36213768 -0.19352706 0.28292972 2.4624949
1.3400501 1.4933141 -0.80343854 0.76316994 -0.64586884 0.48754162 1.2932149
1.6568923 0.28194708 -0.36677024 0.65742135 -1.4307767 1.0914863 0.20314224
3.0029032 -0.1666351 1.6520481 0.12068131 0.13637798 0.88813597 -0.94174016
0.92300963 0.5453209 1.9922111 -0.33588028 0.0035449658 0.29747468 2.583055
1.5106686 0.7775127 1.6404214 -0.7914042 -3.271965 -0.36995834 1.1076494
0.951481 0.016761607 -0.8181616 0.12307253 -2.0466526 0.6044753 1.4447204
1.4050617 1.1830735 1.6685061 -0.67730904 -1.6385978 1.2013669 -0.84083676
0.54465044 0.3771264 0.057305068 -0.50094175 -1.5320324 0.45905858 2.4261172
3.7636514 -0.040455874 2.5110567 0.5173591 -0.15264519 0.45500726 1.2790524
1.1807448 0.26083392 1.4457937 0.28633818 -2.7206457 1.3215334 -1.2819675
1.1634823 0.78756446 1.1598747 -0.73524535 -2.4621348 -0.014462653 1.0295521
1.4940473 0.7364184 -1.0279517 0.53263444 -1.2959851 0.23662454 0.55231476
0.8790109 -0.16162902 -0.60556567 -0.19900191 -1.4942054 0.6319502 1.3154253
1.2798306 0.85547966 -1.511657 0.37233517 -1.6520423 0.08119112 1.8233112
1.0705156 1.1868045 0.37610683 0.05195006 -0.23286004 0.5845898 -0.09108188
1.0473247 1.4094923 -1.2832253 1.3976154 0.13841932 -0.03129435 0.511913
1.9585816 0.005496448 1.0776147 -0.44180295 0.3062165 0.692921 -0.8803959
1.4566165 0.60219187 -0.26536456 -0.21560648 -2.7500572 0.15285808 0.74042463
2.0521634 1.0012645 1.0949633 0.23894039 0.2060061 0.7054395 0.15486379
2.7621543 0.3966939 2.623874 0.1376963 -0.007114729 0.22426039 1.4959836
1.7988824 1.8947988 -0.30703738 0.91740793 0.31426468 0.29565436 2.1453886
1.15923 1.1553215 0.84234655 0.050628506 -0.34209582 0.4134733 -0.38999647
1.783398 0.111632295 2.0867288 -0.37961105 -1.7375724 1.2045264 -1.5169951
0.92022467 0.5987143 2.1655738 -0.756736 -0.60565525 -0.09561795 2.6333609
4.7748265 -1.6441286 1.645505 0.22340605 -0.76971656 0.9542201 0.9602499
1.9739555 0.32839245 -0.6361196 1.6565088 -2.3640633 0.91490704 0.09107079
1.7473665 1.3755373 0.8430338 0.566046 0.583216 0.596762 0.70265645
0.75071645 0.9480179 1.2218481 -0.10268318 -0.1562589 0.05509263 2.8934152
2.3046365 0.8125221 1.8532732 0.41709104 0.025417963 0.3200392 0.8984616
1.304983 1.7726067 -0.4989709 0.87317723 -0.44372925 0.57906204 1.5079926
1.5926646 1.498117 -0.041303545 0.58535016 0.86451924 0.5322112 0.8655642
2.1498725 1.2058079 1.4647781 0.28449562 -0.3439202 0.4342559 0.312316
2.0642235 1.4344882 1.5198987 0.09447601 -0.6093438 0.42129904 0.12000208
1.2267625 0.45928448 0.63122535 3.1015434 -2.7484078 0.6456979 -1.9526387
1.6067988 0.8986215 1.1443121 -0.12145022 0.01072518 0.63884777 -0.63271475
1.5826362 1.3826581 1.791483 -0.47266477 -0.45863327 0.62615937 1.7052832
1.2712814 1.945908 -0.51369214 0.9714588 -0.22387965 0.53257686 1.6073436
2.0880723 1.1001704 1.7592733 -0.022472419 -0.92955714 0.80416065 -0.74366933
1.3079802 1.7614282 -0.19381282 0.8852052 -0.25476155 0.5987336 1.1736451
0.9863726 1.0698836 1.2439165 -0.019580103 -1.4188836 0.4406107 -1.1781265
0.9290054 0.3261904 0.97499347 -0.13536307 0.027418772 -0.24637479 -2.017669
0.98228943 1.5917579 -0.519796 0.81463647 0.20305209 0.5720609 0.649209
1.1037836 0.9233301 1.1700372 -0.6444514 -1.5051906 1.3217313 -0.2161648
0.9992217 -0.21052915 -0.53307617 -0.024126269 -2.1169338 0.52330905 0.803685
1.92546 1.6322546 -0.13938525 0.9362248 0.81177324 0.2424646 1.7262977
1.0147345 0.6854059 1.3564845 -0.448014 -2.948112 0.87724406 -0.34697524
1.2909795 0.6521664 -0.91148674 0.20447987 -1.1317478 0.964132 1.0277741
0.55079424 0.6487114 0.6582304 -0.8627575 -1.2341543 0.6495473 2.261345
2.8319182 0.15720743 2.5621202 0.3271272 0.10945646 0.08859128 1.6264603
1.066844 0.78103274 1.8270886 0.50704825 -2.0047784 0.95219547 -1.9190654
1.062152 0.19304436 -0.9422474 -0.06636969 -1.9946738 0.7184028 0.6984549
1.6413442 -0.79185516 2.4661574 -0.27587125 -1.218903 1.1939301 -2.2657952
1.4998844 1.44157 1.8694214 -0.79160166 -1.8307687 -0.72042555 1.532246
2.7346628 -0.3333195 1.9454821 1.2353334 0.3225583 -0.53946847 1.2029942
4.0271072 0.39687485 2.2622268 0.4947751 -0.2989646 1.0813606 0.26202378
1.2608017 1.1254848 -0.10375705 0.10069045 -0.8494702 0.58434504 -0.23502366
2.6191406 -0.24355036 2.3321028 0.67263925 0.23571162 -0.19183093 1.5706338
0.97299004 -0.22152144 0.33220312 -0.07761542 -2.1212926 0.9314607 0.61528856
1.0267277 1.4135667 0.24464402 -0.25216654 -0.3992189 -0.3609938 -1.3190057
1.8745993 0.6121804 2.5542367 -0.32045704 -0.14637645 0.11822492 1.8207082
2.2629356 1.1369795 2.416091 -0.3717891 -0.6556986 0.09909254 1.2830278
2.9985366 1.2291951 -0.934816 -0.27296868 0.0148779545 -0.16311675 1.941276
1.0192457 0.8315372 1.2286346 -0.74421704 -1.9277141 1.1921434 -0.0077816946
1.132829 -0.41207677 0.04661247 -0.093014814 -2.1672075 0.4584083 0.782702
1.5092299 -1.5499802 1.9033644 0.011342309 -1.6778075 0.53823525 -2.6554222
1.7592653 1.476259 -0.3708878 1.8492484 -1.1935862 -1.6318228 -0.65138394
2.8024561 1.5546653 2.0552456 -0.028042998 -1.880772 -0.85849804 0.8398924
0.87916493 1.4139478 1.0570881 1.1257739 -1.6027569 -0.43452495 -2.0131028
1.169564 0.9403718 0.82156634 -0.40744948 -1.1476514 1.1758142 0.072865
2.729448 -0.25227052 1.3699582 0.1788387 0.00465695 1.2124825 -0.4460342
1.5631913 1.4169275 1.5778619 -0.30774856 -1.1495664 0.81600183 -0.82352424
3.6234872 -0.08061343 1.4202416 1.3655819 0.4218283 0.3535959 0.4728054
1.2187406 1.0359035 1.3546108 -0.7306322 -2.2278943 0.6699758 0.27110943
1.3418645 1.5295819 -0.684466 0.13886264 -0.8862875 0.10539824 2.6161318
2.0138102 0.26657575 2.4007936 0.4471477 0.3807452 0.1023162 1.7181039
2.0783315 0.023337072 1.4427562 -0.42446825 -3.2407632 -0.10351986 0.15925063
1.7667074 1.6477171 0.9388187 0.52616465 -0.14362915 0.5364495 0.9565158
1.1835694 0.3117482 2.2429473 0.34980127 0.5289697 0.13413566 2.4328575
1.6672139 1.2162349 1.7479539 0.075395815 -0.095270716 0.4031015 1.5737646
1.8323783 -0.17413169 1.5216215 0.5091316 0.30944362 -0.78314567 1.9850864
1.4532101 1.4440751 0.7019913 -0.08953241 -0.715362 0.9460067 0.57267874
1.240831 1.6025195 -1.1595551 1.0818939 -0.38554916 -0.36788124 1.0011703
0.7693323 1.0727327 0.7013265 -0.4910172 -0.45340785 0.11561078 -1.0984293
1.9336909 0.31532925 1.9037719 0.056808196 -0.5570685 0.91611737 -1.0268123
1.6629738 -0.35375172 1.8260249 -0.034115173 -2.3378837 1.1325045 -1.3606287
2.0505114 0.5774936 0.3620753 0.040291645 -0.35997376 -0.9958233 2.5644803
1.1996019 1.2633709 -0.35340515 -0.15281859 -1.1757871 -0.11245221 2.7241845
1.527059 1.2692671 -0.7196728 0.48894128 -0.7379568 0.5492336 0.7129032
1.4233563 1.1648407 -1.0074269 0.6158309 -0.84126693 0.27053243 0.9644567
3.5780847 0.11843104 2.1991062 0.6380415 0.15918581 0.6442018 0.9519471
2.4326742 0.684218 1.5724835 0.46341434 0.19583862 0.49855953 0.661584
1.5351061 0.72013336 1.4359523 -0.15039924 -0.26952967 0.68652755 -0.9833221
1.0684462 1.1547682 -1.3638308 1.5918632 0.26939097 -0.28025812 0.44810328
1.2000495 1.0931821 -1.2755045 0.7875521 -1.0248703 0.13358015 1.3863539
1.1556649 -0.43646032 -0.44887146 -0.0011634603 -2.0016608 0.47334892 0.74347675
2.813523 -0.25031406 1.0221846 0.10842242 0.3666605 0.7624933 -0.93325335
1.4677695 0.71924716 -0.12595192 0.39396158 -1.0987533 0.7708518 0.09528544
1.6019305 1.3648825 1.5432436 0.20212248 -0.1443748 0.39348084 1.439212
1.2383193 1.9361265 -0.81300783 0.89416206 -0.36033866 0.38818413 1.6678594
1.7630898 1.4120048 0.3697873 0.769832 0.80955344 0.62814194 1.0170865
1.6177646 1.7441074 1.4101188 -0.5625889 -0.84364516 0.7997348 0.92208844
0.847829 0.5642547 1.4387248 -0.44734272 -2.3723326 1.3160635 -0.830002
0.8951272 1.3600945 0.5563443 0.048394732 -0.30032977 0.003127155 2.8029518
0.6135851 0.3185925 0.51601815 -0.4531227 -2.1664977 -0.023800079 1.941519
0.5903076 0.79509026 0.3339617 -0.40420732 -1.2583481 -0.74917334 2.7238874
0.67934394 0.94123 0.33376142 -0.22760549 -0.81969553 -0.30093318 2.9417844
1.1936122 -0.04800826 0.3829442 -0.10084734 -2.5671096 0.37980753 0.45595583
3.9777033 -0.28513914 1.5123897 0.5263281 0.2005363 1.1423519 -0.58433723
2.1286192 1.231127 1.7823715 -0.1759341 -1.0392953 0.8928568 -0.70821226
2.1477206 0.24338764 1.5119648 -0.34712526 -2.9169817 -0.12265676 0.0070865946
1.7305065 1.3250344 -1.9208891 0.29624906 -1.0243155 1.0231603 1.4011282
1.3210771 0.70125955 -1.0183724 0.28207502 -1.1256984 0.8795424 1.0549093
0.9436377 0.81930035 1.2984141 0.95820504 -1.7504631 0.5239933 -1.4158858
2.1631649 -0.22662216 1.431549 -0.21917501 0.122282065 0.95456177 -0.8908255
0.7238523 0.14061922 -0.14791092 -0.43897435 -1.9310385 0.5596829 1.964954
1.5812391 1.5038946 0.6069354 0.36826316 0.6387904 0.48000556 0.54036003
1.2452942 1.0149388 0.48043737 -0.29588714 -1.0251414 1.1497531 0.28556237
1.7782234 -0.25232857 1.1447847 0.07573048 0.0019799862 -1.0120876 2.0982037
0.94009674 0.6452326 1.6541406 1.942541 -2.4745793 0.9617639 -2.0580852
1.699363 1.4055209 0.765347 0.45181158 0.6185561 0.5132075 0.5931106
0.8790262 0.5538649 0.8172749 -0.9011276 -1.9752249 0.9029351 0.91617143
1.6322522 1.5872762 1.1080997 0.38754734 -0.1897188 0.39145535 1.24513
1.1249539 -0.16433531 2.0899975 0.2843959 -1.8570046 0.95599514 -2.1826115
1.6773473 1.3707314 2.1217053 -0.73801935 -1.0542927 0.014131126 1.4767996
1.1455308 0.4337135 -1.5372745 0.5168493 -1.4625522 0.23248857 1.226664
1.3790888 1.874717 -0.29395786 0.6715779 -0.08983823 0.51053673 2.1103578
2.7946358 0.98699504 2.1350296 -0.089025535 -0.54211384 0.78055197 0.5483196
1.1603023 0.99297136 0.7521199 -0.4048526 -1.063112 1.1533954 0.46817353
1.1925778 1.2213706 0.39319423 0.04210583 -0.49568757 -0.5413678 3.1057906
1.64382 -0.2871626 2.0417738 -0.4907191 -0.63280934 1.1045065 -1.6753086
1.1353865 1.249501 1.4844441 -0.8857065 -1.7303096 -0.22251147 1.618621
1.4897438 0.2515487 -0.8315929 0.23111418 -1.3035079 1.0179062 0.68704927
2.4064722 0.58446044 2.0322275 -0.24805051 -1.1492027 1.015645 -0.87682587
1.7036561 1.5770123 0.9069058 0.30856553 -0.37025055 0.6832183 0.6000241
0.43423936 0.48589653 0.15948293 -0.4435738 -1.3031348 0.34530717 2.5083652
1.1416171 1.3841988 -0.13479796 0.2910258 -0.70967025 0.96672374 1.2264506
1.4440674 1.0089128 -0.898394 0.10314416 -2.4665794 0.66637856 0.50242937
1.1117531 0.5803618 1.4094726 -0.7963138 -2.7799299 0.65083605 -0.016209912
1.7305361 1.1284783 -0.47601452 0.39283666 -0.9165316 0.42374235 0.05754252
1.6348951 1.2812016 1.6403567 -0.7623561 -1.91607 0.6048334 0.028888155
1.0030024 -0.016136939 1.1942482 -0.27849135 -0.4716234 0.11896068 -2.289557
2.2914338 -0.19334751 1.001546 -0.23336801 0.35089126 0.97638625 -0.6109041
0.35075134 0.52590984 0.486204 -0.618898 -1.3259255 0.24519616 2.517184
0.8727367 0.038114015 -0.6241056 -0.18379715 -1.3487958 0.76551944 1.4324795
1.984183 0.8762229 1.6802764 0.069939815 -0.6046223 0.8385418 -0.67826873
1.6733687 1.4624882 2.0471606 -0.7067491 -1.6005992 -0.7028362 1.461804
0.915015 0.8357093 1.4901109 2.773461 -2.8473473 0.93325406 -2.0731173
0.5369402 0.60263604 1.663982 -0.9727891 -0.97102934 -0.29011136 2.7976384
1.1884443 1.2183492 -0.0068489015 0.14528754 -0.73918074 1.0028884 0.8648544
1.5649029 1.5232078 1.6296632 -0.5302334 -1.1778432 0.90408176 -0.40389466
1.113042 0.62154454 1.9357266 -0.05677841 -1.7897353 0.94767445 -1.9162778
0.7500951 1.2341027 -0.42861614 0.28572643 -0.8852802 0.37415296 2.4553986
1.9710165 1.3258784 1.5512954 0.055460356 -0.74091226 0.6421456 -0.37578878
4.3154383 -0.29442316 1.6190256 0.7844589 0.085651554 1.2616425 0.14146651
0.96811783 0.39983886 1.9563419 0.21367219 0.36420098 0.19182628 2.5729182
1.6218264 1.1663768 1.554974 -0.75193465 -2.4002776 -0.40559548 0.88216716
1.3188338 0.4914655 0.07730892 0.079076625 -1.237872 1.1989024 0.14609362
1.0590901 -0.12271934 -0.3885772 -0.07873086 -2.326207 0.44930476 0.8238948
0.38858044 0.67236084 1.2749848 -0.8997904 -1.4078096 -0.2061674 2.510951
1.1261448 0.7163004 -0.60567784 -0.081458844 -1.1205398 1.0676205 1.1925043
0.9515034 0.64174384 1.2008941 -0.31177863 -0.33240876 -0.028417055 -1.6784844
1.0539974 1.1067212 0.5883688 1.731525 -1.957287 -0.04915482 -1.9661118
0.85439646 0.17227405 0.59073174 -0.6673039 -2.2359197 0.7550431 0.88751686
2.0377903 1.0522051 0.3046634 0.08533689 -0.29762205 -0.6630878 2.8078046
2.0628378 1.6240135 2.1021123 -0.6175076 -1.2351061 0.1070922 0.8907432
1.1422237 1.0039523 0.79572344 -0.45781955 -1.0825574 1.1617513 0.51404464
1.0437264 1.7003291 0.19779202 0.20853472 -0.5196369 0.76507944 1.7456834
1.3218691 1.4762952 1.443244 -0.9607019 -1.6173191 0.55574495 0.890542
1.7667254 1.5650626 1.2098645 0.009741567 -0.6632865 0.612274 0.16408284
1.0792366 0.032738153 -0.40424368 -0.14200458 -1.426498 0.99124604 1.1880466
2.2999945 0.46926993 0.013820738 0.16677842 0.80031276 0.047376867 -0.18685691
1.7867017 0.055721227 -0.4318237 1.676648 -1.8848134 1.1419233 -0.069693185
0.8189658 -0.104394965 -0.33575216 0.4839982 -0.6954368 0.343198 -2.1202831
1.4066343 1.5317514 1.763754 -0.9342835 -1.2780541 0.20672065 1.4688681
2.3443003 1.2796879 -0.9716766 -0.7886607 -1.3368262 -0.7058919 2.1401038
0.98543215 0.53185123 0.73668826 -0.66017985 -1.6390663 1.3108126 0.58120537
1.1489998 1.0569239 0.20839807 1.4886359 -2.0661561 -0.1282273 -2.2398853
1.0327929 1.6227905 0.3212457 0.17751852 -0.3410631 0.4998415 2.2506146
0.9911643 0.61844987 1.1873809 -0.69297886 -2.446343 0.83169705 0.063806616
2.045199 0.12574238 1.8062258 0.036902867 -0.30040798 1.036113 -0.89906883
0.8339654 0.49962562 -0.43320292 -0.31806967 -1.2303346 1.0007637 1.5584139
1.8117107 0.78118056 1.5007545 0.7628218 0.57124346 0.1835863 1.6424112
1.1036804 0.9496705 1.0177038 0.006214313 -1.3587847 0.8307789 -0.67017126
0.9729761 0.19106644 0.7632134 0.28238103 -2.58777 0.7948101 0.011985918
1.0287707 0.6393053 0.59183025 -0.5684481 -1.2633673 1.2824402 0.625182
1.9982849 1.546484 1.8103411 -0.31956854 -0.6790388 0.5292893 0.9719704
1.4363517 -0.07667475 1.5772365 0.17982295 0.086764015 -0.61698145 2.6664948
1.1610485 0.37041944 0.8390882 2.160634 -2.0221796 0.8261923 -1.1933138
0.99148476 0.10544176 0.7674874 -1.0056286 -2.8614469 0.08072883 1.0345902
1.203771 0.031207746 0.3941572 0.40158272 -1.701408 1.416476 -0.11138926
1.8628156 1.3397324 1.309075 0.6476585 0.13399665 0.33479196 1.1508425
2.2555573 0.5212576 2.3300295 0.22107959 0.18463413 0.14257723 1.4034513
1.0762471 1.6831763 -0.30951634 0.9021258 0.21869199 0.66852504 0.94611514
1.2293053 1.5524989 1.0739275 -0.3857193 -0.6688066 0.7590038 1.384972
2.0304143 1.2102135 1.9932911 -0.11830301 -0.26508114 0.41214234 1.3375978
1.2052258 -0.10017686 1.973087 -0.10573452 -0.13498385 -0.2337932 2.7365425
1.2994968 1.2005419 -0.916399 0.05301345 -2.4319472 0.3798346 0.34732762
1.212442 1.2609247 1.2321155 0.1858007 -0.13058718 0.4406684 1.864539
2.4820216 0.57691664 1.9429885 0.16107056 -0.7739449 0.8878613 -0.569213
1.1412692 0.8620073 1.777818 -0.36022362 -0.13390811 0.45693833 2.2736783
2.1867092 1.1331698 1.7828239 0.15247607 -0.25151762 0.3389116 0.8412289
0.90409255 0.43094724 1.2711793 0.6357886 -2.0620599 1.2032012 -1.0358679
1.5132856 1.1233984 -0.72564757 0.91131365 -1.5307876 -0.14285094 0.15878858
2.4740212 0.40564185 0.0966824 -0.13547066 -0.2525781 -0.97938555 2.2787967
2.8186612 1.1716359 2.4694245 -0.18046436 -0.6025682 0.28907877 0.99055374
0.8935391 1.2543607 0.8091793 -0.32247594 -0.70869905 0.8420976 1.6964399
1.4144744 0.5173909 -1.1112536 0.3010383 -1.2359008 0.8165589 0.91212744
1.7888204 1.6303117 1.5291111 -0.29912794 -0.6199799 0.6039627 1.0051186
1.3116149 0.48511988 1.6448585 0.49353972 0.49501148 -0.36147112 2.6786656
1.0943056 0.95445913 1.3528221 -0.61039346 -1.6336842 1.3050672 -0.53879297
1.37117 0.6713702 2.3138795 -0.28483653 -0.017219862 0.30849034 2.1892588
1.2112843 1.7885933 -0.22206274 1.1509601 0.36021402 0.7075389 1.2553263
1.1094058 1.6203119 -1.0635821 0.634573 -0.8407636 0.4163515 2.1680875
1.1403903 0.70410126 0.8387126 0.29935995 -1.4701415 0.85368115 -0.68051344
0.72379804 1.1149718 1.422766 -0.09734724 -1.28972 0.05173474 -1.9654062
1.9231157 1.3722352 1.5250335 0.16439784 -0.2835481 0.35980612 0.9278031
1.113647 1.3558942 0.46175638 -0.14488962 -0.77028674 1.0514762 1.1359198
1.5007206 1.390466 -0.0489659 1.8337626 -0.7285412 -1.8392608 -0.062032443
2.521547 -0.22217137 0.5962665 0.9496582 -0.032818757 -0.9141415 1.2239033
1.5044585 1.4250009 0.99544024 0.22973916 -0.48375508 0.55495113 0.018563379
1.1273018 0.60748 -0.9647913 2.3149116 -2.862359 1.1520982 -1.6634663
0.99841 -0.35465437 2.047594 -0.66311514 -1.1458702 0.81250435 -2.340582
2.2945583 0.9956524 2.0492265 0.02568122 -0.22711904 0.3485263 1.0439985
2.47823 1.1232994 1.7811799 0.010548435 -0.75955385 0.81159645 -0.046833497
0.983521 -0.03773814 -0.96652114 -0.040281482 -1.8213164 0.6720075 0.7956899
0.43032297 0.96630377 0.6129 -0.3954952 -0.7449704 -0.09992546 2.8950355
1.835121 0.881754 1.3980517 0.77583086 0.5836708 0.26740032 1.6100634
1.426351 1.2473933 -0.33085528 0.12279876 -0.7918239 0.48230082 -0.12233312
2.9706757 1.016211 -0.59829795 -0.1941795 -0.48477778 -0.19677562 2.311612
1.6735235 1.4937985 1.7197845 -0.71132094 -1.449107 0.93694836 0.12299126
0.7743647 0.5969121 1.669465 -0.3216455 -0.089277826 0.20524007 2.8137746
2.0627286 1.433372 1.3215883 0.28821608 -0.30382857 0.33973092 0.5067156
0.5068183 0.3448226 1.3091481 -0.28745863 -0.8178349 -0.037917916 -2.3673124
1.6025302 1.3550746 -1.3353587 0.82408154 -0.046081267 -0.19403604 -0.14969848
