3.1688602 -1.1986903 -0.38756737 -0.74676144 -0.8854181 3.066805 -0.67328835
3.4039443 -0.74615 -0.5807382 -0.24373624 -0.8577301 3.3303413 -0.6853571
3.126778 -1.4365766 -0.6843487 0.10635169 -1.0735909 3.6887944 -0.33796299
3.7061646 0.16329819 -0.8018251 0.25144067 -0.85333514 3.5296535 -0.6614424
3.3781145 -0.9045619 -0.42343086 -0.7337665 -0.8836912 3.029818 -0.6657552
3.9924467 0.33850527 -0.5375112 -0.2263108 -0.9077801 3.1749487 -0.4414442
3.1502454 -0.8685974 -0.63544834 -0.90219504 -0.76126873 3.2602346 -1.1302022
3.2075188 -1.0094386 -0.6707572 -0.21001905 -0.8185304 3.4283555 -0.8550122
2.908422 -1.6967376 -0.48795807 -0.38449088 -0.963052 3.3754716 -0.57116747
3.1601326 -1.2498555 -0.6958419 0.21218286 -0.9269578 3.7908251 -0.6582111
3.470207 -0.61410993 -0.59875697 -0.22837715 -0.85039496 3.3238702 -0.6734419
3.3564017 -0.9661777 -0.49086317 -0.619115 -0.97828346 3.0742273 -0.41487914
3.7238903 0.42439425 -0.9011681 0.61032254 -0.9515934 3.5948567 -0.6271504
3.0770476 -1.3083713 -0.3907539 -0.9268005 -0.806592 3.1145492 -0.9369058
3.4405448 -0.78264004 -0.51324767 -0.64923286 -0.84928256 3.099545 -0.7543789
3.38012 -0.9012203 -0.39299157 -0.7973983 -0.90572816 2.9809108 -0.6153001
3.2499466 -1.0928327 -0.35524666 -0.86565226 -0.8855818 2.9727492 -0.65878564
3.705299 0.30203986 -0.87585473 0.17575698 -0.9023333 3.382441 -0.7073932
3.5104024 -0.6890345 -0.39868397 -0.8074907 -0.9207633 2.939054 -0.55449003
3.685517 -0.26541466 -0.5509479 -0.18249801 -0.9046162 3.3153234 -0.4837209
3.5126288 -0.95600283 -0.8118926 0.47595015 -1.1739284 3.7564335 0.06424122
3.409098 -0.43960154 -1.1199626 1.0123756 -0.95795757 4.197859 -0.65233845
3.5863383 0.22671008 -1.028232 0.35838142 -0.94059485 3.4802182 -0.7444703
3.880339 0.24904919 -0.63618433 -0.36341625 -0.84141 3.1223261 -0.7053091
3.06847 -0.9827342 -0.7355538 -0.6355815 -0.75163364 3.3364809 -1.0950054
3.0962343 -1.2901233 -0.4163393 -0.73470116 -0.825669 3.1445663 -0.8440039
4.0531383 0.30643642 -0.3006932 -1.3704948 -1.0620776 2.3985937 -0.36949414
3.1063452 -1.3081403 -0.60305107 -0.057942737 -0.91954833 3.5810966 -0.65758896
3.1661837 -1.1544578 -0.614473 -0.1593204 -0.85672367 3.4666228 -0.7954133
3.4379637 -0.6174056 -0.3419578 -1.3884705 -0.8684347 2.8526392 -0.95442563
3.2966988 -1.1360695 -0.29451662 -1.4272275 -0.994371 2.660384 -0.45583808
3.691254 -0.37825483 -0.52381766 -0.5318555 -0.9868806 3.0524216 -0.29093134
3.9654415 0.32102966 -0.55311435 -0.27108908 -0.8862686 3.1548824 -0.5453362
2.9558356 -1.8696393 -0.54405534 -0.54269916 -1.0565512 3.310202 -0.32343647
3.9813259 0.68199635 -0.6101988 -0.82094145 -0.93904585 2.6857219 -0.8916333
2.7663932 -1.7257832 -0.23089221 -1.0137675 -0.8247524 3.049621 -0.85564345
3.0865474 -1.3786855 -0.5273446 -0.31157243 -0.9712196 3.3499856 -0.50641197
4.5904856 -0.78700453 -1.4898092 3.1150491 -1.5225857 4.919979 0.44989482
3.2925336 -1.1886252 -0.72048044 0.16656427 -1.0939115 3.6828084 -0.23310216
3.3330271 -0.17809641 -1.0483633 0.013035972 -0.86594915 3.425476 -0.8650563
3.8956296 0.04824209 -0.5643164 -0.11167954 -0.9491846 3.264857 -0.24287167
3.4082563 -0.6756855 -0.6333277 -0.107535005 -0.85567826 3.4143515 -0.6970559
3.7343676 -0.22817725 -0.39966458 -1.1863639 -0.8858579 2.7968755 -0.79653853
3.0705006 -1.2340796 -0.5214215 -0.638122 -0.79594994 3.2581484 -0.94079906
3.5124257 -0.81166184 -0.85903287 0.90579414 -1.1155751 3.9803739 -0.07150518
2.975869 -1.4787449 -0.101689175 -1.5904076 -0.83111775 2.7435555 -0.81060827
3.5617888 -0.630612 -0.6151998 -0.14487427 -0.9942437 3.3997421 -0.23259722
3.4969132 -0.89628786 -0.938166 1.137268 -1.12728 4.149022 -0.12198185
4.099749 0.4553216 -0.41569987 -0.7863179 -0.9867707 2.768855 -0.43117017
3.6185274 -0.2281397 -0.69262177 0.23624034 -0.86912113 3.632802 -0.5274406
3.320863 -0.8981167 -0.8172405 0.52143645 -0.9272953 3.9719167 -0.6142709
3.502067 -0.43040454 -0.8024277 0.5831325 -0.9201222 3.9568207 -0.5166448
3.7486875 -0.863582 -1.4601284 2.784271 -1.1311619 5.035498 -0.27331567
3.2465637 -0.88766897 -0.7134794 -0.4971148 -0.7508925 3.3055024 -0.97185165
2.9575326 -1.5226432 -0.6008655 -0.17850462 -0.8432141 3.5550523 -0.86236876
3.377447 -0.93878096 -0.25104445 -1.3469254 -0.9591535 2.6982007 -0.5671452
4.0306573 -0.045246486 -0.5236932 -1.2560464 -1.1866359 2.4877224 0.088374265
3.1665914 -0.9548651 -1.0074366 0.13139425 -0.78204256 3.6769228 -0.9414739
3.2465456 -1.0057489 -0.3719441 -1.0483578 -0.8215045 3.0243497 -0.93370265
3.6396935 -0.40253276 -0.55855036 -0.2311488 -0.94736546 3.2914305 -0.3500446
3.3700392 -1.1498939 -0.70700175 -0.45939857 -1.1753404 3.312852 -0.03317805
3.3697536 -0.40433252 -1.0012621 0.46839842 -0.87236947 3.781531 -0.77458453
3.0315888 -1.2064688 -0.78824306 -0.20423476 -0.76730007 3.5704007 -1.0056171
3.4979799 -0.5086483 -0.623006 0.03798217 -0.887992 3.5149717 -0.5704877
3.5683112 -0.09205973 -0.8565374 -0.0132756345 -0.82112724 3.4123898 -0.77841073
3.1569004 -1.2278193 -0.52364445 -0.27483562 -0.95044 3.3635845 -0.5519249
3.7666128 0.44579554 -1.0042328 1.3241118 -0.9673036 4.0072823 -0.45764816
3.4731638 -0.7114361 -0.44625604 -0.89641404 -0.83964306 2.986874 -0.82059604
3.0023212 -1.3115782 -0.58604383 -0.5135131 -0.78472656 3.3721812 -0.9927246
2.8681295 -1.5441592 -0.8815012 0.10324557 -0.7798836 3.8919847 -1.039241
3.5885792 -0.27991015 -0.7004606 -0.03608864 -0.83588856 3.4258096 -0.6959138
3.5904944 -1.8025836 -1.1680694 0.15608017 -1.5173998 3.724122 0.5022096
3.4646642 -0.50985473 -0.7056762 0.2650948 -0.8886923 3.6832075 -0.5922665
3.2067811 -1.127997 -0.47212136 -0.59793425 -0.84064347 3.1752682 -0.7912551
3.199637 -0.93894064 -0.86824054 0.03834595 -0.78358704 3.5977883 -0.9054529
3.096688 -1.1147176 -0.8269546 -0.022651654 -0.77879524 3.6295564 -0.94485414
3.7163777 -0.2671454 -0.52947474 -0.33936706 -0.9476416 3.1861196 -0.3742601
3.62133 -0.19942725 -0.71960473 -0.28220847 -0.81189674 3.246758 -0.80377406
3.061725 -1.5770929 -0.5798928 -0.40524486 -1.0526541 3.3512697 -0.33017445
3.3667233 -0.96339715 -0.9211694 0.9313886 -1.0326082 4.227961 -0.4349585
3.230203 -1.1162577 -0.3924089 -0.7640768 -0.8756498 3.0424633 -0.68279403
3.309747 -0.9834516 -0.731531 0.32778436 -0.96038705 3.817566 -0.5402925
3.2544103 -1.3693933 -0.8321948 0.44657323 -1.1804854 3.8802538 -0.12885822
3.7466133 -0.7725711 -0.6679207 -1.1345495 -1.2336878 2.7636402 0.12629355
3.251047 -1.0713482 -0.4783552 -0.59647846 -0.8437695 3.1652498 -0.7727489
3.3315997 -1.07608 -0.6711608 -0.016901415 -1.0777293 3.5390816 -0.21499655
3.29092 -1.0231835 -0.750959 0.378016 -0.94918543 3.8728504 -0.58649075
2.7634454 -2.5055368 -0.8098315 0.2999288 -1.189276 4.1369247 -0.40986598
3.3549492 -1.096267 -0.63572395 -0.5639919 -1.1122342 3.1978352 -0.14184542
3.6283882 -0.14637291 -0.87108934 1.0420192 -0.94363064 4.1201096 -0.36092824
3.247135 -1.0927683 -0.8242772 0.50666475 -0.9286149 4.0072527 -0.6613837
3.3979445 -1.170805 -0.8720001 0.6153774 -1.2089611 3.8828053 0.0014795782
3.2056482 -1.1052228 -0.707806 0.18469653 -0.8944935 3.7330985 -0.7323268
3.6242785 -1.9078808 -1.2427062 0.53325593 -1.5492458 3.9239054 0.475535
3.2463892 -1.3389769 -0.75552267 0.18314251 -1.1447527 3.726519 -0.17465171
4.30911 -0.16961014 -0.7648611 -1.5675302 -1.4066114 2.4000406 0.46652925
3.6646507 -0.24118155 -0.77375996 0.8990743 -0.97128963 3.930036 -0.22167304
3.3726666 -0.9729248 -1.1416607 1.4976757 -1.0477141 4.5586824 -0.46538872
3.1625712 -1.4043077 -0.91615903 0.7429801 -0.9763039 4.246207 -0.6208978
2.9665084 -1.5288182 -0.65116894 -0.011718478 -0.8586603 3.6729748 -0.84211934
3.2732115 -0.78010714 -0.92746973 0.32041657 -0.8287323 3.757735 -0.83774364
3.9021685 -0.24730682 -0.5793062 -0.98603606 -1.146057 2.682609 0.063216776
2.941186 -1.6669632 -0.7115493 0.24300857 -0.9398417 3.9273117 -0.7193219
3.2138116 -1.1129612 -0.18156219 -1.4509647 -0.87379783 2.7654638 -0.7983363
3.3825579 -0.8446706 -0.4318152 -0.8906503 -0.8403553 3.0257552 -0.8378385
3.612201 -0.5501534 -0.32968375 -1.0816705 -0.9421461 2.7461882 -0.5472902
3.7540264 -0.6745472 -0.5417732 -1.3946201 -1.1875244 2.5765395 0.025017943
3.3679328 -0.8193879 -0.60945463 -0.3251764 -0.83904487 3.2967808 -0.74920774
3.4259205 -0.79549915 -0.3210555 -1.1325635 -0.8513988 2.8942566 -0.8313891
3.9270098 0.13046062 -0.51059866 -0.36220708 -0.9246705 3.1123397 -0.44917795
3.0912597 -1.1411781 -0.4590704 -1.0149231 -0.7733765 3.1532593 -1.0558151
4.021503 0.1712308 -0.52498126 -0.74239194 -1.0485454 2.8082154 -0.16199727
3.6137052 -0.33947265 -0.64199615 0.13563575 -0.9100637 3.5758634 -0.40635866
3.3768957 -0.5359069 -0.7362925 -0.5686057 -0.7692224 3.2252238 -0.9790888
3.1525896 -1.272591 -0.72546005 0.27674386 -0.9208937 3.859478 -0.68206125
3.3826869 -0.8670484 -0.5991552 -0.05876748 -0.96581894 3.488655 -0.4027946
2.9902067 -1.4862107 -0.4257796 -0.60750407 -0.9281518 3.1865537 -0.6273505
3.8629167 0.12452948 -0.64557713 0.41183138 -0.9178398 3.5663548 -0.24412814
2.597586 -2.0437322 -0.5179198 -0.22757277 -0.92619205 3.7756605 -0.9436019
2.922112 -1.5410308 -0.45611322 -0.54614884 -0.8403478 3.3054817 -0.8574056
3.1997259 -1.0943261 -0.76473606 0.26809594 -0.8845817 3.791213 -0.76217836
3.3481104 -1.5186801 -0.9189006 -0.020136092 -1.3188535 3.5996523 0.16162112
3.653643 -0.13258207 -0.6691649 -0.5836315 -0.7956145 3.0842075 -0.8586667
3.121634 -1.3660047 -0.5299125 -0.44546863 -1.0010663 3.2705665 -0.42440102
3.1274035 -1.227961 -0.23902723 -1.3136775 -0.83261204 2.88762 -0.89582855
3.4573007 -0.7357937 -0.47380722 -0.46862587 -0.92258185 3.1597686 -0.52967095
3.3442266 -0.92801714 -0.5076244 -0.38327298 -0.945399 3.2539794 -0.47890693
2.5193617 -2.0337946 -0.6918688 -0.22223277 -0.84296495 3.925446 -1.1753649
4.0111103 0.73374885 -0.6921274 0.26277378 -0.89245665 3.3688307 -0.5168842
2.762872 -1.8545424 -0.8616377 0.4614776 -0.92494744 4.247913 -0.96160954
2.6524625 -2.3359578 -0.45476857 -0.49219707 -1.0393287 3.516445 -0.55216897
3.2095811 -1.201636 -0.65234756 0.08018628 -1.0084356 3.6433027 -0.434762
3.5480182 -0.69526005 -0.6228221 -0.33039522 -1.0483711 3.2766285 -0.1611159
3.7325416 0.5785521 -0.98044646 0.32660124 -0.9841519 3.3241205 -0.7359595
3.2997093 -0.9948902 -0.5958928 -0.066778466 -0.9758041 3.4944196 -0.4489873
2.777922 -1.6740888 -0.33013067 -0.92473334 -0.80988055 3.1669443 -0.99669856
3.448891 -0.61096835 -0.6670313 -0.18155263 -0.8327502 3.366128 -0.7315943
3.242019 -1.1057292 -0.38299364 -0.85557276 -0.8413439 3.0265512 -0.7594864
3.0551598 -1.2676975 -0.4739629 -0.8396886 -0.78540254 3.2028627 -0.98734933
3.245321 -1.0802546 -0.21592724 -1.3506608 -0.8783796 2.7919936 -0.7771117
3.4527218 -0.49269867 -0.7645464 0.40365237 -0.8925063 3.8007329 -0.60275006
3.731666 -0.326208 -0.13225485 -1.8561716 -1.0572838 2.3549285 -0.47823647
3.5719743 -0.041023437 -0.85611653 0.38961715 -0.8558348 3.6546764 -0.6835562
3.2162492 -1.062726 -0.67210484 0.074889824 -0.88833 3.6238458 -0.74656916
3.3468468 -0.8303573 -0.37574577 -1.0818431 -0.8268921 2.9822576 -0.92979395
3.1090384 -1.3634065 -1.0123944 0.9452906 -0.94006526 4.394501 -0.7511361
3.131535 -1.1340804 -0.6103791 -0.37777492 -0.8109126 3.3683784 -0.8957086
3.2198908 -1.368411 -0.9927145 0.988122 -1.0552764 4.36201 -0.4838535
3.0321095 -1.5359174 -0.65789276 0.10927366 -1.016914 3.717087 -0.4737711
3.2882817 -1.1024368 -0.585212 -0.36539754 -1.0324373 3.312625 -0.30937985
2.985003 -1.4214559 -0.4425368 -0.64032155 -0.82155555 3.2283227 -0.8842228
3.3366067 -0.45375597 -0.957067 0.047001142 -0.8098023 3.4999886 -0.8642956
3.077865 -1.0666822 -0.4801594 -1.129625 -0.7646339 3.1620479 -1.1216215
3.2134533 -1.453763 -1.0562769 1.1333575 -1.0894711 4.478039 -0.46914232
3.0793717 -1.521934 -0.525336 -0.59207416 -1.0372711 3.224639 -0.35678348
3.6551096 0.26454043 -0.96375144 0.79320884 -0.9303511 3.7975843 -0.60830545
3.375244 -0.7343348 -0.90868837 0.82507014 -0.961165 4.184678 -0.55545884
3.2251608 -1.3781127 -0.72376835 -0.042638797 -1.1603634 3.5899973 -0.13174711
3.5496144 -0.6611081 -0.46484673 -0.6527571 -0.8740625 3.0269465 -0.667767
3.3887355 -0.39210206 -0.9032024 -0.19490908 -0.78668576 3.3539944 -0.88991547
3.4695113 -0.287974 -0.665147 -0.92309064 -0.81608 3.1408002 -1.0337435
3.4237044 -1.766429 -1.0568877 -0.25411192 -1.443034 3.5182517 0.36348802
3.0373352 -1.5231429 -0.48596466 -0.5786493 -0.9985016 3.215985 -0.44938776
4.1999755 0.8976158 -0.4164343 -0.69371825 -0.9779121 2.7008224 -0.5504573
3.3238022 -1.1911337 -0.73793936 0.13693936 -1.1308042 3.6504173 -0.13756521
3.7755454 -0.20592374 -0.44990146 -0.6619948 -0.9300981 2.9528246 -0.4947871
3.2091987 -1.693397 -1.1443242 1.3170687 -1.2235552 4.530795 -0.2958832
3.5786593 -0.5792791 -0.40875888 -0.85159177 -0.95549226 2.885523 -0.4476353
3.5572796 -0.5913565 -0.45959216 -0.5581135 -0.93929386 3.0629013 -0.452363
4.063507 0.0011725398 -0.70831406 -0.42247817 -1.1913773 3.0305352 0.24673581
3.3147686 -1.0736086 -0.58599246 -0.43506655 -1.0398151 3.2581491 -0.2837175
3.450603 -0.5917932 -0.5251228 -0.95931053 -0.8094303 3.0336256 -0.9737368
3.0424826 -1.1523353 -0.7091689 -0.5668983 -0.75042105 3.3887782 -1.0708644
3.5174243 -0.23034817 -0.820367 0.4541961 -0.8591693 3.7903776 -0.6492689
2.7214231 -2.8747928 -1.284234 1.6553967 -1.3254441 5.122807 -0.61183894
3.1646602 -0.8975832 -0.8305665 -0.35892043 -0.7534986 3.3788822 -1.0039252
3.8487093 -0.02927697 -0.48808995 -0.9002561 -0.8588683 2.8476548 -0.70936316
3.7754474 -0.18058741 -0.46302593 -0.569308 -0.93475115 3.0073736 -0.47516015
3.446743 -0.642045 -0.6143972 0.04093871 -0.9128985 3.5422227 -0.5055923
3.68561 0.41755247 -0.94042385 0.12359828 -0.9423411 3.2700834 -0.7560814
3.2332976 -1.1907359 -0.800485 0.5236223 -1.0226816 3.9737284 -0.46331915
3.120258 -1.2927647 -0.6797545 0.15249014 -0.90337193 3.7588968 -0.72269404
3.4117212 -0.4809113 -0.79881585 0.3102594 -0.8609409 3.7033343 -0.732444
3.7336857 -0.10461384 -0.6280656 -0.44326714 -0.83687574 3.1092374 -0.74097663
3.6924636 0.35196048 -1.0371131 1.1171174 -0.98013663 3.9499238 -0.57181686
3.458586 -0.7933835 -0.26389098 -1.2632103 -0.9004399 2.7595654 -0.7097304
3.3678212 -0.81785774 -0.74368894 0.418655 -0.94076496 3.8650837 -0.5470862
3.984162 0.9262014 -0.81445146 0.8954283 -0.95189804 3.6073518 -0.39797384
3.3862927 -0.4117928 -0.98725414 0.6030351 -0.8975596 3.89219 -0.72744936
3.2532623 -1.0843028 -0.28799212 -1.080418 -0.8741105 2.876171 -0.7097259
3.1952498 -1.6437567 -1.0058342 0.8913274 -1.2384769 4.2354136 -0.18544461
3.6858485 -0.3187021 -0.35153508 -1.3079436 -0.894342 2.7534976 -0.8141586
2.837259 -1.5326811 -0.47631767 -0.90430444 -0.78163403 3.2622824 -1.1147437
2.59058 -1.7940673 -0.96397084 -0.31249645 -0.7899443 3.9048662 -1.2745904
2.8336632 -1.6169213 -0.5151887 -0.5941845 -0.80368924 3.3782063 -1.045789
3.565509 -0.3543676 -0.63994646 0.0503047 -0.87387955 3.4903038 -0.5830706
3.534961 -0.26415706 -0.93757594 0.9569366 -0.9378685 4.197485 -0.5035308
3.3407216 -1.1308833 -0.7229234 0.16209815 -1.1066512 3.6560268 -0.17130989
3.1357014 -1.8718599 -0.8644125 0.0014031939 -1.2687657 3.738574 -0.03982115
3.6587353 -0.45263517 -0.19512665 -1.491522 -0.97452015 2.5365593 -0.5676067
3.6122015 -0.5995637 -1.104693 1.844177 -1.067555 4.569353 -0.27285567
3.3587954 -0.2925279 -0.9560382 -0.18479036 -0.82092553 3.3358178 -0.89279336
3.4202986 -0.80644244 -1.0374888 1.2817465 -1.0259972 4.423961 -0.44780555
3.217312 -1.441665 -1.4405226 2.1015499 -1.1339836 4.9943295 -0.6118706
3.0101337 -1.4551058 -0.56913346 -0.20329243 -0.8731873 3.5011897 -0.7852853
3.675584 -0.46442485 -0.42206123 -0.9059885 -0.85462636 2.8747005 -0.7011331
2.9581583 -1.5224216 -0.38238654 -0.72951424 -0.90419227 3.1283984 -0.6686258
2.8161695 -1.881975 -0.22832175 -1.1741294 -0.89621097 2.9309874 -0.6200834
3.2187817 -0.9823426 -0.80061424 0.17022376 -0.84382147 3.6967692 -0.8189277
3.0251632 -0.90412474 -0.9248562 -0.5500448 -0.77736324 3.448561 -1.1447024
3.9929554 0.16705394 -0.7112942 0.897774 -1.064174 3.6526644 0.1192821
3.1698852 -1.070424 -0.6126549 -0.39731023 -0.8112906 3.3434782 -0.88436526
3.6789286 -0.44129956 -0.59024596 -0.42727816 -1.0198601 3.1556602 -0.18332829
3.3121476 -0.6413441 -0.9746272 0.5308405 -0.86815447 3.8790514 -0.7836121
3.2218535 -1.3498703 -0.97438717 0.94947255 -1.0509716 4.326493 -0.47907332
4.355092 1.472397 -0.5987582 0.9924692 -1.0023128 3.2726607 -0.15669185
3.5899737 -0.61093175 -0.47545522 -0.68659633 -0.8675414 3.0084274 -0.68458825
3.815995 -0.10284686 -0.48232454 -0.50316906 -0.9421752 3.0435274 -0.43815422
2.6029904 -1.851365 -1.1068796 0.32940584 -0.85907066 4.2430215 -1.1912295
3.142031 -1.1305768 -0.8361828 0.2747105 -0.84618145 3.828531 -0.84523624
2.9612653 -1.3476548 -1.040429 0.47657236 -0.8118771 4.048983 -0.9842127
3.375055 -0.729588 -0.71103156 0.23331104 -0.889499 3.6879053 -0.64215434
2.3834174 -2.1993766 -0.27094513 -1.6984307 -0.7165295 3.1403275 -1.2130991
3.2008297 -1.1080931 -0.565448 -0.29485556 -0.8527256 3.3447201 -0.7784733
3.2957647 -1.0410191 -1.0058954 0.986737 -0.97738326 4.350185 -0.58812183
4.528918 1.5670322 -0.4269996 0.21891381 -1.0846391 2.7996225 -0.077037185
2.907615 -1.5870255 -0.9067806 0.4967067 -0.8788493 4.158519 -0.9303123
3.5032058 -0.31977558 -1.0583025 1.1788725 -0.9763027 4.3069205 -0.53172773
4.0407495 0.608238 -0.6772717 0.8178458 -0.94639623 3.5661266 -0.12940133
3.5062 -0.530626 -0.660092 -0.36790678 -0.8197293 3.2312608 -0.79068464
2.8661044 -1.6231776 -0.87962574 0.31749317 -0.8397212 4.046699 -0.9711315
4.104013 1.0451947 -0.65846 0.28161028 -0.934876 3.1542468 -0.54061216
3.3931844 -0.8995065 -0.32517588 -1.0327989 -0.9298228 2.8481195 -0.59451956
3.5083332 -0.66945064 -0.53663677 -0.32717595 -0.95361716 3.253242 -0.3830192
3.756383 0.029669221 -0.7052118 0.3837478 -0.86959463 3.6638901 -0.4358256
3.563447 -0.6383235 -0.3408756 -1.0803797 -0.87739855 2.8240242 -0.70876557
3.2343514 -1.1170632 -0.39183915 -0.83788854 -0.8363591 3.0480318 -0.7799488
3.7835352 -0.4711663 -0.6687214 -0.5268643 -1.14072 3.0751526 0.073075384
2.9419281 -1.624181 -0.1069864 -1.7301407 -0.8466397 2.670553 -0.6350332
3.1218777 -1.3907515 -0.54752076 -0.42661214 -1.0188707 3.295641 -0.39025742
3.3975806 -0.9048276 -0.63019776 -0.018298876 -1.005665 3.5207982 -0.3075013
3.3614733 -0.8293991 -1.1399993 1.4441106 -1.016531 4.546688 -0.52313286
3.044685 -1.6149399 -0.80597705 0.5091949 -1.0525678 4.039245 -0.47341794
3.881894 0.087240696 -0.60997516 0.24921669 -0.93551034 3.4600823 -0.20885845
3.4567163 -0.6407148 -0.6970946 0.36497754 -0.9610388 3.7628546 -0.38487363
2.9557145 -1.4720455 -0.292025 -1.0068231 -0.83018273 3.03095 -0.84278095
3.1798165 -1.1249224 -0.21652889 -1.4086277 -0.8274757 2.8546877 -0.91623265
3.0419762 -1.2684933 -0.5465439 -0.586756 -0.7908138 3.3070695 -0.96233714
3.0583527 -1.154695 -0.7173022 -0.48893496 -0.7636 3.4088676 -1.04533
3.0086076 -1.3804055 -0.46951354 -0.6303519 -0.8084497 3.248882 -0.92010456
3.6414185 -0.25123894 -0.71991664 0.4679092 -0.9136222 3.7617354 -0.38066003
2.88968 -1.8829037 -0.9879142 0.87743366 -0.9996409 4.5257554 -0.80361474
3.3314905 -0.9872802 -0.3321741 -1.0459136 -0.9538797 2.8356 -0.5358602
3.00816 -1.5540231 -0.6986224 0.23035531 -0.9549647 3.8494778 -0.63164884
3.707048 -0.36167037 -0.5163346 -0.5739468 -0.985982 3.019336 -0.28919345
3.7017524 0.10825211 -0.76028234 0.24280123 -0.83984977 3.5482144 -0.64523834
3.8755884 0.20403582 -0.62046796 -0.30407917 -0.842032 3.1639304 -0.6650585
2.9093442 -1.6320586 -0.60993207 -0.069524184 -0.86616224 3.6553974 -0.8369229
3.5763104 -1.3181634 -0.907575 -0.78049445 -1.3678313 3.1251893 0.29119
3.3905747 -0.9430536 -0.7262167 0.33718032 -1.0472978 3.7442713 -0.23690946
3.5295858 -0.8605126 -0.89689714 0.9904463 -1.1525983 4.0294657 -0.02328505
3.3532038 -0.8121502 -0.6093042 -0.18320066 -0.85990715 3.3783617 -0.7157746
3.2599456 -1.0699742 -0.4653306 -0.51738214 -0.9380738 3.167605 -0.5371273
4.019468 0.26716018 -0.28393552 -1.3320658 -1.0139146 2.4180841 -0.48759976
2.9644287 -1.6700059 -0.8314045 0.5106305 -0.9504989 4.17435 -0.75735646
3.0816233 -1.3305312 -0.42396143 -0.62509537 -0.9024289 3.1635292 -0.65429157
3.160118 -1.062382 -1.1348889 0.8789495 -0.8687272 4.1780515 -0.857909
4.182553 0.34382975 -0.45645338 -1.3308765 -1.1979462 2.3856487 0.039235484
3.985276 0.6441475 -0.68924046 0.26689872 -0.8830904 3.4301715 -0.50734884
3.368254 -0.8227152 -0.9508935 0.9487854 -0.9873164 4.278286 -0.5235879
3.4640872 -0.7905041 -0.45808065 -0.69003963 -0.86608016 3.0446215 -0.7038271
2.758926 -2.2097895 -1.5053374 1.8876421 -1.2364427 5.2851276 -0.9707957
3.021526 -0.89315987 -0.6140672 -1.9277916 -0.7473871 3.330436 -1.2924417
3.1457875 -1.3566247 -0.8367697 0.54076004 -0.9471102 4.0967464 -0.6639523
3.8146498 -0.1522556 -0.4643612 -0.70687485 -0.88768107 2.9051924 -0.59504
3.7405365 0.19707584 -0.7923201 0.56952035 -0.86532086 3.782485 -0.5036812
3.6025884 -0.529223 -0.45631713 -0.8779393 -0.8419829 2.9360118 -0.7689631
3.5042272 -0.46432644 -0.651708 -0.5797345 -0.78643054 3.1334496 -0.8920453
3.7529447 -0.39246655 -0.590845 -0.7089963 -1.0609565 2.9199038 -0.09687568
3.5778484 -0.46308327 -0.5448804 -0.21193652 -0.91476256 3.3276687 -0.4833511
3.5524552 -0.37814677 -0.64490294 0.077997476 -0.87726176 3.5156994 -0.5757557
3.3573687 -0.8809033 -0.714759 0.30247894 -0.9710995 3.7730317 -0.45481664
2.843345 -1.7266511 -0.73473567 0.110242486 -0.85890955 3.89073 -0.9318179
3.4050596 -0.8397191 -0.44242588 -0.6136755 -0.9209365 3.0686 -0.53749484
3.5661395 -0.3972572 -0.71867466 0.44062233 -0.9244924 3.7870772 -0.41760263
3.336878 -0.8337936 -0.68145716 -0.4570392 -0.7870222 3.2822795 -0.8707158
3.560062 -0.6297164 -0.42932916 -0.7335315 -0.89035636 2.968661 -0.6137285
3.899575 0.7692992 -0.8399449 0.8615828 -0.94122523 3.630654 -0.45666364
3.6591136 -0.4966793 -0.40699813 -0.8558359 -0.8919377 2.8774328 -0.6117525
3.933719 0.7660796 -0.7758707 -0.15658219 -0.96109104 2.9457777 -0.75428516
2.927934 -1.5127667 -0.4593069 -0.574035 -0.8274677 3.2949774 -0.8928782
3.5546868 -0.44399703 -0.6243419 -0.49356273 -0.81229764 3.1275356 -0.80813915
3.7336013 -0.18163633 -0.42621547 -1.1756289 -0.8890541 2.8137374 -0.8241984
3.9991663 0.22127348 -0.60906947 0.14088239 -0.9912277 3.3329606 -0.051507562
3.7090158 -0.39378297 -0.3389346 -1.1149831 -0.9708369 2.6901348 -0.44963855
3.0560672 -1.5659858 -0.72666645 0.27500492 -1.0583123 3.836021 -0.41059753
2.6450737 -1.917658 -0.70433617 -0.10727753 -0.8390911 3.8995605 -1.0920926
3.5020804 -0.7020015 -0.6219336 -0.014836665 -0.98055845 3.4917612 -0.27946493
3.1636198 -1.306163 -0.75268865 0.3769342 -1.0145127 3.8876965 -0.47540727
3.2386982 -1.165426 -0.55407625 -0.3647858 -1.0077147 3.308306 -0.38079306
