1.8687798 1.2841071 1.1857343 0.34121272 -0.8840855 -0.11127514 0.56374604
2.7254765 0.3894729 2.0859194 0.82644355 -2.9160905 1.054369 0.23391493
2.4823806 1.362772 1.4006758 -0.20960197 -0.582872 -0.8420643 -1.5828074
2.0939467 1.3129492 1.3183854 0.6888172 -1.0286105 -0.062344912 0.292551
2.6788585 1.92714 -2.0755491 -0.42647353 -0.58542544 -0.0022271005 0.6570402
4.6106877 0.116560884 -0.24953195 0.4210299 -0.85358816 -0.194148 1.1537858
3.9598587 1.0802021 1.5635455 0.53885245 -0.5532685 -0.81044936 0.9302019
1.6355405 1.0759251 0.7976835 1.0704564 -1.3686378 0.23300117 1.0724276
2.8110907 -0.24991578 -0.16269712 0.9963509 -0.51183134 -0.8618227 1.4036547
3.5529544 -0.019231612 1.4609525 0.26276442 -0.27753934 -0.26129156 -0.8742601
1.3431727 0.6956841 -1.163769 0.086197965 -1.8600783 -0.75468594 1.6411744
1.6854025 1.2022185 0.826576 0.1387215 -1.3693773 0.013193962 1.5440894
3.8704007 -0.22243243 1.1048102 0.3581375 -1.0180181 0.54096895 -1.3051928
1.7016182 1.238632 0.4449753 -0.43324456 -0.7904199 -0.8415933 0.22384866
2.5612972 1.6137929 -0.909688 0.38257423 0.14353971 0.36678043 2.0364947
2.5712435 1.511924 1.1475546 -0.5039123 -0.45189032 -1.0167058 -1.1524891
2.604785 0.8200049 0.8725804 0.2237106 0.12570636 -0.89391124 0.39408138
2.6779497 0.7974985 0.27565086 -0.22601411 -0.050377212 -1.2106681 -0.45817038
2.0182889 1.3831108 1.2440028 -0.38087562 -0.86807615 -0.7222098 1.276504
2.3373027 1.0467792 -0.28519565 -0.4498571 -0.19912703 -1.357554 -1.5446763
1.6052146 1.0789855 0.59096575 -0.1169068 -1.2310466 -0.41436726 1.5463468
1.7272989 1.5264403 -1.1713943 -0.6740989 -1.3657848 -0.8183385 1.8918902
4.1502757 0.83442587 1.8964871 0.9046221 0.28089157 -0.4923343 0.23065223
1.765158 1.2494245 0.2610896 -0.21898058 -1.3991827 -0.41422504 1.9075121
1.3965278 1.189164 -0.17867535 -0.31589207 -1.136809 -0.5700466 1.4423319
1.3302389 0.35355204 1.9289751 0.12275054 -0.40334818 -0.6236748 -2.3990273
2.1559687 1.3779635 1.9036822 1.0787932 -2.5236068 -0.06923169 -1.2366949
1.5630794 1.1787766 0.68410873 0.14178148 -2.4200687 0.20647794 2.3958054
2.193078 1.6619084 1.7053497 1.0446893 -1.8145276 0.2530855 0.21003105
2.8717952 0.8768169 1.9166708 0.3196949 -2.111324 0.5982234 1.0836403
1.8844181 1.1276004 0.5110997 -0.28033987 -1.0142608 -0.30553976 -0.43138006
1.8478036 1.5143988 -1.6357794 -0.48442826 -0.22940882 0.02743804 2.0946488
2.0173256 1.4432547 1.5041238 -0.02590052 -0.7479095 -0.51602566 0.32830134
1.2869714 1.0463636 -0.8294934 0.13545796 -1.7311292 -0.69959605 1.9291995
2.5105405 0.851888 0.8985077 0.13582408 0.060214438 -0.9650317 0.3635415
2.2250772 1.2787491 0.5770551 -0.20685825 -1.3973713 -0.31794077 1.871827
2.0163815 1.4086125 1.1783099 -0.266693 -1.2217638 -0.26503563 1.391119
2.8631384 0.30707628 0.41963845 0.8227731 0.5747573 -0.5123368 0.53767407
3.6767278 1.0356169 1.9865878 0.22009683 -0.21325023 -0.48260182 0.5547925
2.1925113 1.32457 1.7172741 0.5715111 -0.9345067 -0.5699095 -0.41997513
1.584052 0.14501387 -0.67088294 0.14925429 -2.2325654 0.069200635 1.4319464
2.4824994 0.82602924 2.0802627 0.6622393 -1.6677709 -0.25040108 -0.6616436
4.173869 0.71091217 1.4766592 1.3258197 -0.6789295 -1.0477412 0.37073866
2.0685363 1.3071578 1.5110593 0.40553603 -0.8733035 -0.2620377 0.19194718
2.933337 -0.501216 0.21146515 -0.07733107 0.5651943 -0.710351 -0.6550071
2.4787788 1.2969124 -1.1216657 -0.29926595 -1.5643154 -0.30310655 -0.5905942
3.3236663 -0.15878326 0.5664154 -0.12333987 0.6599906 -0.7021971 -0.91401386
4.17852 0.8660678 1.7528632 0.85307777 0.5344613 -0.74778897 0.20876838
1.3576487 1.4014283 -1.1526009 -0.021136321 -1.6351796 -0.72193515 1.8782718
2.2995303 -0.38929635 0.9904158 -0.060563482 0.1334223 -0.33610758 -1.8336164
3.5326393 0.81331676 1.9486048 0.22790647 -0.065789066 -0.4589602 -0.6666224
3.0466733 1.125814 2.1218069 -0.27134994 -0.81147105 0.12585229 0.75388604
2.268784 0.99881977 0.4177428 0.48068172 0.017921606 -0.87017316 0.8324487
4.2516713 0.9355274 0.96114707 1.0288497 -0.041531645 -0.8823746 1.0086379
3.3493636 1.0585 1.4162258 -0.0017452016 0.09444634 -1.0501062 -1.2564839
2.5803697 1.4855096 2.5863333 0.34469637 -1.3305126 0.44684052 0.153022
1.9906367 1.4358313 1.2005299 0.32333717 -1.8034321 0.5259759 1.4492289
1.7183218 1.3397839 0.96721816 0.70952225 -1.4532374 0.26093227 1.2199975
1.4308035 1.5754845 -1.0496664 -0.44498318 -1.4662435 -0.80224293 1.7889327
1.7711889 1.2810321 0.5284802 0.10203578 -1.9949318 0.17551333 2.2065995
3.1010296 -0.4726706 1.5906246 0.1564124 -0.7859674 0.9103448 -2.221169
1.9592946 1.2125798 0.303708 1.1549562 -1.7312317 0.34224182 0.4592677
1.873797 1.3195617 -1.2245857 -0.15926287 -1.9232754 -0.054394726 0.06932744
2.6610591 1.210024 -0.4300858 -0.19567433 -0.44379076 -1.107872 -0.20047145
3.1061559 1.2215347 2.5211155 -0.07678438 -0.9872623 0.80566835 0.6114471
2.3771546 1.2053726 0.45313448 -0.11892433 -1.0181785 -0.8741378 1.6966344
3.2448547 -0.4072489 -0.8083813 0.46428135 -1.1567339 -0.64328986 1.0717088
1.8448263 1.2949266 0.9183036 -0.1784387 -0.8287608 -0.51489425 -0.049994808
2.2204652 1.2914416 0.31591332 0.4838317 -0.012221893 -0.689518 1.2247584
1.7253895 1.1767795 -0.68305993 -0.43729177 -1.2656804 -0.24781841 0.42850786
1.7178848 1.2118852 0.94451785 1.1894766 -1.4799064 0.27622676 0.9588274
2.2841797 1.6781049 1.6041969 0.81637585 -1.6138035 -0.59322613 -1.3973733
1.5869869 0.992196 0.6213435 -0.3148904 -0.5940934 -0.7777328 0.6863421
2.269916 1.6079044 2.365595 1.0529563 -1.8751519 0.042742904 -0.3556812
3.082947 0.9605183 2.394903 0.25997093 -0.54614896 -0.03496075 -0.42216983
1.7491642 1.748409 -0.02696836 0.9912125 -3.3049698 0.261671 -1.0276688
2.3959954 1.6746807 -1.0913953 -0.49839833 -0.6196323 0.21788079 1.8831285
2.9341834 1.0150712 1.4067554 0.22741008 0.17315762 -1.0288742 0.1680683
2.4302309 1.2518333 -1.6608628 0.88623965 -0.8524125 -0.0694505 0.38145697
2.217889 1.6652901 1.6468122 -0.15422219 -1.1744581 -0.043428604 0.9067905
4.2853007 0.9419288 1.3425144 0.85186136 0.68427163 -0.76381385 0.3550882
2.3006322 1.3777268 0.6263958 -0.5300318 -0.49946985 -1.1390833 -0.56526005
2.27097 1.4222319 1.9724538 0.6012052 -1.7267576 -0.50994325 -2.1944733
2.5304472 1.0807273 2.1980639 0.58109415 -1.2958742 -0.73462546 -1.0652393
3.562141 1.1522858 1.9267333 0.28319412 0.25140324 -0.9154598 0.29630092
2.3721688 1.6319618 1.7223573 0.1557568 -1.7378551 0.6769831 0.94756645
2.758781 1.1579993 1.3173212 -0.017756917 -0.9265385 -0.47807837 1.4106327
1.8365911 0.7737947 -0.43182757 -0.29277384 -2.48315 -0.55581516 1.6866746
3.4281652 1.1521094 2.0876691 0.16268289 0.14933912 -0.9478525 -0.09726039
3.3422225 0.63244146 1.1971726 0.020355068 0.10893313 -0.96015507 -1.4203448
2.5720239 -1.3169012 0.71913075 0.023648404 0.29228 0.56098205 -1.5550058
2.33627 1.5056318 1.3120201 -0.15009817 -1.4938252 0.0684914 1.5309156
2.8667803 1.4835413 2.3389769 -0.14013085 -1.0757068 0.5098647 0.71186966
1.4347831 1.147897 -0.3976795 -0.015904821 -1.4223787 -0.35236698 1.5237072
2.8984847 0.19960958 0.42772743 0.7364671 0.6069253 -0.5152799 0.37263247
3.5106661 0.31273288 0.40468475 1.0204781 -0.9409285 -1.039634 1.3958429
2.2169917 1.2670707 0.5218332 -0.13311726 -0.8318289 -0.9999526 1.639325
2.6209557 0.4916057 -0.45213142 0.2505791 -0.859093 -0.73162156 1.4319154
5.496036 0.4131691 0.4405299 1.0737909 0.5042134 -0.78783077 0.17770173
1.7987248 0.24452633 2.1062965 0.17563811 -0.59821635 -0.64383477 -2.1651688
1.5986352 1.2276127 0.034887016 -0.23225051 -0.7670401 -0.57718736 1.1635116
2.4264238 1.2387254 1.5253072 0.17001 -2.3037946 0.67752546 1.5868217
2.3311079 1.9099851 -1.7406981 -0.36525932 -0.57537645 -0.23848543 1.1999358
2.4092484 1.6678028 2.3925235 0.3099599 -0.9338121 -0.24547493 0.32395616
2.2886546 1.4303031 1.2425119 0.7593751 -1.2348207 -0.3231024 -0.22723393
3.8339326 0.8050377 2.09106 0.70838225 -0.14176662 -0.110037506 -0.0058842106
3.2720435 0.75030726 2.2735343 0.067663155 -1.2226781 1.0968204 -0.0067292256
5.0853534 0.33984536 1.2512962 1.4685705 0.62887675 -0.531819 0.13692947
3.6104834 -0.574766 0.19413474 -0.008811571 -2.1653912 0.07650238 -1.4436265
2.6419244 1.5893173 2.1695244 0.023173027 -1.5022608 0.70188576 0.71124434
2.244099 1.0968904 1.9051747 0.07135668 -0.59698755 -0.7273261 -1.9460489
2.7031116 1.1187756 1.2513664 0.19717762 -0.4047664 -0.9982802 1.1749927
1.7479669 1.1987839 0.9785898 -0.45465645 -0.6321097 -0.9082832 0.11794882
2.2692704 1.4752557 0.77791584 -0.16607654 -1.5804456 -0.17950147 1.8559881
2.0907252 1.1193048 0.801774 -0.27121073 -0.39064273 -1.1201999 0.04958846
1.8737161 -0.059794005 2.0060873 0.12663034 -0.7565339 -0.72807 -2.0900164
1.1238428 0.903434 -0.5331148 1.6925162 -2.8768766 -0.32064986 1.1553749
2.299946 1.6540036 -1.1895213 -0.62757576 -1.1378895 -0.6152744 1.8355216
1.5196882 1.0573564 0.47302556 0.32565334 -1.4700052 0.000103530474 1.6067826
2.203325 1.6169436 1.9649255 1.0764678 -1.3902186 -0.06552839 0.14910926
2.056506 1.2661922 -0.56567955 -0.44277725 -1.2390753 -0.2662623 -0.15835677
2.9059067 0.67720264 0.83384645 0.6399723 0.16231744 -0.92584944 1.0748745
2.5506046 1.2584616 -2.0535314 0.07174232 -1.7669153 -0.45237732 -0.057822805
2.9555967 -0.5334025 0.94476926 0.056468748 0.34217897 -0.008747104 -1.5839384
2.7282112 1.6338887 2.2428794 -0.3870182 -0.7264214 -0.27531296 0.3572981
2.4316733 1.5735142 1.9725747 -0.3844965 -0.81147176 -0.42661864 0.5732325
2.1610427 1.142449 0.64686525 -0.1454272 -1.0042906 -0.35963255 -0.84731996
2.072542 1.3893743 1.625603 0.24983934 -0.82569116 -0.37310433 0.22647403
3.0378733 0.9149141 1.0454473 0.40063977 -0.79789144 -0.9167517 1.4839519
2.0810497 1.1404651 -0.683516 -0.014408924 -1.7268742 0.018390175 0.019087512
2.2230926 1.3304808 0.47357073 0.6677929 -1.4596386 -0.059679095 0.009790738
2.978164 1.3879943 2.5547585 -0.04898996 -1.1642214 0.7288815 0.36923692
2.7433712 1.2723111 1.7769867 -0.13543472 -0.45855388 -0.69774204 0.72615963
2.017776 1.1056126 -1.6417284 -0.32849786 -1.8723619 0.07619417 0.3787192
1.3161793 1.2560662 -1.6844021 0.74115145 -1.7404896 -1.3159531 2.0815656
2.5010686 0.5184104 -0.30070055 -0.05329845 -2.1364992 -0.90895444 1.569646
2.5423088 1.6700399 2.394871 0.109917335 -0.7700837 -0.40155149 0.2024935
2.0045831 1.3543158 0.40652 1.1589491 -1.8816315 0.3102582 0.37176272
2.4478319 1.4545236 1.9736913 -0.3406189 -0.6440733 -0.6996658 0.25121972
1.9681066 1.213007 0.1086503 -0.051426567 -0.49877557 -0.74047863 0.683443
1.2911779 1.0471817 -0.39091098 0.35150024 -1.616864 -0.4398867 2.0018225
1.4650269 1.2303451 -1.7654483 0.3214763 -1.7728604 -0.70778835 1.6786339
1.5127324 0.94915444 -0.5721642 0.13818797 -1.4485699 0.0020424696 1.2161666
1.4187503 0.9630899 0.21032023 0.09722706 -1.1322051 -0.23559225 1.2255628
5.2787604 0.14674085 1.1445234 1.3896586 0.5172507 -0.45037222 0.05000903
2.792072 1.5792575 2.5335722 -0.07826812 -0.97357875 0.27418488 0.34749863
1.7741234 1.2610718 0.2860558 -0.2610176 -1.1876532 -0.65128046 1.8457886
4.8184953 0.8287961 0.5910107 1.1414478 0.75402385 -0.7135449 0.4246851
2.2673693 1.3908502 0.31170568 0.18928078 -1.4968094 -0.36423537 -0.71561444
2.0340571 1.0161868 -0.77019477 0.20044759 -1.8291633 0.21461296 0.22498779
1.7554586 1.4357642 0.77134633 0.7094736 -2.4555237 0.7203853 1.1124595
2.0299854 1.2738707 1.2840254 -0.38868132 -0.5651718 -1.0536077 -0.11500255
2.1370833 1.2934675 1.3210207 -0.30547786 -4.075849 0.91944844 0.4317377
3.7384384 -0.18252593 1.3815882 0.3684178 -0.75511414 0.7215072 -1.4163064
2.1709852 1.208407 -0.8716583 -0.36239043 -1.5157984 -0.24113548 -0.43213603
2.2978842 1.6263902 2.1678033 1.052538 -2.124835 -0.5203193 -1.3368431
1.6177329 1.0818989 0.28899136 0.0847105 -2.1636925 0.15261024 2.1213343
3.3212879 0.31022435 0.6299803 0.93499213 -0.06359323 -0.8298486 1.1444713
2.8417797 0.7576851 1.1225581 0.32306162 -1.494477 -0.975534 2.0876641
2.2749782 1.3342482 -0.12191984 -0.40284732 -1.0418384 -0.3518949 -0.7726736
1.8575767 1.342878 0.21635905 -0.23158681 -0.8650299 -0.87571454 1.6891232
3.137409 1.56826 -0.41834202 1.1471201 0.5497287 -0.058561597 1.7284309
2.8344135 -1.3918011 0.11874983 -0.46712437 0.2896469 -0.31402445 -1.2182113
2.7411768 1.4173298 2.0399845 -0.4553902 -0.74231154 -0.27116585 0.57438827
2.181164 1.3140801 1.7242681 0.42550746 -0.88920945 -0.56998223 -0.42244342
2.158906 1.5154492 0.7363694 -0.10426656 -1.7300594 -0.109046996 1.9708747
2.163374 0.73767036 1.3868767 0.8598114 -2.8167486 0.6822491 -0.9759099
2.3324769 1.3060646 0.025032371 0.33396688 -1.0209917 -0.2623662 -1.9181015
3.359102 0.9973003 1.7287085 0.3372012 -1.7386751 -0.9549498 1.241176
2.0963907 1.415102 1.5456779 -0.1809353 -0.77434057 -0.72611564 -0.3590683
2.6352708 0.9231846 0.81175077 0.44106567 -0.9816268 -1.0294515 1.8023957
2.1271732 1.5287303 1.9747338 0.8348685 -1.2170949 -0.054423336 0.39108214
3.065832 1.1989527 2.551889 -0.04741896 -1.2493407 1.0013751 0.26513803
2.390695 1.4328897 2.3905156 0.72878706 -1.3133907 -0.89890593 -1.3371243
2.181153 1.5154428 1.8029234 -0.15117821 -0.67946416 -0.6486909 0.19742666
2.3512125 1.7860646 -1.8807867 -0.15597305 0.0040535126 -0.34200656 1.2321243
2.380579 1.4677864 1.3608494 -0.08573369 -1.6171389 0.1349166 1.6049114
4.075439 -0.19017869 0.589985 0.46087542 -1.8036424 0.19725114 -1.4933599
2.0131693 1.32681 -1.7494506 -0.33882043 -1.9319547 -0.024515096 0.23831184
4.3303823 -0.71662694 -0.44674876 0.05232556 0.44752172 -0.34954724 -0.04825042
2.1479185 0.6684925 1.4978589 -0.18530485 -0.287994 -0.5807426 -2.1063461
1.9754747 1.2989144 1.2879875 -0.4099299 -0.60475665 -1.0246538 -0.07610629
3.3558464 -0.102451615 1.4948349 0.21098784 -0.62049073 -0.15696144 -0.8123006
1.8220899 1.2098899 0.7335417 -0.12789345 -0.6557134 -1.0669143 1.351576
3.0688958 1.0898464 1.4093144 0.24812004 -0.47672972 -0.73466015 1.1527274
2.8121178 1.6005214 2.354239 -0.3018692 -0.7433124 -0.092612386 0.34024957
2.1093476 1.793709 0.5720582 1.0281222 -2.3045225 0.03864723 -0.48225138
1.6046063 1.0786283 0.6010796 0.15697894 -0.9221949 -0.13613135 0.7257987
2.4763718 0.8514926 0.25806698 0.48182398 -0.5396109 -1.0710807 1.6408836
2.3712757 1.4065752 1.2439644 -0.24220857 -0.6174558 -0.84262943 -1.5173527
1.8178073 1.2037165 -1.0265814 0.04221525 -1.9597914 0.17181659 0.2437876
2.954546 1.3850479 2.656375 0.071911715 -1.0031303 0.4652987 0.015231867
2.0163534 1.4947057 1.4004371 -0.22151479 -1.0622 -0.35775673 0.9852246
1.9734637 1.1570957 -0.5883435 0.39890745 -1.898393 0.19424433 0.20295085
2.078953 1.4444008 1.2759708 0.32462785 -1.8933059 0.5759416 1.6339118
3.049847 1.2439039 2.5850556 0.20831016 -0.6308232 0.19038302 -0.23227383
3.6981761 1.091049 1.5718691 0.29080346 -0.8257726 -0.90093595 1.1962318
2.2133286 1.3978863 1.7853835 0.7600075 -1.0050657 -0.56820315 -0.38693932
2.752096 1.0405657 2.1984065 -0.07881547 -2.060416 1.380809 0.23613395
1.6289638 1.2553358 -0.35942215 1.5071044 -3.327656 0.42624027 -0.44353995
1.8389289 1.4348023 0.89018226 0.5730982 -2.3662467 0.6398888 1.31383
2.9437106 1.4497216 2.2883396 -0.3159459 -0.87310725 0.2657293 0.59066606
1.4642946 0.5678056 -0.26391545 -0.17197677 -2.4139552 0.021604117 1.8484019
2.084442 1.0802794 0.6360178 0.07540842 -2.4694734 -0.5911748 2.1625366
2.8655636 1.1916256 -1.0266728 0.17824045 0.2145615 -0.98784703 -0.28303692
2.70907 0.6439099 -1.2214742 -0.42497748 -1.3811934 -0.4227689 1.3649493
4.988943 0.0111944135 0.13431707 0.6540272 1.0379852 -0.7902951 0.11478569
2.7973444 1.3167683 0.8978996 -0.55300874 -0.22969492 -1.1472701 -1.357117
2.5528138 1.0678635 2.311623 0.5440886 -1.8104686 0.69878274 -0.35848466
2.6245291 0.75277776 1.9389002 0.09088849 -2.6198435 1.3438799 -0.40122333
5.401388 0.31768245 0.6629957 1.1767726 -0.2688664 -0.509075 0.10542967
5.0381436 0.37725657 0.30265817 1.0388877 0.95866615 -0.8885341 0.2676157
2.0955775 1.4268274 1.1475704 -0.26114896 -1.2675556 -0.22651964 1.4988818
2.2433217 1.5453565 -0.57592356 0.3211542 -0.003593048 0.082297504 1.6054127
2.67639 0.61995465 -1.2880094 -0.39216194 -1.4612944 -0.32380015 1.4528533
3.8196833 -0.06024128 1.7100065 0.5757611 -0.024572214 0.48011264 -1.069014
1.4163066 0.92313 0.26576006 0.46986306 -1.6471293 0.042741593 1.8488684
4.0692058 0.74948925 0.8086487 0.7955032 0.93878406 -0.8958929 0.29175988
3.7622344 0.4158923 0.5610305 0.69865304 0.82708913 -0.6337849 0.48420754
2.316449 1.5603209 1.5473946 0.13981164 -1.889153 0.7761397 1.1247354
2.2238662 1.0899993 0.4739765 -0.07070569 -0.33942446 -1.1127772 0.20505153
2.6999235 0.6780532 -0.13269964 0.40574715 -1.5142359 -1.2278285 1.4042406
2.4808836 1.351466 0.3396924 -0.28132555 -0.6538585 -0.7118891 -1.3439593
2.3239822 1.1892848 2.0108504 0.13787499 -0.7305667 -0.73291177 -1.7512167
3.1831648 1.0351295 1.4736671 0.20997736 -0.7859042 -0.6796398 1.2832016
2.4960673 1.3079809 -0.16291896 -0.008316793 -1.0097327 -0.94881517 1.7178121
1.8938235 1.4435883 1.1981053 0.069200285 -1.219858 -9.596627e-05 1.1451635
2.229974 1.6679014 2.04807 0.4320157 -1.3683506 0.22994524 0.6236453
2.3905895 1.4972351 1.4906578 -0.27416256 -0.58127886 -0.9315545 -0.63957644
3.0368867 0.21738034 0.38907707 0.8843192 0.44649497 -0.40350658 1.0436844
2.446286 1.5650352 2.4724727 0.36278513 -0.79439694 -0.6309752 -0.1545894
1.8496958 1.3925376 0.7388563 -0.4241585 -0.7060681 -0.85080504 -0.18024658
3.3979092 1.1135054 1.6506612 0.256389 0.36240843 -1.116056 -0.066988744
2.3626704 1.4594584 0.6954442 -0.6271389 -0.4741021 -1.0925052 -0.8970554
4.3857665 -0.15712458 0.38995734 0.59613216 0.9052083 -0.7975628 -0.22561263
4.9203563 0.055661384 1.4967512 0.84125614 0.3293356 -0.00014078896 -0.44290397
2.6616502 1.3323147 1.9653935 0.15056321 -1.5709383 0.62014705 1.396176
2.1733475 1.4656923 1.283489 -0.3238735 -1.1397524 -0.3570518 1.3516618
3.0944543 0.96829027 2.3523045 0.057343684 -1.336886 0.5422365 0.9974822
2.3720818 1.1538169 0.5706639 -0.13163933 -1.1399467 -0.6750073 1.7407385
1.6387838 1.167246 -0.074382216 -0.4040828 -1.0193666 -0.42990637 0.3823387
2.267327 1.630892 0.45871168 0.28327957 -1.4817199 -0.30953264 -1.6312152
2.6297574 0.95489126 1.0819385 0.46352676 -1.5292273 -0.9123562 2.1328173
2.9341145 1.0055456 1.2380904 0.5019855 -0.0075474586 -1.1739838 0.9344871
2.0169158 1.605973 -2.0864935 -0.6463644 -1.7070457 -0.6652762 0.9340615
2.889981 -0.12365251 0.21781439 0.40668476 0.47670248 -0.67879456 -0.15471053
2.1592503 1.374003 1.723809 0.60819954 -0.9307113 -0.24648136 0.21692072
5.371013 0.29718107 -0.08722159 0.40143788 0.6286079 -0.81574094 0.7408701
3.3414752 -0.7706755 0.14084664 0.58459294 0.7820069 -0.4334498 0.58564085
2.6929808 0.4554338 0.63643193 0.79498035 -0.09178265 -1.0001898 1.3336684
3.1873405 0.41664022 1.3345697 -0.0034942403 -0.13030632 -0.7707097 -1.3968482
1.7554542 1.2118654 1.0402874 0.9505126 -1.3223426 0.21227318 0.9076652
3.7218628 0.22182482 1.4524832 1.2515433 -1.3079649 0.15150803 -0.2347825
2.5105915 0.820407 0.7564925 0.4248012 -1.2467257 -1.1187507 1.8792483
5.428613 0.423876 0.94616973 1.7759641 -1.0164498 0.036926802 -0.7242691
4.686477 0.5550625 1.3268157 2.0499666 -0.57354146 -0.59657353 0.069279574
3.7401483 1.0069771 1.3550011 0.41030356 0.78416115 -0.9728239 -0.10817472
3.0350254 1.24107 2.599944 0.1432698 -0.92861205 0.43431658 -0.16242592
2.696436 0.773143 0.86747015 0.53497565 -1.0418066 -1.0741132 1.7529484
2.5758455 0.9200329 0.7862047 0.481306 -0.41358432 -1.1247239 1.4935122
2.2164245 1.3363906 1.5731888 -0.31873918 -0.68152696 -0.763608 0.8577408
3.1629684 0.9306758 1.1082755 0.049448602 0.35342017 -1.0402389 -0.37839612
1.6250331 1.1241335 0.67368543 -0.2867825 -1.0887513 -0.60326105 1.4562039
2.9351199 1.3021948 2.2103283 -0.0851746 -1.2257296 0.799591 1.0314474
3.1087544 1.246011 2.595149 -0.031854935 -0.726626 0.47378105 0.11012911
2.338236 1.1239618 0.70378447 0.2431173 -0.44261202 -1.193103 1.535782
5.446242 -0.37756377 1.8664433 0.5589639 0.08647732 1.2800628 -1.0062262
1.729021 1.1715684 0.5505787 -0.28236854 -1.2754378 -0.43667465 1.713004
3.1512406 1.0010092 1.9414155 0.052509777 -0.2736388 -0.53502434 -0.93780684
3.9077303 0.95406455 1.771804 0.5781041 -0.1576875 -0.5521435 0.5925685
1.8469663 1.0574 0.7313279 -0.16339728 -0.4490765 -0.9605731 0.44649646
3.2067282 1.1357031 2.3389466 -0.20286399 -0.567087 0.22796565 0.3640295
2.3751214 1.7532208 2.1270032 1.2184216 -1.3644128 -0.8341141 -0.9727499
1.3859186 1.2042418 -0.19423515 -0.3411703 -1.0819697 -0.61364514 1.3589395
1.6170446 1.1744523 0.7004851 0.34246972 -1.4391017 0.1450836 1.4828521
2.7421246 1.3271852 -1.3666999 -0.4656864 -1.458171 -0.1071592 -0.44315925
3.4090064 -0.88022393 -0.0039676726 0.93972015 0.2585874 -0.39124513 1.2341994
2.2878814 1.2332258 1.3882399 -0.06203393 -0.5001524 -0.9634071 0.97094524
1.9750465 0.5773439 1.2421603 0.34002748 -2.5657492 0.66885537 2.5787024
2.6349795 1.1918252 0.22184442 0.18841952 -1.2739966 -1.106284 1.7408034
3.949756 0.9206584 1.1395866 0.86796963 -0.14307792 -0.86539 1.1105207
2.3806074 1.2500257 -0.5119424 0.44345537 -1.2464305 -0.2359016 -1.9173108
1.5862764 1.1571343 0.33576173 -0.3679292 -0.8781703 -0.5139083 0.359215
1.5830382 0.76773447 1.3684394 0.32943264 -0.85416895 -0.119297385 -2.4113033
3.1379955 -0.52342135 -0.08989036 -0.7077235 -2.629717 0.118457735 -1.6615812
2.6076372 0.0030924731 -0.22138026 -0.20901689 -0.00052293204 -1.3834047 -1.2551345
2.2540987 1.3951612 1.6860011 -0.37070253 -0.5819686 -0.85290784 -0.1569538
2.5240479 1.3447438 1.7604445 -0.30092174 -0.6826754 -0.5770041 0.7856778
4.9836698 0.18386883 0.40756902 0.9898976 0.95740885 -0.90472615 0.04116716
1.5610743 1.2854447 -0.8702891 -0.42049184 -1.3348627 -0.43625093 0.9469209
1.6994816 1.6327889 -0.84724975 -0.46462697 -1.009729 -0.5827115 1.745532
3.168942 1.2504761 1.507719 -0.09506727 0.021796146 -1.0678467 -1.0686216
2.090057 1.253735 0.63022876 -0.32808292 -1.2214583 -0.4701795 1.7673949
1.941802 1.3325413 0.13157016 -0.23177373 -0.98485523 -0.91431075 1.7551912
2.4560423 1.2559245 0.8322387 -0.068068095 -1.3304828 -0.4361704 1.8015059
2.7292027 1.4541001 0.0031509101 0.10607924 -1.0345088 -0.47043324 -1.6240866
5.4738526 0.7186236 0.5550889 1.3694191 0.28277066 -0.7861191 0.24623062
2.0993333 1.1172551 -0.50783134 0.3139666 -1.7810091 0.13848418 0.12429031
2.6209319 0.98453134 2.297419 0.4192293 -0.9558299 -0.5877555 -0.8686259
3.6725562 0.5066659 2.088985 0.5156956 -0.39444467 0.09148055 -0.29919854
