2.3306031 0.34035033 -0.52941215 1.8479769 -1.7543143 5.404814 0.380404
2.0243192 0.046351667 -1.026591 2.0175202 -1.2742172 3.5033464 1.3245803
1.6983889 -0.4987979 -1.6445223 3.295152 -1.2519652 4.083051 1.2129427
1.8884001 0.3189736 -0.87463355 2.2108116 -1.3410664 4.347741 0.9194512
1.7783738 0.06648517 -1.0038425 2.564407 -1.4928703 5.028364 0.65752226
1.2730303 -0.8275492 -1.6604463 3.0040166 -1.3694654 4.457113 1.0073142
1.9792588 0.27771568 -0.9030497 2.3149958 -1.2138351 3.8057234 1.2208933
1.8489618 0.25753033 -0.95775205 2.5702817 -1.2548597 4.048299 1.1056728
2.0149558 0.36693025 -0.6913594 1.5614207 -1.506687 3.927869 1.0366273
1.7175428 -0.003906849 -1.0581062 2.7034423 -1.5161716 5.1558237 0.6303577
1.4701219 -0.28776914 -1.0571951 2.0016754 -1.4984323 4.3435755 0.85140604
2.1392834 0.5308517 -0.8064022 2.5967133 -1.1143796 3.8940537 1.1787132
2.0304067 -0.4378084 -1.8361789 4.1177235 -1.0671688 4.5976696 1.2111617
1.9145396 -0.53278494 -1.8652278 3.852351 -1.1327472 4.3400335 1.232533
1.7002614 -0.5138581 -1.697898 3.752661 -1.2171124 4.824497 1.0414336
1.5619502 -0.37925726 -0.84945494 1.2925851 -1.7609637 4.6100283 0.6103381
1.6038148 -0.8667277 -1.9901403 3.627086 -1.2458504 4.364754 1.171397
1.470118 -1.0126551 -1.8700923 2.3459651 -1.3713646 3.4507678 1.2728722
1.9586425 0.056393024 -1.1694244 3.1477454 -1.1653819 3.9357443 1.2928549
1.2532377 -0.6989826 -1.4521664 2.3977482 -1.4128565 4.145095 0.9660302
1.2028397 -0.7124771 -1.4346019 2.7766068 -1.531833 4.9487047 0.8033617
1.0369713 -1.1411067 -1.6643364 2.2870328 -1.4742302 4.012673 1.0349672
1.1275672 -0.93256515 -1.2212336 1.1375022 -1.7088404 3.9142814 0.9051307
0.9985686 -1.1527098 -1.3597821 1.6432586 -1.6308348 4.119422 0.9086755
1.5975225 -0.20225304 -1.443894 3.2440479 -1.3455213 5.1443567 0.77737635
2.1144922 0.657691 -0.6944675 2.2462363 -1.2637719 4.2968893 0.8602913
2.302872 0.50258327 -1.0660123 3.5710132 -1.0093414 4.2624307 1.2365872
2.0048625 0.38681382 -1.2398998 3.4440596 -1.1912249 5.167324 0.6359872
1.7042267 0.023626085 -1.0719954 2.498165 -1.3067259 3.956449 1.1361078
2.3595839 0.9333304 -0.78285515 3.1627734 -1.0821145 4.3745418 0.83575064
2.3949013 0.56102264 -0.58578223 1.0470408 -1.6312292 3.9166222 1.0172455
1.4140797 -0.8045242 -1.599591 1.4766246 -1.5275584 3.3035748 1.2596612
2.049043 0.31511033 -1.0763532 3.199911 -1.1265813 4.116258 1.1948901
1.9357507 0.41070342 -1.0091016 2.8398793 -1.2393627 4.4396534 0.92042416
1.4818718 -0.21332514 -1.2014016 2.5260398 -1.405031 4.424032 0.9117242
1.5988269 -0.21547592 -1.0808507 1.5595124 -1.5384728 3.7620525 1.0446959
1.5680782 -0.29976833 -1.3701991 2.8829515 -1.3252832 4.0915527 1.108278
1.7618308 -0.061438445 -1.067437 2.13329 -1.3341185 3.6466637 1.2145792
1.7240224 -0.08493137 -1.4993609 3.7830675 -1.586246 6.5121794 0.2813023
1.6367548 -0.115474164 -1.3960811 3.216118 -1.3272585 5.049903 0.7925507
2.5919487 1.1702954 -0.3711792 2.4520407 -1.1585056 4.269906 0.7260999
2.0259268 0.516022 -0.86479366 2.5418427 -1.2877065 4.5634294 0.78479654
2.0214295 -0.10713023 -1.5319248 3.8528757 -1.1119592 4.8029647 1.0875133
3.132725 1.3698277 -0.41263196 2.9446447 -0.8972205 3.7285976 1.3001385
1.790221 0.12669218 -1.071705 2.7362525 -1.2595158 4.0098395 1.1376206
2.150998 0.5843248 -0.64517987 2.2885861 -1.4547691 4.904282 0.4898679
1.9255626 0.36327207 -0.7643932 1.9225937 -1.4261744 4.323633 0.885371
1.385875 -0.4009806 -1.3713361 2.7389944 -1.3854877 4.3338594 0.9622779
1.5719218 -0.12468338 -1.2904202 2.9754016 -1.3736843 4.795997 0.8292957
2.3586767 0.6641673 -0.91677064 3.3763828 -0.9975957 4.116679 1.2345643
1.4832182 -0.63424885 -1.5685004 2.7233236 -1.3296305 3.9094536 1.1335844
2.0790281 -0.29016477 -1.6228098 3.6925871 -1.105588 3.9404502 1.4167645
2.0414088 0.3142799 -0.64391303 1.253601 -1.7117434 4.249566 0.81628245
0.9998104 -1.1300781 -1.4294418 1.7971411 -1.5841693 4.085686 0.9354866
2.3765945 -0.32755816 -1.7885731 4.1837316 -0.9868322 4.039474 1.4770955
1.2566301 -1.3031754 -2.0658298 2.5629694 -1.3738958 3.5438845 1.2671715
1.3859718 -0.42101938 -1.4176081 2.8930569 -1.3819277 4.487482 0.9521269
2.3305297 0.049572583 -1.3276554 3.7039032 -1.014143 3.778334 1.5381223
1.7958676 -0.43951535 -1.6721174 3.732772 -1.1820452 4.600567 1.1253204
1.6417695 -0.10817504 -1.3511155 3.157452 -1.2940943 4.602817 0.9448752
2.0005229 0.4847219 -0.84180635 2.4311821 -1.2362353 4.22755 0.99789476
2.1818821 0.42191994 -0.88892376 2.7234209 -1.089319 3.7761009 1.2952378
1.554151 -1.1441718 -2.1168542 2.6600108 -1.3139517 3.392894 1.3474773
2.0683937 0.30484796 -1.3377664 3.6989198 -1.0996035 5.1532087 0.7765054
1.4125907 -0.42343265 -1.1315212 1.6178746 -1.5567378 3.9558175 0.92303616
2.773228 0.91569185 -0.9578357 4.021207 -0.8576977 4.4536586 1.2518916
1.5468744 -0.23439294 -1.3149275 2.857162 -1.3400879 4.170284 1.0628138
1.5932503 -0.19115627 -1.4164422 3.2066014 -1.3222822 4.944328 0.8526315
2.3295176 -0.02488697 -1.5572876 4.162765 -0.9667837 4.5894995 1.254008
1.7300712 0.017887231 -1.3414587 3.226241 -1.2650095 4.8044786 0.8750999
1.5855558 -0.19308668 -1.009813 1.4658725 -1.5951715 3.8533921 0.98500705
1.705948 -1.0314295 -2.255993 3.9219208 -1.1942363 4.2494464 1.2391406
1.7103343 -0.44531405 -1.5215052 2.909675 -1.2804896 3.7902474 1.2823873
1.9506317 -0.16990441 -1.2984983 2.9659574 -1.2044219 3.6832347 1.4007225
1.4409344 -0.2731136 -1.2441657 2.6268125 -1.4145156 4.4933763 0.9057486
1.5491335 -0.8620811 -1.8262248 2.775252 -1.3103131 3.6504836 1.2502247
1.659039 -0.0342536 -1.0326282 2.0393844 -1.3898498 3.899868 1.1001343
1.737317 0.084471226 -0.95942223 1.9994972 -1.3763618 3.9148026 1.1104921
2.157161 0.6824377 -0.78846157 2.754642 -1.2880794 4.806558 0.56333274
2.3429043 0.90519696 -0.64499307 2.6708105 -1.0959293 4.1171894 0.94298166
2.2362454 -0.014791015 -1.5083078 4.0472074 -1.012717 4.6947765 1.1881143
1.699204 -0.39597356 -1.4554104 2.880002 -1.2868505 3.8289335 1.2654194
1.256165 -0.69623244 -1.4371926 2.3415577 -1.4156348 4.102853 0.97007513
1.6220227 -0.1918155 -1.2682024 2.7808466 -1.3180755 3.998104 1.1501862
1.215268 -0.98647386 -1.6430441 1.8343029 -1.4900688 3.547077 1.1510926
2.011433 -0.5586648 -1.9477252 4.1143765 -1.0740925 4.486801 1.2300398
2.3282356 0.7666203 -0.88851726 3.2531164 -1.0285829 4.204567 1.0997554
1.9041555 -0.50891393 -1.7508191 3.1144633 -1.2159753 3.572616 1.421877
1.7136254 -0.15521699 -1.2759305 2.9589765 -1.2765228 4.008976 1.2163895
1.6999785 -0.18757594 -1.12548 1.8628312 -1.4082346 3.5680356 1.1932191
1.9890006 0.37103963 -1.2149602 3.4114327 -1.2692832 5.380643 0.51630193
1.7297121 0.10311544 -1.2349157 3.0519712 -1.3184568 4.811677 0.7837588
1.9256188 -1.0626234 -2.3637195 4.264278 -1.1051799 4.192285 1.2907919
1.4399794 -0.5663858 -1.0599512 0.7618046 -1.8016832 4.0141425 0.8081893
1.5996403 -0.19666582 -1.3357482 3.0310981 -1.3151965 4.2738523 1.0701277
1.9321754 0.17259979 -1.1058745 3.0646827 -1.1843336 4.0402093 1.1996549
1.5838374 -0.217902 -1.1491507 1.9169078 -1.4288222 3.7904193 1.0813262
1.1301858 -0.99566114 -1.6017964 1.4199061 -1.5879722 3.5135632 1.1328782
1.5957264 -0.44194943 -1.5567764 3.379667 -1.2721623 4.4860234 1.0716566
1.9961298 0.4045995 -0.83453107 2.3908293 -1.1939192 3.9531498 1.152958
2.8467448 1.240529 -0.7654834 3.8288648 -0.8732205 4.604883 0.96311754
2.1297083 0.20855099 -0.9824722 2.343503 -1.167552 3.5908496 1.3349824
1.9109516 -0.10351026 -0.9740893 1.2549024 -1.5327089 3.5729756 1.1973115
1.3904088 -0.6979985 -1.4615163 1.6242477 -1.5086738 3.4666045 1.1658864
1.4875977 -0.29394382 -1.1646411 1.9299016 -1.4556226 3.9485326 1.0003306
1.1000414 -0.96046484 -1.3870821 1.6245053 -1.5678693 3.9451914 0.96505797
1.6075835 -0.2780705 -1.4166182 3.1986735 -1.2924207 4.3739567 1.0727081
2.2497635 0.31750262 -0.93534994 2.3729653 -1.134432 3.5923254 1.3493212
1.8724545 -0.058045987 -0.7152857 1.1719415 -1.7551943 4.533677 0.6470035
1.8081944 0.22398919 -0.93034697 2.2462122 -1.3555638 4.2997775 0.9525259
2.0151362 0.3078665 -0.931556 2.5661497 -1.1690502 3.839717 1.225665
2.3299458 0.91026056 -0.46677318 2.113818 -1.3058214 4.213809 0.7969708
1.5997477 -0.3831389 -1.2121744 1.2998734 -1.5584832 3.4560509 1.1411726
1.398166 -0.6616042 -1.4355353 1.0750995 -1.6238275 3.3573399 1.1699265
2.273615 0.81952196 -0.84072566 3.2035503 -1.1276364 4.6723013 0.68132895
1.6004201 -0.027005617 -1.201068 2.8272731 -1.3315134 4.3283887 1.0040556
2.0023487 0.47996837 -0.8617363 2.4831183 -1.2333782 4.2516437 0.99073964
1.8968654 0.07883227 -0.76813555 1.231849 -1.710115 4.058337 0.89239925
2.557817 1.0699986 -0.33519465 1.9839435 -1.4425023 4.5292063 0.5784561
1.7662657 0.10182351 -1.2114953 3.090628 -1.2584201 4.4695835 0.987143
1.7152758 0.072172046 -0.96137923 2.0002937 -1.3883501 3.9639928 1.0899748
2.4492414 0.7021627 -0.73404944 2.638616 -1.0438634 3.754138 1.2699907
1.8760252 0.281151 -0.9178599 2.459945 -1.2493501 4.0117307 1.119601
1.7487997 -0.04918099 -1.3204889 3.2749448 -1.2526301 4.5374513 1.0269734
1.1877064 -0.75970244 -1.2903427 2.2864459 -1.5279969 4.6432056 0.8063771
2.4422648 0.94811296 -0.680603 3.397547 -1.3604561 5.7486434 -0.0036422936
2.6707575 1.1195632 -0.21998192 2.005507 -1.4553462 4.7593985 0.44835797
2.0214171 0.5063708 -0.8693658 2.5373936 -1.2303584 4.295312 0.9640495
2.1946857 0.62334156 -0.8708381 2.9873319 -1.0709687 4.0547404 1.1475546
1.6553317 0.03164297 -1.2479321 2.9770458 -1.3115188 4.5516577 0.9143925
2.0340421 0.075102866 -1.5521091 3.9257164 -1.0914046 5.266244 0.8451531
2.5609677 1.1123374 -0.67839396 3.2531276 -1.0030866 4.3230186 0.8956799
1.8411772 0.16329527 -0.7998669 1.4725107 -1.5975332 3.9561167 1.006178
1.3486793 -0.64050144 -1.5881666 3.143682 -1.3806463 4.7228856 0.95790476
1.6145179 -0.16639197 -1.4087247 3.2274647 -1.302194 4.8817067 0.88045204
1.4596884 -0.36355674 -1.2720779 2.8887956 -1.5297493 5.1735873 0.70134425
2.4178383 0.9389407 -0.7285388 3.0518873 -1.022242 4.1306524 1.0376182
2.2865515 0.876189 -0.67779136 2.6074057 -1.1656353 4.30929 0.8111128
2.1240642 0.5980236 -0.8933945 2.8738854 -1.1330345 4.192081 1.0458245
1.7006462 0.111968994 -1.095456 2.6449687 -1.3221849 4.3540015 0.9740202
2.4835033 0.44151634 -0.86068094 2.6558642 -1.0428877 3.5175083 1.413864
2.002192 0.4785232 -0.83917505 2.3466494 -1.2815298 4.3985353 0.88826114
1.8471429 -0.5622872 -1.6768957 2.5557625 -1.3124051 3.350793 1.4332899
2.533068 1.056307 -0.33728114 2.1312363 -1.4090155 4.6913447 0.4728563
1.9871342 0.31907272 -0.7398858 2.37964 -1.5582353 5.2015796 0.49047145
2.0485163 0.2917114 -1.0899837 3.2247229 -1.12442 4.104645 1.2099278
1.8613605 0.2172659 -1.0483878 2.7752395 -1.3901147 4.9129066 0.67292386
1.9966943 0.47494912 -0.85395086 2.3798077 -1.2740318 4.383948 0.9045335
1.5692279 -0.5376169 -1.7749721 3.7259042 -1.3025641 5.362179 0.86582845
1.6293901 -0.10370034 -1.3710414 3.1652017 -1.3236364 4.9432845 0.82263094
1.4896058 -0.44101357 -0.85980946 1.499188 -1.7318182 4.6867166 0.63270885
2.0605786 0.28619123 -1.3545171 3.71538 -1.0994569 5.1682434 0.779331
1.486784 -0.7944739 -1.6275042 1.6543834 -1.5002565 3.2842631 1.2843049
2.6514003 0.9459686 -0.9561919 3.9782627 -0.9070214 4.7827363 1.0005902
1.2698708 -0.64366007 -1.1344991 1.2661741 -1.6529382 3.9362345 0.88261765
1.8856971 0.33168322 -0.915591 2.4133093 -1.2928197 4.278636 0.9831113
1.6320459 -0.06380731 -1.0860701 2.2686613 -1.3550707 3.9308808 1.1015197
2.1746438 0.7501836 -0.8385348 2.8949072 -1.187161 4.521358 0.7687549
1.6111789 -0.27812994 -1.4938307 3.3991804 -1.2790327 4.886839 0.9369794
1.165934 -0.82468367 -1.2586114 1.5313909 -1.5861756 4.0400114 0.90031993
2.1119447 0.64552295 -0.7956079 2.5271423 -1.1982335 4.269969 0.9276998
2.0383213 0.22814786 -0.76242316 1.471345 -1.4707552 3.767038 1.1487647
1.416671 -0.34031773 -1.1702973 2.3331409 -1.4459417 4.455195 0.8668804
2.4419415 0.7426814 -0.8973105 3.4745913 -0.9670999 4.1557693 1.2378571
1.9954932 -0.11528897 -0.9854287 1.1049497 -1.5641419 3.5561833 1.2056783
1.8280046 -0.14504379 -1.0536106 1.642086 -1.412017 3.4942443 1.2407353
2.1538084 -0.08229101 -1.3155538 3.251654 -1.1148807 3.6598952 1.5176302
2.4107203 0.97225124 -0.67125255 3.1308239 -1.2322136 5.1864986 0.21016343
1.8656005 0.19297409 -0.75119793 1.4392922 -1.6374559 4.0752954 0.9336369
1.8245432 0.06301898 -1.207213 3.1786108 -1.227689 4.234283 1.1474651
1.885226 -0.21016735 -1.2669469 2.4808037 -1.2943977 3.5060034 1.3455498
1.6348574 -0.10762119 -1.1761352 2.891414 -1.5128902 5.2465315 0.62988156
1.7401698 0.15547109 -1.12584 2.8652043 -1.2881389 4.378173 0.97541547
1.7982483 0.18517393 -0.89764893 1.9693594 -1.3666074 3.9361534 1.1072066
2.3725195 0.90769994 -0.49231306 2.2989361 -1.1605445 3.9989805 0.9631394
1.6699995 -0.04234791 -1.1255409 2.7879484 -1.4891504 5.0975103 0.6680117
2.4953117 -0.23709196 -1.6946638 4.1144695 -0.9743678 3.6610308 1.5796239
1.6335263 -0.09580624 -1.1031042 2.2223182 -1.35455 3.8535779 1.1176437
1.8819349 0.1461482 -0.7874135 2.3098383 -1.644778 5.3102684 0.47168216
1.6097493 -0.071229756 -1.1385087 2.605666 -1.4481152 4.770921 0.7809401
1.8480173 -0.30991924 -1.1767141 0.8955831 -1.6285524 3.4175322 1.1933095
1.2712598 -0.57371104 -1.2807968 2.4873114 -1.5025148 4.691643 0.82448524
2.1926928 0.7352942 -0.7988773 2.784929 -1.1222378 4.1740074 0.99603176
1.7935842 -0.6176201 -1.6047062 1.7839464 -1.4922512 3.1724858 1.3700286
2.45987 0.74640346 -0.8322958 3.332102 -0.9701251 4.025634 1.2663337
2.1579914 -0.2595421 -1.2581282 1.7547809 -1.3573846 3.1673474 1.4317651
1.669057 -0.22078621 -1.4522471 3.3971097 -1.2604291 4.726367 0.9906997
2.2704508 0.72585595 -0.5461148 2.552416 -1.4026208 5.130211 0.3144542
1.994611 -0.31714445 -1.5881299 3.2582104 -1.1694528 3.666636 1.466738
1.8678439 0.21584743 -1.106983 3.0520456 -1.2240855 4.27001 1.0689169
1.3939614 -0.39979798 -1.371619 2.7193487 -1.378747 4.2498536 0.9804521
1.6203516 -0.6605828 -1.5641718 2.109254 -1.402926 3.3722632 1.2773604
2.1461213 0.38659835 -0.64919543 1.2871013 -1.6173497 3.9796658 0.9794685
1.8237274 0.25940531 -0.95542 2.4640515 -1.2974795 4.204181 1.0265191
1.370532 -0.95238656 -1.7315452 1.36145 -1.5725833 3.2227976 1.305837
1.7239637 -0.023549918 -0.8102607 1.9572451 -1.6488494 4.935834 0.6176676
1.6709962 0.019461807 -1.2299116 2.9988425 -1.2997956 4.4367642 0.9865424
1.2610768 -0.93455184 -1.6469498 1.1409254 -1.6051675 3.2905316 1.2281821
1.6951207 -0.84477437 -2.0252407 3.6485205 -1.2081593 4.198789 1.217267
1.914273 0.36637396 -0.83584577 2.2089255 -1.2842209 4.135042 1.0446454
1.4772282 -0.50651205 -1.6166843 3.3687866 -1.3690792 5.2391014 0.83164495
2.179515 0.6904644 -0.57158464 1.9101421 -1.349858 4.0383844 0.96505207
2.3535247 0.9420488 -0.74702454 3.0256007 -1.0861341 4.3011374 0.8536138
2.5979304 0.83675694 -1.0507296 4.0285983 -0.91031706 4.952186 0.9279488
2.1185641 0.59143627 -1.0649524 3.3199422 -1.1941155 5.026578 0.58133644
1.7359414 -0.056754414 -1.087297 2.2759428 -1.3230884 3.7109764 1.1986767
1.4964336 -0.2011227 -1.2444396 2.6234097 -1.3668259 4.207008 0.99756193
1.7508308 0.1314838 -0.8961332 1.9421117 -1.4639351 4.275239 0.9217352
1.7983965 0.12138319 -0.82640517 1.8265525 -1.5600657 4.5542636 0.73855144
1.8089405 0.08079684 -1.3164417 3.4500482 -1.3970152 5.7267084 0.47987914
1.5809088 -0.14291298 -1.1647624 2.4354799 -1.3479614 3.9746072 1.0908458
1.816704 0.2138704 -1.2290461 3.1686738 -1.2865833 4.9165106 0.7272347
1.6887559 -0.015293482 -0.9884118 1.8320843 -1.4411613 3.8687584 1.0940518
1.4044449 -0.5888349 -1.5525014 2.9936807 -1.3381375 4.338484 1.0220088
2.0906105 0.40260208 -1.0502366 3.210782 -1.1146022 4.2018943 1.14922
2.068279 -0.08772379 -1.2280577 2.8654454 -1.1809845 3.6151674 1.4427549
1.577459 -0.074181855 -1.1529189 2.5156786 -1.3949579 4.453567 0.89942807
1.8654194 -0.2413578 -1.1013244 0.84069085 -1.6692713 3.5014725 1.1512684
2.0691912 0.595114 -0.7061944 2.1685793 -1.301943 4.311359 0.85616195
2.314569 0.43421066 -0.944366 3.161058 -1.0288799 3.853746 1.3843867
1.7715621 -0.54961026 -1.6457912 2.7538948 -1.2812773 3.5465465 1.358086
2.0728674 0.31388533 -0.9842821 2.8842165 -1.1254679 3.8760595 1.2686325
2.433277 0.28008342 -0.81088495 1.5139725 -1.3426273 3.5102892 1.3025086
1.7816029 -0.57550585 -1.7148259 2.9828281 -1.2512456 3.6346798 1.3479757
2.2950838 -0.112202525 -1.1144341 1.1688273 -1.4333415 3.4029346 1.392882
2.1231298 0.530602 -0.8490199 2.7548563 -1.1056978 3.9580693 1.1735264
2.5068266 1.0707887 -0.37212217 2.1745348 -1.3592285 4.561588 0.54887384
2.1216555 0.3064177 -1.2593057 3.638079 -1.0825928 4.691258 1.0470941
2.3968446 1.0035731 -0.5976533 2.6452649 -1.1659117 4.452454 0.6587675
2.270288 -0.552207 -1.9309644 3.71269 -1.1162287 3.3815863 1.5697852
1.6093621 -0.0068422584 -1.1607863 2.7033288 -1.3401072 4.305894 1.0047091
1.7213516 -0.6331001 -1.5954679 1.675803 -1.5118054 3.185454 1.3391596
1.5483093 -0.4077146 -1.466462 2.9951074 -1.3116677 4.1452613 1.1149644
1.3592352 -0.82920045 -1.5675178 1.8722663 -1.4635692 3.4900506 1.1841524
2.6452131 0.82688564 -0.73052466 3.2536333 -0.9243077 3.8140156 1.3623922
1.6564798 -0.030660097 -1.2996628 3.0800564 -1.2976997 4.58215 0.9304889
2.1188827 0.43747723 -1.0104748 3.1662328 -1.0958688 4.0985775 1.1882195
1.5889876 -0.18870264 -1.158252 2.1512558 -1.374216 3.8087568 1.1048353
1.709885 0.03431582 -0.8903904 1.8453746 -1.5360544 4.397813 0.81555444
2.0693028 0.51312673 -1.1502527 3.4011586 -1.229601 5.2576594 0.49875337
1.4276669 -0.3474121 -1.2871286 2.8066866 -1.4682347 4.8430634 0.80748206
1.7419866 0.07409704 -1.103217 2.7707157 -1.4250902 4.909122 0.7156537
1.3596785 -0.4708897 -1.31065 2.3430126 -1.3996166 4.059882 0.9805498
2.0711422 0.31131566 -0.598804 1.646184 -1.72987 4.834356 0.5375685
1.6892594 -0.68646944 -1.871808 3.750773 -1.2082645 4.5479016 1.1299181
2.2625294 0.45454133 -0.83862686 2.326223 -1.1344528 3.6440823 1.2829497
0.98137474 -1.2000849 -1.5950593 2.1887245 -1.5115752 4.1132736 0.9823572
2.2290084 0.70594823 -0.73317224 2.655741 -1.090842 3.993349 1.0904946
1.7883312 0.0697881 -1.2162095 3.163998 -1.2486337 4.381943 1.0583788
1.9802859 0.25833535 -0.61571705 1.3757726 -1.7067586 4.455102 0.7060209
2.0582588 -0.09067142 -1.4349505 3.6668966 -1.0944687 4.2530456 1.2859064
1.6482182 -0.62933004 -1.7482083 3.3685384 -1.2561132 4.1905293 1.1635828
1.0969702 -1.0096537 -1.7064414 3.1146638 -1.5587147 5.1586475 0.83062595
1.7212216 0.08725917 -1.0473245 2.371647 -1.4044925 4.530949 0.83797884
1.9522676 0.00024020392 -1.1376166 2.7975984 -1.2068404 3.707434 1.3347563
1.5627534 -0.20363092 -1.0367242 2.577593 -1.595697 5.2242284 0.6252602
3.2145271 1.2739645 -0.83845854 4.4194474 -0.7944142 4.9631386 0.9619332
1.929361 0.29862046 -0.88104856 2.290786 -1.4171103 4.6909876 0.715652
2.1227434 0.43768227 -0.88353044 2.7069159 -1.1079961 3.8448176 1.2429181
2.325074 0.8927719 -0.5957663 2.477121 -1.1434852 4.131611 0.91155463
2.1124024 0.31696743 -0.995369 2.9858391 -1.104417 3.8671615 1.2977841
2.4925919 1.0488011 -0.43809307 2.7035205 -1.2714396 4.940247 0.29492807
1.6100037 -0.14941162 -1.1490119 2.2755897 -1.3519522 3.8383868 1.1189188
2.0258584 -0.348211 -1.5041107 2.819591 -1.2355398 3.35206 1.506545
2.2290516 0.8208251 -0.7690481 2.824228 -1.1894776 4.5513077 0.69323385
1.8286452 -0.31176478 -1.2299837 1.5711393 -1.4428961 3.343634 1.2693361
1.4306426 -0.35780334 -1.1884135 2.001744 -1.4564224 4.0351696 0.96066505
2.2396173 0.78848267 -0.69656765 2.5938227 -1.1258998 4.1250167 0.9746643
2.0333083 -0.31589603 -1.3441685 1.2400337 -1.4971488 3.2288108 1.3839387
2.1312313 -0.06434709 -1.5062975 3.9318268 -1.0571898 4.6922355 1.1587167
1.3871477 -0.5251506 -1.2480904 2.785787 -1.6402144 5.3894634 0.6417362
2.2307754 -0.8046782 -1.7035033 2.0227787 -1.5056233 2.860056 1.6356425
1.8078626 0.22795975 -0.92009795 2.3143182 -1.3051525 4.074986 1.0797075
2.2991405 0.27279663 -1.0695282 3.411864 -1.0336839 3.8870316 1.4455065
2.7554214 1.1984857 -0.17921916 1.9211993 -1.4539441 4.5502386 0.57285196
1.9492339 0.2496965 -0.63291764 1.4260945 -1.6926043 4.4512095 0.7080472
2.0680387 0.50809884 -1.0083729 3.0996003 -1.3200375 5.141031 0.47333536
1.6909922 0.09101796 -1.2119075 2.9009604 -1.3276858 4.6407876 0.8413664
2.323275 0.1658982 -0.9373704 0.43491033 -1.6975529 3.65017 1.191338
1.5206752 -0.2861575 -1.0230932 2.4435666 -1.6422626 5.2392263 0.6189926
2.21156 0.46247154 -0.5934521 1.0203282 -1.7581924 4.2743335 0.7915297
2.0090191 0.178222 -1.1379749 3.241592 -1.1388314 4.057886 1.2465345
1.619611 -0.66287816 -1.7605994 3.3592818 -1.2647275 4.2138214 1.1504602
2.2431064 0.7071078 -0.5468956 2.2110813 -1.4598411 4.859438 0.45980722
1.3928616 -0.3846848 -1.2554482 2.2949383 -1.403826 4.1143713 0.96145344
2.2584615 0.65324736 -0.75771165 2.6945524 -1.0677748 3.8858523 1.1724011
1.8080269 0.2222271 -1.0424345 2.5708141 -1.3521702 4.593652 0.81086177
1.931221 0.26217604 -0.9109515 2.6645143 -1.4837264 5.174304 0.53491527
0.9169973 -1.4000117 -1.9662027 1.1755295 -1.7501767 3.1771717 1.2275212
1.7501432 -0.2854699 -1.1408781 1.1995282 -1.5544983 3.4610426 1.1645299
1.9474043 0.39315593 -0.8419966 2.3409436 -1.2401693 4.073515 1.0864431
1.6783916 -0.38006115 -1.5401677 3.4473207 -1.2464372 4.4791665 1.1068332
1.9765272 0.040746566 -1.1835936 3.1867964 -1.1559764 3.9232512 1.3156863
1.5205597 -0.30253428 -1.368132 2.8955767 -1.3380712 4.1903305 1.0606601
1.8651626 -0.050989274 -1.033799 1.9385484 -1.3405603 3.5517206 1.2644302
2.8406498 1.2487141 -0.3984938 2.6884038 -0.9987262 3.9009328 1.1055214
2.2647521 0.13097334 -0.8243928 1.1419233 -1.4981015 3.6492186 1.2335603
1.3815637 -0.4104991 -1.3317989 2.5653236 -1.3907986 4.208618 0.96459365
1.8848718 0.05765712 -1.3839273 3.4988313 -1.1813006 4.8496385 0.9476067
2.2627988 0.19542289 -0.79314256 0.92484033 -1.6065587 3.7452233 1.1580287
