1.633095 0.4302339 0.6538944 -0.27097178 -2.261299 0.60935575 2.414497
1.7958157 1.4370933 0.033652067 0.5895123 -0.46290883 -0.19665933 2.0126996
2.810568 1.2460847 1.5308295 0.45651212 -0.3790364 -0.5266779 -1.7475358
1.9591539 0.68104213 1.24966 0.3517231 -0.6623034 -0.7987862 -0.15969516
2.4688437 0.015712207 1.0521134 -0.3284674 -1.3390152 0.5581823 -0.081568934
3.4539568 -0.8868912 1.8034388 1.1889975 0.040070094 -0.74618214 0.7201533
2.4467518 1.7113302 -0.3582116 0.48215428 0.3117005 -0.98095506 -0.5727075
1.2228382 1.4586806 -0.42133588 0.34551528 -1.0438012 -0.41307014 1.7381116
1.4236534 1.154012 0.4536258 0.16215706 -1.0399653 -0.5592796 1.9036608
2.456598 1.571857 0.6971067 -0.51516557 0.6071275 -0.84236556 -1.7612205
4.190839 -0.8189524 2.836428 0.29719415 0.71918744 0.89930207 3.192523
1.6422554 0.012112087 0.733819 0.7350722 -0.3777152 -1.178251 0.643673
3.1722982 0.93884605 1.6508805 0.65208125 -0.1577229 -0.98385006 -1.4956602
3.4281628 -0.059738692 1.5464497 1.2849668 0.28072622 -1.611796 -0.1672077
2.4821994 1.213191 0.26250526 -0.36861792 0.566606 0.120054066 3.120059
2.2755225 0.3232481 1.1435763 -0.21830222 -1.1560056 0.29806334 -0.12693565
1.9489653 1.598177 -0.7141534 0.25251558 -0.66486555 -0.105500996 1.9125882
2.202492 1.1723917 1.0776697 0.5037054 -0.24306925 -1.114706 -0.5810381
2.4900184 0.60466594 1.3899276 0.26710638 -0.66844946 -0.5347195 -0.7028863
1.4056367 0.63576263 1.1109602 -0.14337397 -1.0735201 -0.36862677 1.0904299
3.7432525 -0.5156928 2.217175 1.7434062 0.57199544 -1.0254538 -1.7846512
3.1310608 -0.40325886 1.3777862 0.9787537 -0.370118 -1.326925 -0.46930423
2.2194946 1.0363533 1.428997 0.33385113 -0.7545441 -0.63281125 -0.58729833
2.256069 -0.526135 0.72464263 0.9660419 -0.4531587 -1.1398045 0.7623209
2.5650754 1.2596474 0.33775494 -0.00036344677 0.2257679 -1.2344804 -0.79235965
2.2808487 0.34415907 0.8859892 0.84938765 -0.08485588 0.70307 3.029551
2.7715642 -0.4737721 1.4825568 0.8744266 -0.08412679 0.38367063 2.1855564
3.1764548 0.14778036 1.8467455 0.58446324 0.82250017 -0.10113722 1.8385712
1.8336735 2.1047394 0.3080583 0.54601204 -1.0387126 -0.2748062 -1.238203
4.105755 -1.5778363 1.5324516 0.430913 -0.77043027 0.85615927 0.915206
1.7324282 0.84150404 1.2010679 0.48738006 -0.55553323 -1.1210358 0.045004863
2.4886017 1.2422287 1.6391082 0.40757957 -0.60198766 -0.51406366 -1.5808591
3.3727014 -1.343483 0.8487133 0.62318623 -1.028164 -0.19030899 -0.4221917
2.8758109 1.2018504 0.8204558 -0.025622703 0.33986536 -1.4516048 -1.0357105
3.2206001 0.34814113 1.2734103 -0.18823478 -1.050979 0.69585496 -1.0679137
3.4883375 -0.6444543 1.3206463 0.88843006 -0.54904467 -0.5956928 -0.5926622
1.3071319 1.3023112 -0.6132183 0.8614532 -1.8946223 -1.3087604 2.0548017
2.4761894 1.2240417 0.16763242 0.74930847 0.13318376 -0.9407237 1.9183874
3.8215044 -1.4054494 1.3624791 0.4584745 -0.6691559 0.5636988 0.94404644
2.1114151 -0.42593986 0.7552606 0.26952288 -0.86949414 -0.6314228 0.28785983
2.5484123 1.3237879 0.31678116 0.3852245 0.14377157 -1.0479866 0.15574904
3.9996693 -1.2056258 2.0908918 0.29306117 0.1311963 -0.5996818 0.97838706
2.1890326 0.31339055 -1.3731129 0.071916126 -0.2637559 -0.69443434 2.7096863
1.1794811 1.5172733 -1.6476922 -0.10912023 -0.9030872 -0.7539452 0.8774067
2.0538726 1.885643 0.605976 0.030732296 -0.056002222 -0.43753105 -0.9862753
3.1502407 -0.8043025 1.4286714 1.0747855 -0.18143888 -0.88422126 0.61629516
1.5438143 0.36816543 1.0658551 -0.12174273 -1.4201683 0.2540607 1.5826176
3.1764307 0.6332678 1.1819706 0.99221456 0.08981279 -1.6886052 -0.6606662
2.142015 1.6711631 0.40802547 -0.53029203 0.59569114 -0.62519985 -1.6135942
2.8858392 -0.5240131 1.8484194 0.75930655 -0.16999109 0.59341294 2.5554233
1.5976819 1.4859085 -0.1891402 0.36311087 -0.48999128 -0.34586877 1.593761
1.921777 1.5329947 1.7092865 0.68938494 -1.1058891 -0.23468357 -1.6991516
2.4952548 0.36049503 0.66679883 0.88803524 0.04160527 -1.1424594 0.76438636
4.7070136 -1.3494828 2.1546016 0.1196646 -0.14140995 -0.70735437 1.1437708
2.5897977 -0.35700732 0.94520223 1.0611808 -0.15531893 -1.5991052 0.47754607
1.7141681 1.1441419 1.247861 -0.24066895 -1.954894 -0.096747816 0.36018738
2.5139596 -0.23187453 0.9251777 -0.106995024 -1.2503805 0.38665718 -0.15359674
3.149968 -0.9001482 0.6104686 -0.033064403 -1.4946414 0.3214746 -0.6485524
3.8936794 -0.42609054 1.9599434 1.7298576 0.27497855 -0.57682925 -0.4634485
4.3654323 -0.035766896 0.52496076 -1.0691019 -0.17782755 -1.001266 -0.34214768
2.3671415 1.1019735 0.27383658 -0.27288333 0.39285126 0.7709034 3.516154
2.3227646 0.9721642 0.12839961 0.57228297 0.03905884 0.33860773 3.2060533
2.1658866 1.6574421 -0.43604857 0.1443657 0.3438137 -1.0576175 -1.1160369
2.2886498 0.6075911 0.9277091 0.90572494 0.50898105 -0.4616719 2.0309424
2.0175464 1.9946585 1.3079394 0.37405172 -0.40549538 -0.5362402 -1.1777042
3.2657044 -0.16216332 1.3743362 -0.0011414066 -1.5268508 0.47185332 -1.1349969
3.0653636 -0.50334793 1.4499568 0.4899014 0.46515527 -1.2127917 -0.15194903
1.3695704 0.8241121 0.50478506 0.51878643 -0.3615876 -0.8208657 0.76762986
2.2935429 -0.6664112 -0.7061883 -0.45673028 -1.7223171 1.497236 2.0406537
2.0838459 0.49584097 0.55355966 1.030342 -0.012664875 -0.81825656 1.627772
1.4593346 1.2150567 0.3682302 0.49508616 -0.33806333 -0.8440533 0.7493749
2.8889506 -0.9645756 0.9057869 -0.6490945 0.25124565 -0.6880501 0.4307051
3.4163516 0.09330816 1.696584 0.7819059 0.96614605 -1.1344488 -0.94452035
2.5139375 0.83998126 -1.2775021 -0.23403993 -1.3009683 1.415752 2.086828
3.2016575 0.3548264 1.0340611 0.9441524 0.1332274 -1.6354144 -0.16500805
1.0399984 1.6744194 -1.086198 0.050230853 -1.1567315 -0.6393796 1.1207434
1.6918182 -0.22489339 0.6559428 0.7741281 -0.594245 -0.72617537 0.91523767
2.0419302 0.67794484 0.45315602 0.82337004 -0.07580205 -0.86139196 1.1696655
2.2001097 1.7667007 1.4355707 0.43130353 -0.35218307 -0.61821586 -1.1921004
3.462668 -0.0046527926 1.7934093 0.47879323 0.61113685 -0.64682406 0.9087576
2.3081288 -0.37977892 0.900998 0.9201279 -0.29422745 -1.5403339 0.31349596
2.956156 0.17437953 1.4737198 -0.11766038 0.73223644 0.13927644 1.7592877
2.657354 1.3870401 0.40796888 0.09485199 0.715722 -0.46700734 2.5025425
2.3105383 1.6467261 -1.3267894 1.0644945 -0.81311494 0.7969906 -2.1103325
2.2134964 1.5400357 1.3633037 0.4977086 -0.27393422 -0.7920254 -0.9312146
1.4131349 1.415662 -0.40380794 0.31994757 -0.8973406 -0.16088146 1.8569
3.7487319 -0.5770083 2.207573 0.98047376 0.5509345 -0.23898846 1.5380393
1.4369155 0.22208852 0.55425215 1.444006 -0.28425035 -0.23828667 2.0430598
1.3683008 0.4616112 0.9366627 0.44920835 -0.8778282 -0.25961787 1.5063537
1.9665015 1.1633036 1.3962888 0.43928245 -0.74466807 -0.858898 -0.3884068
2.4006522 1.1778154 0.18494102 -0.19992319 0.39710048 0.25956196 3.317208
3.0814044 0.70961446 1.2901735 -0.21135053 -2.4828973 1.4394219 -0.57579124
1.7791497 0.24622768 1.0472846 0.44917604 -0.53786355 -1.0538275 0.18914355
2.4762166 1.0780544 0.41744733 0.48281357 0.49922672 -0.6627565 2.2841048
1.1494793 1.4081599 0.36969018 0.34553024 -0.62566715 -0.83966976 1.0412472
1.9746433 1.884985 0.37130794 0.12991431 -0.33791968 -0.2570116 -0.8892434
1.8053089 0.07621569 -0.5244148 0.42957702 0.1494392 0.534314 -2.7580276
3.3926065 0.5787079 1.9577703 0.90403783 0.64819545 1.0984055 3.9621007
3.180661 0.28565115 1.2448269 0.34176293 0.9485952 -1.2463114 -1.151414
3.0227125 -1.1819177 0.4781533 0.3482879 -1.3712503 -0.03993291 -0.3468596
1.9361125 0.23337144 1.3350668 1.5191804 0.22186343 0.36989635 2.779076
1.863358 2.0126352 0.5253949 0.44362417 -0.6679079 -0.35602778 -1.0744741
2.5789125 0.52671784 1.3164375 -0.072854675 -0.87073475 -0.00036043208 -0.7589164
1.6276733 0.009079164 0.76804996 0.71245396 -0.41478238 -1.2685281 0.4425274
3.2933013 -1.1092093 1.2449831 0.7356738 -0.47641763 -0.2535823 0.77385986
1.1418169 1.0208757 -1.4389207 2.014145 -0.87810904 -0.89450926 2.147695
3.1489203 -1.377528 1.3022919 0.1613357 -1.8426405 0.1220513 1.1235098
3.1280406 0.23092216 1.6020464 0.6363542 -0.60803777 -0.32308406 -1.45128
2.7292206 1.0027828 -1.1742519 -0.07577417 0.13067155 0.17182249 2.097969
1.960179 1.7213137 1.3235259 0.50058985 -0.54165226 -0.79021335 -0.47908485
1.218515 1.5250405 -1.1742847 -0.17352787 -0.6211143 -0.53306764 0.6196506
3.0778391 0.3999403 -0.305571 -0.6935162 -0.8016601 0.45816118 2.8760622
1.3099408 1.5530906 0.9810531 0.3872775 -0.8485437 -1.148376 0.6294101
2.167954 -0.74322206 0.7656082 0.67575717 -0.6751855 -1.0813593 0.23438205
2.2218316 1.89585 -0.4234263 0.15632191 -0.13673289 0.043757852 -1.3413434
1.5664965 0.8554999 0.47980434 0.6711228 -0.24455889 -0.7569427 1.1042856
3.59286 0.2972538 -2.2695909 0.55861723 -1.2723129 0.59547836 0.7314596
2.3044322 0.98447365 0.9754077 0.4635689 0.8589497 -0.005986753 2.6631927
1.984229 2.0056312 1.3735574 0.7081413 -0.7699531 -0.62973595 -0.9672152
1.071175 1.5778328 -0.30228597 0.22045591 -0.8776675 -0.7657431 1.1375211
3.0106246 0.99872535 1.243121 0.67520344 0.17220263 -1.486833 -0.91060007
2.2710636 1.2973192 1.0997257 0.43654695 -0.07237586 -1.0484803 -0.7936025
4.9102254 -1.342365 2.5623527 -0.6880039 0.5404586 0.053498324 2.91837
2.7849243 0.5798966 1.4388534 0.32565048 -0.42731652 -0.87219495 -1.0998887
2.6544201 1.608304 -0.18270175 0.8350302 0.32741514 -0.80006593 1.7858063
3.2884 1.4056716 0.06701648 0.22653523 0.34157208 -0.42274398 1.0603037
2.8959835 0.071458526 1.3392544 1.0357586 0.45399788 -0.9917769 1.3881898
2.6807406 0.17025965 1.3204367 0.5735672 -0.41062972 -1.1052 -0.6556558
3.2137926 1.1753247 0.3166863 0.1301513 0.26722375 -0.5305769 0.5113296
1.5727168 -0.38385493 0.74883604 0.97147316 -0.85007006 -0.21793324 1.3183897
2.3942788 -0.021300131 1.3298035 1.2280941 0.123883404 0.21196252 2.3182857
1.3349991 1.5518148 1.024677 0.2989274 -1.105594 -1.200409 0.7212573
1.5299084 0.27194756 0.9341055 0.39238134 -0.5037336 -1.0136423 0.54678434
1.4745841 0.14694995 0.8212923 0.40023127 -0.5310474 -0.9711396 0.6482749
2.2614627 -0.14327174 1.4825052 1.1861916 -0.50917274 0.33326918 2.8166971
3.4232843 -0.23833686 1.6884449 1.503878 0.021765629 -1.337983 -0.5847989
2.528445 -0.60691696 1.3266864 0.85302746 -0.41375956 0.33188015 2.1036873
1.452264 1.7003438 -0.35288054 -0.06618581 -0.340898 -0.6332876 0.29124716
1.5620561 1.4565327 1.1646616 0.41819593 -0.68534094 -1.0199736 0.18717904
2.380542 0.34817332 1.3428018 -0.27858248 -2.6631956 1.324511 0.5713097
4.095753 -1.3698347 1.6275463 -0.53276545 0.2717109 -1.032412 0.9760307
1.2665023 0.7192964 0.9525435 0.32407886 -0.5890153 -0.7119227 1.014058
1.9726714 1.1595826 0.36154175 0.5227659 -0.1478749 -0.8969925 0.5835778
1.8317775 1.9389417 0.6750251 0.054886483 -0.3716888 -0.47624975 -0.46311787
1.7104224 0.45327085 0.5807698 0.78200114 -0.26112756 -0.9122563 1.0598973
3.2034552 -0.47524863 1.0626354 0.2353343 -1.0001978 -0.20961803 -0.9457469
2.9231212 1.2081409 1.4003229 0.063556574 -1.4274021 0.8818092 -1.0136667
2.8726428 0.82299465 0.49117148 0.65839785 0.24191765 -0.8549474 0.862405
2.8617814 -0.39725667 1.4021252 1.0456854 0.09179369 0.16593748 1.9701077
2.5325403 -0.015295083 1.0528308 -0.0011944547 -0.93760175 -0.012412849 -0.49763635
1.6222023 1.8716424 -0.88044596 0.18039516 -1.3553754 -0.2818765 -0.14985226
2.72905 0.65144914 -0.73208547 -0.92759657 -0.11353459 0.55737644 -0.13151704
3.1770027 0.91910666 0.66722655 0.36712196 0.28297272 -0.60375947 0.6698745
3.2740428 0.6708328 1.5354601 -0.06229291 -1.1782073 0.5064116 -1.5032165
1.183135 0.9849052 0.71977425 0.40488967 -0.495231 -0.78197473 0.9866584
1.8786446 0.05689496 0.9972203 1.2378247 -0.3460594 0.4042073 2.6943507
1.9508878 1.7047381 1.4074867 0.4467301 -1.3478361 -0.22420794 -0.4265277
2.5216324 -0.773959 0.98257923 0.9811357 -0.37162122 -1.2513824 0.4639133
1.8337541 0.5661201 0.4047552 1.4098893 -0.20655544 0.021263774 2.608526
2.3980057 -0.10612946 0.80939376 1.0572155 -0.12441512 -1.3837824 0.7202662
4.478491 -1.062741 2.825638 0.32603768 0.5417182 0.34170228 2.3581784
2.4310842 1.271172 1.5906055 0.24092594 -1.0469455 0.050533112 -1.8513838
3.7017553 -0.4486733 2.3819742 0.6870532 -0.2961112 0.3838746 2.9141097
3.938081 -1.0975859 2.2124085 -0.090931006 0.49407855 -0.54937965 1.45283
2.3213618 1.5905483 0.89384234 0.022037886 0.34602192 -0.9380439 -1.2512547
1.4222597 1.4674954 1.1855537 0.24606356 -0.99426 -1.0043172 0.5394964
1.856348 1.0229206 0.6998595 0.5741359 -0.4294208 -1.0872936 0.03044011
3.1870325 -1.7664642 0.39382398 0.3987104 -1.7261887 -0.054860536 -0.75573397
2.631291 1.1790261 1.4181043 -0.05776701 -1.1659352 0.5222464 -1.0431863
1.4509323 0.6962537 1.2309642 -0.25820237 -1.1440507 -0.4014489 0.8663657
3.3022244 0.16292995 1.2391099 1.0643507 0.20181291 -1.6828662 -0.3054866
1.0045344 0.9791716 -1.4318013 1.3254397 -1.1143373 -0.8191801 2.5689535
2.836068 0.8093867 0.5447279 0.6657056 0.310352 -0.80266184 1.046896
1.2609675 0.47218412 0.5173763 1.0316517 -0.54326874 -0.23950833 1.8339496
2.2839618 -0.31576306 0.960137 1.0913618 -0.30426106 -0.037398163 1.7850641
2.895144 -1.0578463 0.7959273 0.67986774 -0.7841974 -0.77229303 -0.1587842
1.7248546 2.1686072 1.2100186 0.9314313 -1.0616616 -0.5229016 -1.2121679
2.9859326 0.710823 0.053613693 -0.45964178 0.591119 -1.3317485 -1.2871681
2.7877748 1.2988949 1.3554935 0.15788308 -1.5929657 0.9472268 -0.9519156
2.7219405 -0.052335557 -0.64973867 0.26188686 -1.3293742 0.343391 2.1825712
3.1117127 -0.39697224 1.1889888 0.36522058 -0.7828675 -0.611798 -0.8068224
1.0776308 1.5168478 0.0645583 0.4508191 -1.0418297 -1.046344 1.0897013
2.607616 0.5777146 1.2321877 -0.15339747 -0.99476486 0.3049453 -0.6892221
4.022852 -1.086488 1.7206309 -0.78562415 0.57106537 0.06272262 2.657372
2.1421075 1.781828 -0.15747567 0.066160105 0.40556338 -0.8728637 -1.1847082
2.09168 1.2041674 1.4217559 0.28561988 -2.757155 1.1355743 -0.9764481
1.9433851 1.970007 0.38448676 -0.17567965 -0.09030493 -0.220712 -1.4014133
2.6494915 0.91748303 0.8843365 0.40992978 0.08558337 -1.4109299 -0.70907813
3.1780865 0.040450994 1.076963 -0.18590686 0.3471525 -0.43285054 0.6130899
1.843526 0.5137593 1.1702998 0.47488222 -0.54725856 -1.0839763 0.029366512
3.458007 -0.8386963 1.4115388 0.8818324 -0.4679217 -0.72983354 -0.20485203
3.3837345 -0.55043703 1.7456155 1.2230805 0.18181734 -0.9406758 0.85867363
2.7730107 1.201812 0.55070984 -0.3591539 0.5613559 0.2021516 1.9254528
2.4458444 1.0999701 -0.40442136 -0.33554658 0.51250726 -0.27682334 3.1044462
2.637992 0.73716635 1.1854099 0.817965 -0.13926454 -1.4336872 -0.6071621
1.0849133 1.4918662 -0.24468723 0.40114075 -0.9790221 -0.8394554 1.4159465
2.2960043 1.5319066 1.3751812 0.43299976 0.05418674 -0.8167518 -1.1770802
2.994044 -1.0362387 1.2018204 0.57736826 -0.64932305 0.26477486 1.640941
2.4398968 -0.07208019 1.0947169 1.2611572 0.16167371 -0.8387913 1.569543
2.9606254 -1.1769269 0.29814598 -1.0102463 -0.25828478 0.20992261 0.7142147
3.4832165 -0.46406347 1.7874088 0.5151552 0.56459254 -1.3809435 -0.37883952
2.3807938 -0.45443088 1.3220545 -0.11297924 -2.2417965 0.9191106 0.92663765
1.6374077 0.04705209 0.8530774 0.15191355 -0.92037636 -0.33767217 0.8932677
2.779695 -0.59433323 0.8688626 0.20217255 -0.972393 -0.13778538 -0.4982875
2.3505168 -0.294066 0.86372507 0.107075535 -0.98771816 -0.08171517 -0.08190993
1.9798008 1.786583 1.0888692 0.27702478 -0.24650402 -0.68420875 -0.62278086
3.0297635 -0.849088 0.81925607 0.24502221 -1.0582815 -0.2196067 -0.5927027
4.455557 -0.9679006 2.7767153 0.51164174 0.43471816 0.8612879 2.5376978
3.3239145 -0.4657901 1.47411 1.0982071 -0.33262464 -1.1258916 -0.49282488
3.6780808 -0.45853716 2.0632644 1.5792825 0.81856984 -0.7659244 -1.2793355
2.3989294 1.5948831 -0.905012 0.7920872 0.2195832 -0.57091004 0.22789271
3.208326 -1.2971294 0.6054045 -0.31359538 -2.6001406 0.7012473 -0.37925062
1.6902177 0.70954746 1.1470098 -0.40866902 -1.6837841 0.009488878 0.755244
1.9049183 1.1923491 -2.035193 -0.025505833 -1.9088846 0.25279623 1.9985462
1.8034818 1.9149319 -0.75653553 0.12072792 -0.845743 -0.25437897 -0.22931282
2.9476082 1.0853822 0.39907005 -0.39116064 0.3217081 0.43937784 1.14399
1.6667051 2.2050922 1.0571535 0.8816174 -1.1207159 -0.45054704 -1.310501
2.7001798 0.9176392 -0.41046706 -0.806934 -0.009684941 1.1313152 0.582647
2.481808 0.69495577 1.4035912 0.7374775 0.7671934 0.8668513 3.6014245
2.0425766 1.9123641 -0.5572957 -0.09668837 0.0067676697 0.043258842 -1.6665411
2.0894117 1.4225084 0.20059367 0.42111126 -0.033943854 -1.0705378 0.59045243
2.3826928 1.521205 0.062382996 0.66516054 0.0663803 -0.98032266 0.9029454
2.749898 0.87832254 0.07310644 -0.71207315 0.1558805 0.9883664 0.9694014
3.5201237 -0.4940737 1.8931812 1.2767998 0.28822747 -1.0295511 0.70082235
1.6750461 2.1941648 1.1611679 1.3589284 -1.7532464 -0.47280878 -0.8011085
2.4012527 0.4808907 0.6992763 0.7219401 -0.12587102 -1.2873721 0.19244228
2.9197524 0.24130195 0.7910093 0.0066746697 0.5021818 -1.1792109 -0.81217736
2.2742217 1.3741891 0.13024898 0.76762086 0.06463102 -0.78723127 2.0814238
1.3724732 1.6761541 0.9277662 0.35866973 -1.3100922 -1.2139231 0.6899067
2.6161535 0.82035154 1.0083671 -0.25542358 0.6496766 0.25145775 1.8354899
1.8241354 0.023042386 0.90610254 1.3838773 -0.07380041 0.041482504 2.1083953
2.697986 -0.33249122 1.623383 0.88081485 0.01319758 0.54574376 2.455657
3.488656 0.18632168 1.9230456 1.7274672 0.49545243 -1.4580213 -0.9926733
2.5393555 0.5657386 0.99982274 0.74660164 -0.16172786 -1.5324181 -0.44385514
3.0046484 1.1722796 -1.9217718 -0.41495356 -0.5488823 0.45039123 0.36853352
3.061209 0.51935714 1.954688 1.1856248 0.3978428 0.98026377 3.6804545
2.4756944 -1.1513097 0.55304444 0.57345486 -1.2751595 0.08751315 0.9208375
3.1484733 -1.0865741 1.4432484 -0.4909933 0.38978186 -0.90530497 0.76179206
3.3670204 -0.5671554 2.1817415 1.5967995 0.5449458 -1.2444437 0.17629917
4.94459 -1.0389595 2.9883404 0.29582343 0.43581286 0.5109077 3.2126007
2.6228201 0.13964528 -0.27874961 -0.75392556 0.11416981 -0.37035298 -0.39687714
1.3309425 1.1642196 0.43979272 0.3484384 -1.1234726 -0.92104787 1.947004
2.6553798 -0.08257013 1.2582022 0.8441868 -0.2589011 -1.47543 -0.4356154
3.3979375 -0.38883692 1.5781512 1.2807868 -0.17738803 -1.1473972 -0.5421517
3.041044 0.80993336 1.5686439 0.3527259 -0.36018392 -0.7584079 -1.4482992
2.225643 0.27787608 0.72461843 0.8365961 -0.18818553 -1.2384312 0.44094422
3.2318745 -0.90654975 1.7098017 0.5177229 -0.506898 0.42063195 2.1038668
2.4332902 -0.01352554 1.0738978 -0.5671831 -1.6445609 0.83811086 0.22456689
3.3630674 -0.19085461 1.7710887 0.6270356 0.5677572 -1.0759255 0.45322272
1.447753 0.97389215 1.3009948 -0.09959976 -1.3589092 -0.5238933 0.72501755
2.6254303 0.7767171 0.53613245 -0.66030574 0.35523465 0.62071186 1.4319766
1.6974401 2.0997174 1.4063439 0.7169442 -2.0181885 -0.08536738 -0.6055631
1.834139 1.6346307 0.808347 0.17932096 -0.22685428 -0.7247979 -0.41378674
2.7236817 1.2195274 -0.5090966 -0.0018278137 0.38042012 -0.06704849 2.7007062
3.068889 -1.4566207 1.0129814 0.15411332 -1.8106073 0.12667352 0.9835632
2.5425355 -0.5630277 0.91789305 1.0922972 -0.32892165 -0.8250744 1.0726945
3.3195646 -1.467071 0.44279137 0.35839364 -1.4347807 0.0059958072 0.18713666
4.2132096 -1.066431 2.221663 0.3253362 -0.24898751 0.8317874 2.1160574
2.4978082 0.6060614 1.3198905 0.057587706 -0.7982996 -0.23950106 -0.67205215
2.2966197 1.1477928 0.55921316 0.17513654 0.66143197 -0.19426364 2.826045
3.7514467 -1.3459756 1.3077756 0.8290308 -0.6191533 -0.028105918 0.09647562
3.3262455 -0.08714347 1.4288839 1.212234 0.18175773 -1.5449545 0.064923845
3.4718769 -0.37314087 2.0570161 0.97540164 0.5440175 -0.886635 0.93233025
1.7373638 -0.18876868 0.6551528 0.80291593 -0.5127035 -0.9244837 0.89588386
2.4472945 1.3791351 1.4668893 0.632046 0.00646607 -0.9498001 -1.0614067
2.688331 0.9316582 -1.186054 -0.6578287 -0.037525617 0.2049641 2.6594481
2.2198832 1.2697551 0.123073936 0.90108496 -0.13891228 -0.11234373 2.7471843
2.439075 1.1274984 -1.3971494 -0.048245586 -1.2425696 0.781015 2.0989718
1.5441052 -0.029933268 0.8048333 0.37147567 -0.62783223 -0.81975645 0.69160753
3.2042387 -0.43492585 1.8287883 0.8365706 0.57120365 -1.2922806 0.084464334
2.630902 0.5751936 1.2095581 -0.18843803 -1.1570035 0.5897489 -0.5717416
2.340566 1.7234905 -0.4586235 0.72799313 0.14194171 -0.6963654 -0.13069479
2.1049106 0.6774301 0.56735337 0.7161119 -0.21164174 -1.0068055 0.4951911
4.3242965 -1.5280037 0.38241187 -0.80768 -0.38621268 -0.32442075 1.8246359
2.2049327 1.5348972 0.037877575 0.52578104 0.06058327 -0.9966133 1.5041276
3.2099774 0.9451055 1.4536849 -0.007860877 -1.3752017 0.9681025 -1.0245912
2.8875382 0.14947718 1.5924528 0.68212354 -0.5162445 -0.061660234 -1.7910124
2.7555645 -1.3087127 0.86025953 0.40331122 -1.5522195 0.05776995 1.1104692
2.0494568 -0.51687866 0.7310891 -0.33742556 1.4111795 0.008250055 -1.9562548
2.2063901 1.6391644 1.5160564 0.48779467 -1.2352036 0.013808188 -1.0398312
3.7097256 -0.21798688 2.289419 0.5229051 0.81850773 -0.099046886 2.1543946
1.1478753 1.4044275 -0.93349016 0.57672733 -1.5683149 -1.0216149 1.6993221
1.6573427 -0.22972494 0.67733467 0.9396008 -0.7180572 -0.39774448 1.1963311
1.8669862 0.91085094 0.44455662 0.6662193 -0.15365537 -0.8107529 1.0112244
3.2648947 -0.3330093 1.6832726 1.1007525 0.39399722 -0.48691553 1.5842329
2.0664632 1.6998358 1.6007035 0.6703826 -1.1256462 -0.23113638 -1.2111473
3.6007464 -0.5270589 1.9899437 1.1084924 0.4252099 -0.45334142 1.332013
1.1772348 1.3400407 -1.4078026 0.39332613 -1.5915562 -0.71171504 1.4294125
2.806775 0.9558088 0.64858174 -0.47440115 0.40462473 0.4068641 1.3818994
2.8263454 1.4444115 1.4276029 0.36305442 -0.048153363 -0.6481718 -1.636648
3.1474795 0.7546248 1.2319927 0.9623736 0.0734723 -1.6349906 -0.75596756
1.8874577 1.2482626 1.2955158 0.537881 -0.5801075 -1.0395033 -0.23636602
3.0884366 1.6906707 -0.48039106 0.70415723 0.44604734 -0.79597 1.5392867
2.6714451 -1.2443459 0.55597806 0.5716209 -1.0980166 -0.4563747 0.117437534
2.9624057 0.7235467 -0.94834065 -0.41432318 0.057345547 -0.44277138 -0.78471404
1.5068206 0.53264207 1.0091591 0.004976593 -0.69009966 -0.6995974 0.6612494
1.7196398 -0.07104092 0.6516068 0.87331265 -0.40834197 -1.0349581 0.9439816
1.7288438 0.08562917 0.5668069 1.1689693 -0.35130152 -0.74462014 1.3782023
3.4385483 -0.39159113 1.9762812 1.1800607 0.42921034 -1.200802 0.57127863
2.2320545 -0.70338374 0.6602938 0.6588079 -0.8625031 -0.47445756 0.7855025
