0.52428925 -0.04358309 1.8524537 -0.21377048 0.5232852 -0.85477775 2.5027604
1.8490359 1.2748542 1.1516665 0.23932877 -0.3669 0.14445734 0.39238212
1.7571118 -0.4829939 -0.26850775 0.8508427 0.13911746 0.8953063 -1.073567
1.3876305 0.5132956 2.2341511 0.47581366 -0.5871795 0.6043957 -0.22121714
1.911443 -0.33879 1.894716 -0.29984507 0.823307 -0.40540835 0.1925834
1.5330334 -0.32534784 -0.47863105 1.4110738 0.1212014 1.1015592 -1.451589
1.856212 -0.36606222 2.7176151 0.2520968 0.30510107 0.34424937 0.6574774
2.1440928 1.6075529 0.18633112 0.60905015 -0.7724148 0.068968594 0.38300303
1.8466855 1.6594301 2.0092514 0.22724262 -2.1248803 0.8791701 0.5400623
2.123876 0.14147967 2.0293245 -0.13324007 -0.35614237 0.38774076 -1.6828601
2.081266 1.8692071 0.8621025 0.39070454 -0.52434605 -0.5575873 0.81695795
1.0267873 0.6293412 1.0564318 0.5266298 -0.023316583 0.87676066 -1.7782701
1.8509122 -0.14301473 0.901299 0.28603712 0.54409665 -0.084499955 -0.7348171
1.1536098 -0.46067506 2.1095674 0.21670046 -0.7269705 0.17640796 -1.2276033
3.9267972 -0.15008217 0.36287138 -1.213016 0.7343386 0.9364274 0.8072279
2.0594285 -0.028818542 1.1868411 -0.7286583 0.4139425 0.12904227 0.8140875
3.216325 -0.5617905 1.9543543 -0.5458225 1.4740046 -0.23980403 0.111007296
5.1943765 0.18455881 2.3155751 0.2611765 0.7423505 0.46547568 -1.0791897
1.9425799 0.29081064 -0.75409317 0.7904215 -0.18792804 1.649225 -0.5923643
1.6627336 1.1801407 0.44166848 0.3713986 -0.41521683 0.69768 0.016622145
1.5633087 -0.034435328 2.1097488 -0.0028477684 0.12799536 0.53443414 -0.2784805
1.6267728 1.4049298 1.7333006 0.49525836 -0.7057844 0.33574533 0.25375345
4.9420166 -0.06977754 1.8656089 0.58585584 1.0376018 0.6047624 -0.55060464
1.8326823 0.20774287 2.8487484 -0.070362784 -0.006861409 0.47424394 1.1523192
3.1601017 -1.3500106 2.7639604 -0.46910676 1.4678602 -0.31688327 1.36843
2.289735 1.683636 -0.49732223 1.5370876 -1.0041705 0.334755 0.39175823
1.2270457 0.28574103 -0.21359327 1.2099339 0.018483976 1.4006515 -1.2728945
1.6526214 0.017935222 1.3302584 -0.090112545 0.45517734 -0.024450872 -0.14884122
1.3058957 0.26352233 1.2384567 -0.28134367 0.8720489 -1.2315235 1.7434329
3.163344 1.1721363 -1.1998715 -0.22169474 -0.5579069 1.4030747 0.55691844
1.157766 0.66495234 2.019105 0.58433044 -1.3596507 0.54741544 -0.72932744
1.0123068 0.5625964 -0.72346425 1.4536667 -0.36071464 1.0956252 -1.1278574
4.05636 0.35670084 1.4055245 0.11312952 0.83300304 -1.0533547 -1.2842106
1.337826 0.8014937 1.6912899 0.06151261 -0.15919925 0.49106058 -0.4954675
2.1356242 -0.6516685 2.69064 0.010154985 0.68134326 0.17655823 0.66011834
1.3191121 0.3309812 1.7406821 -0.08414946 0.1291204 0.42852464 -0.6887259
3.4143565 0.86387414 2.1313257 -0.021190025 0.3462493 -0.038698796 -1.7875025
2.0426486 1.7117927 0.7488959 0.49692646 -0.68245023 -0.1860488 0.5505299
2.0871565 -0.050176915 2.0127592 -0.20470485 -0.18203284 0.34262893 -1.2913119
4.70233 -0.19087106 1.2696581 -0.011182763 0.81647724 0.9312099 0.026334781
1.1668047 0.5341844 1.3972371 0.02685704 0.18497638 0.4814419 -0.71609104
1.5969051 1.403824 2.1332588 1.2296509 -1.1273934 0.2810493 0.6899734
2.77902 -0.16808873 1.490835 -0.18340454 1.1056293 -0.54780257 -0.07219688
2.4257088 0.22880453 -0.14356878 0.30888918 -0.0043988433 1.0819697 -0.13201009
1.088746 -0.2540633 2.349721 0.5589422 -0.90928215 0.52826524 -0.7060751
3.5130146 0.6583862 2.116613 -0.11931262 0.21180461 0.1504443 -1.5989536
2.861861 -0.67270166 1.4829357 -0.6387044 1.1608428 -0.018406 0.5412018
0.9267696 -0.43946773 1.9546696 -0.18793187 1.3842374 -1.0288515 2.1013966
1.5813609 0.87133306 0.3371162 0.29140928 -0.34458175 0.8191383 -0.09607033
2.0402725 0.60243946 1.1344844 -0.24881431 0.14560442 -0.04940975 0.37069225
1.6256233 1.3551222 2.133895 1.3190535 -1.0214735 0.2340517 0.6638447
2.3610275 1.518677 -0.32296887 0.46444026 -0.7812647 0.16487843 0.44427076
2.6528962 -0.7323318 2.39147 -0.42629012 1.4045547 -0.36552832 0.29350498
0.94450855 0.56497616 0.88446784 -0.113063194 -1.4813434 0.7272679 -3.15273
2.293547 -0.5648026 2.900606 -0.15138909 0.5578802 0.2642364 0.8930871
1.2174236 -0.28836864 2.1936727 0.3787965 -1.2990067 0.06300372 -2.644752
1.1738338 0.31908375 -0.3891473 1.124764 -0.12292858 1.4742455 -1.0218706
2.348005 -0.40673524 1.0950017 -0.7601496 0.5874277 0.38383642 0.63137865
1.0184518 0.18186349 2.0654469 0.31831065 -0.7209429 0.42687267 -0.86045235
2.1421237 1.6401701 0.28337833 0.9201257 -0.82834536 -0.8861657 0.81285036
1.8358558 1.2259827 1.5832762 0.17659882 -0.18820222 0.04672384 0.53092617
1.8535596 -0.85742563 2.6098552 -0.5641866 1.440275 -0.3888791 1.182067
3.4162776 0.31843442 1.7670882 -0.22722682 -0.63871235 0.66187793 -1.4494976
1.6604806 0.67056507 1.7078068 -0.105145074 0.27137068 0.43259397 -1.4055691
1.6093278 0.48683947 1.2264407 0.2603313 0.34659624 0.63282484 -1.5200816
1.666194 1.3789966 -0.28711328 1.4482274 -0.7399958 -0.0848276 -0.637015
2.433073 -0.66736823 2.3367054 0.15667048 0.34520975 0.36865044 -0.12004272
2.3819144 -0.5250936 2.3620734 0.14544502 0.0393155 0.56021816 -0.12386597
2.8123798 0.6673195 -0.4359993 0.1611959 -0.020562371 1.2130129 0.09296002
1.9058936 0.7906571 1.1040838 -0.12215147 0.07266096 -0.25902236 0.86821115
2.1964333 0.43310064 0.6585109 -0.90020454 0.32871452 -0.12680125 1.2201656
1.5786861 0.08348317 1.9442888 -0.06810985 0.23571186 0.37326735 -0.16984843
2.4566061 -0.941197 2.535509 -0.33187172 1.0667427 -0.057570163 0.4265912
2.9623716 -0.5449794 2.0378652 -0.19420013 0.2028579 0.6011084 -0.09585423
0.92372537 -0.26042348 2.5038035 -0.09740517 0.79355186 -0.20077664 1.8378549
4.479734 0.44839805 1.2022929 -0.20524392 -0.86040545 0.95817214 -0.44720176
1.3132455 0.7435898 0.6000562 0.3419241 -0.113071404 0.7584761 -0.35384682
3.90182 -0.049335297 1.965992 -0.5386548 0.6166337 0.23952247 -0.80910623
1.8234876 0.40062946 0.57544637 -0.0577719 -0.06315657 0.406115 0.046275634
1.8421768 0.49946147 1.8831997 -0.09349284 0.3079706 0.0739966 0.4466999
1.1941382 -0.4651484 2.105794 0.20301762 -0.69816047 0.19035575 -1.1980542
3.2094438 1.0780408 2.0972836 -0.06873641 0.11951081 0.073881894 -2.1397688
1.7168654 0.17810506 2.5083773 -0.9525595 -0.07993575 -0.49748164 2.4032803
2.354822 -0.110579066 0.91158915 0.7376286 0.6692423 -0.34445208 -1.0906764
2.0149963 -0.4246636 2.2576907 -0.41897568 1.0505217 -0.468718 0.58605045
2.0379257 -0.16659766 0.9251864 -0.17070612 0.35857728 0.27491122 0.21285392
1.581297 1.0303851 1.9699111 1.5153846 -1.4538214 0.08455396 -0.12901174
2.4032085 0.32983047 0.7227911 -0.7494156 0.2199543 0.575134 0.7395506
4.3724174 0.8741402 2.2588484 0.12757316 -0.7825312 -0.16468677 -2.2616115
2.0520759 1.2469459 -0.010252744 0.24747291 -0.6208574 0.51305854 0.2924238
1.1468557 0.42011362 1.8277783 0.16152468 -0.37408957 0.5181934 -1.7988248
1.9807061 1.3914431 0.78917336 0.3305166 -0.45552412 0.09239614 0.40368906
1.5626132 1.3091564 -0.6069536 1.3556968 -0.7398032 0.96579254 -0.4086286
1.790988 -0.5893398 2.2856026 0.11704602 0.23445486 0.5003769 -0.31229427
1.0156473 0.8094333 0.6470237 0.8446685 -0.13684626 1.0342363 -1.9839443
1.3096116 0.3039443 -0.11580852 1.4149474 0.13754408 1.3969449 -1.6624252
2.873792 -0.77726156 2.1235228 -0.16804108 0.7016842 0.29733548 -0.118674494
1.0004425 0.5328457 1.0556836 0.021936797 -1.0164341 0.6531964 -2.9634798
1.6630032 1.1542783 1.1836915 0.1903781 -0.26142612 0.48737895 0.13664176
3.1370568 -0.33974105 1.8984487 -0.41455397 1.3792435 -0.4372831 0.008043726
1.4151534 0.7141927 2.3543985 1.201112 -1.8566262 0.35668105 -0.56181496
1.3089129 0.96675617 1.6817354 0.15182617 -0.34253547 0.50722766 -0.5310521
1.8832501 -0.24194032 2.608542 0.038286112 0.5520389 0.15392593 0.6137048
3.2916524 0.80217737 2.2154264 0.57552826 -1.0643544 -0.12555444 -2.8723266
1.1914134 0.06439526 2.4090385 0.053981207 0.75440365 -0.26497632 1.4732524
1.10983 0.7411575 0.5862622 0.7843777 -0.30046275 1.0336032 -2.4289203
2.1616168 0.21712798 0.90469646 0.77766645 0.61721057 0.15162927 -1.381805
2.4107387 0.48296064 2.086395 0.02804055 -0.50439364 0.36166957 -2.0409677
2.5033338 -0.1442836 -0.13698581 0.40459135 0.18281703 0.8272155 -0.33831045
1.5558797 0.81049293 0.49306342 0.22740605 -0.23719503 0.69835013 -0.09832231
4.606439 0.762386 0.2793822 1.0164748 0.70787644 0.16312772 -0.27570954
2.933927 0.822082 -0.50011075 -0.03244517 -0.05317124 1.2297493 0.19445117
5.518002 -0.8949173 1.1663327 0.83445096 0.76262546 -1.1304575 -0.94069296
1.8878762 -0.27194506 2.5659933 0.4663506 -0.2314092 0.6305371 0.021324921
2.7370498 -0.7591533 1.9477963 -0.7995677 1.4995264 -0.60363716 0.48225984
1.1204137 -0.34163612 2.1806674 0.20720354 -0.45782146 0.4117765 -0.98098636
2.6014152 0.64364666 -0.26477125 0.1521472 -0.09124645 1.2392417 0.122216545
1.573093 1.4256017 1.3933382 0.9463409 -1.1795431 0.38065487 -0.17862485
1.67289 -0.041441973 0.808079 0.21331707 0.36644256 0.12486166 -0.591172
2.0045455 -0.2748595 1.181375 -0.25094804 0.5175563 -0.012636307 0.2181605
1.2547964 1.2130117 -0.28593484 1.406619 -0.596142 0.5284025 -0.8351166
1.1824831 0.3824944 -0.60617185 1.1779134 -0.26598808 1.6003513 -1.0330535
1.5289665 1.2300012 2.0182285 0.47892407 -0.60517204 0.47075313 0.2077101
2.05101 -0.6671913 1.7676533 -0.970987 1.2420238 -0.615828 1.0314487
1.0901804 0.39790267 0.49220225 0.84768987 0.12861256 1.0478289 -1.1961027
1.6489516 -0.0071754996 2.0156565 -0.10580645 0.27431503 0.3151828 -0.014694671
2.7483373 1.2179761 -0.34806612 -0.5680474 -0.47202954 0.6119339 1.1338488
1.2426993 1.0722716 1.608065 0.19047824 -0.45853367 0.5506465 -0.6501681
0.8633647 0.9115239 0.31553504 0.95001686 -0.24936576 1.2374438 -1.817075
0.7933334 1.1822761 -0.046708375 1.0478773 -0.6037449 1.0690074 -1.365455
1.4714097 0.06812424 1.9653348 -0.025738575 0.14030723 0.4956443 -0.46512643
3.4881616 -0.2414959 1.0533762 0.2585366 1.005081 -0.118052125 -0.46215186
2.9039266 -0.79289335 2.0286293 -0.21251401 0.70228904 0.27722234 -0.18186794
2.3903852 -0.3228417 1.4863272 -0.25025484 0.9436592 -0.34530333 0.14455988
3.0934932 0.14175433 -0.34965733 0.28880516 0.23061644 0.7643116 -0.107513525
2.6162326 -0.46726447 0.30296275 1.2830089 0.37522128 -0.58543426 -1.1033726
3.0737202 -0.76254326 2.2702653 -0.44547006 0.7622902 0.45070797 0.24868537
0.80564356 -0.14788598 1.9648647 0.22562543 -0.9713492 0.3015898 -1.6928136
1.227296 0.61859363 2.2577553 0.66931844 -0.88388574 0.57143 -0.3490934
0.7500136 0.9082481 0.6367661 0.37897864 -0.89596933 0.91691864 -2.1907487
2.298808 0.2321766 0.7943649 -1.0483384 0.43365076 0.12828842 1.0738785
1.4088973 0.10554332 1.9787676 -0.05525098 0.07009951 0.37045062 -0.7855734
2.355534 0.7068767 1.1965501 0.6999059 0.4291508 0.20872504 -1.864282
1.8922132 -0.15095645 0.9836328 0.27210394 0.5912517 -0.14594162 -0.7300101
4.282562 0.018904394 1.8005736 0.19164005 0.08806435 0.5934989 0.2575887
1.3142881 -0.16023737 2.1800032 0.18412438 -0.5938877 0.23030767 -1.5446683
2.0851057 0.55756015 2.470388 0.38149276 -1.2082163 0.57337433 -0.15684359
2.0142171 0.91696185 -1.2334642 0.8840561 -0.9286794 1.0844848 -0.2965388
2.1583834 -0.824853 2.2288814 -0.64221597 1.4347962 -0.6782193 0.6265154
2.2873178 0.3587758 1.1921952 0.62344575 0.7061811 -6.5091066e-05 -1.2807165
1.8633698 0.19021124 1.3585978 0.27499405 0.61122835 0.037407573 -0.9424013
0.99122024 0.6992511 0.86572576 0.5147358 0.09536729 0.8283537 -1.325488
1.6659014 -0.40538448 2.1454866 0.033884905 -0.0911571 0.39227307 -0.7849498
3.151667 -0.12999755 0.9488363 0.38316968 0.76879615 -0.9183932 -0.91437125
1.7711463 0.99802816 0.95687544 0.46838513 -1.5597095 0.15706545 -0.94469845
2.6180398 -0.26530868 2.0630858 -0.078408815 1.0128461 -0.2947582 -0.41612965
2.9264154 -0.52703696 2.1455889 -0.4542775 1.4443505 -0.40706342 0.14885207
2.659362 0.28263515 1.9857163 -0.14638147 0.75069505 0.013523546 -0.93037415
1.3719848 0.26212353 2.608406 0.35403827 0.24255358 0.03731006 1.1156694
1.9955603 -0.1887818 1.4573588 -0.13802478 0.67755955 -0.3041669 -0.15000163
2.4611938 -0.21562701 1.447372 -0.15741786 0.927934 -0.49689764 -0.10091857
2.1913414 -0.38527352 0.66938496 0.2815999 0.63220453 -0.23939055 -0.6987516
2.8557904 -0.7385468 1.7881806 -0.33487734 0.41467133 0.4764642 -0.34419647
0.9790951 1.0011691 1.4363973 0.23153248 -0.67347133 0.6107636 -1.2131912
5.126861 0.7912845 2.347643 1.0252539 -1.9511931 0.42424157 -2.1747968
1.1678855 0.10666425 1.8973372 -0.13784167 1.0495894 -0.9332406 1.6633738
2.8945045 1.838016 -1.3458958 0.99491465 -0.9519709 0.06826681 0.67449415
1.925579 1.5833273 1.5999876 0.29996768 -0.2862098 -0.2048428 0.7282187
1.7977526 -0.35520357 2.1778197 0.08093586 0.23235784 0.35494947 -0.54458964
5.239869 0.3281607 2.1637142 0.5705093 0.65259165 -0.7632703 -1.6205558
1.938498 1.0105166 0.53555346 -0.19894215 -0.036378108 -0.6694357 1.2939202
3.5386775 0.42172903 1.991245 0.061293982 0.8306373 -0.21526664 -1.3465939
2.3982718 1.8769016 -0.16117027 0.7001132 -0.6910656 -0.38445133 0.6581067
1.8667887 0.3435549 0.94948435 -0.20328555 0.1712871 0.030973699 0.1617213
3.3778799 -0.30244952 0.6599839 -0.9590543 0.8278647 0.78890073 0.75187993
3.7914953 -1.1716406 1.7711647 -0.4637867 1.5170121 0.3573075 0.84264266
2.9165208 -0.3426152 2.587644 -0.33883318 0.34264794 0.3479625 0.9550216
1.7303594 1.4100024 0.804201 0.3971627 -0.6044004 0.59363675 0.0719684
2.3688583 -0.5328972 1.5376257 -1.0631139 1.2398819 -0.37509587 1.0961622
1.700338 1.2775761 2.0268404 0.31397417 -0.4167758 0.27007744 0.47659686
1.8155488 -0.1791709 1.628331 -0.23729154 0.66091627 -0.28176963 0.11049523
1.802042 0.27672547 2.1258266 -0.047171928 -0.1489997 0.34044147 -1.5888703
1.8233974 0.5136828 1.944422 -0.17229995 0.21930395 0.29328188 -1.1246897
3.6057785 -1.3725548 2.1985493 -0.4984717 1.556601 0.1555596 1.1795787
4.462917 0.73893803 1.9850688 -0.24316439 -0.33364037 0.3009349 -1.5927986
0.5932101 1.1405635 -0.03850141 0.50468576 -0.90827954 0.6251244 -2.3268278
1.4543269 0.41469377 1.6040525 -0.010567285 0.28301117 0.3308745 -0.2877749
1.4050957 0.9123333 2.5573535 1.2946112 -1.7478548 0.52531815 -0.3476971
1.9432555 0.46839803 1.7966983 -0.00056729466 0.5310397 0.14341837 -0.8962587
0.7751843 0.3579374 1.4294512 -0.48214224 -0.0546275 -1.2555735 1.9638921
2.0916078 0.39087385 1.8452811 -0.01883588 0.6107427 0.037545826 -0.8003162
1.1917801 0.4718514 -0.6082293 1.0813826 0.431909 0.67208534 -1.941323
2.945559 -0.17003685 1.715867 -0.1627315 1.2276059 -0.6136999 -0.23917504
1.9380058 -0.25194007 1.6438458 -0.2847217 0.7324885 -0.38534337 0.17881714
0.8632791 0.34203935 1.5586046 0.19055626 0.67196625 -1.2139946 2.148436
2.048542 1.4408294 -1.0425382 1.5883015 -0.84249204 0.6685623 0.011381169
2.3850985 -0.023242528 1.8534505 -0.044260122 0.9488682 -0.42965072 -0.43888563
0.5739124 0.7992647 -0.19095269 0.9657062 -0.45474485 0.80914104 -1.9035672
2.595099 -0.9221155 2.7375832 -0.35173103 0.80857867 0.15915266 0.68567437
3.582761 -0.8340114 2.4382796 -0.15384802 1.1414727 0.35847044 0.5835376
2.0268326 1.1292629 0.50101995 -0.17814419 -0.18118484 -0.50559294 1.1477534
2.0210261 -0.1448422 1.5492222 -0.055995084 0.7687617 -0.3337617 -0.281745
1.0505348 -0.42349738 1.8502388 0.045083664 -1.8442358 0.26482195 -3.125213
1.4582152 0.8660254 2.6250014 1.1243465 -1.0545594 0.8217895 0.41314754
2.94572 1.1906881 -1.2778717 -0.0482615 0.15424554 0.9145201 -0.37527028
1.9828702 0.097221084 0.56494594 0.008324526 0.11272178 0.56946796 0.07739099
1.7348017 -0.32043463 2.4881704 -0.23522565 0.938734 -0.25308782 0.8173487
2.1146443 -0.279939 1.0362628 -0.13885376 0.5002628 0.114732414 0.07206332
2.1000957 -0.66752046 2.7353754 0.0028560385 0.74079514 0.12692353 0.7635288
1.8224596 -0.099011235 1.5353627 -0.27599522 0.5542848 -0.2250273 0.20155127
2.8284342 0.3236112 2.0633457 -0.20824894 0.57443684 0.16841286 -1.1774074
1.050897 0.43101913 -0.07216123 1.0693251 -0.03285023 1.3501754 -1.1226038
1.6731784 -0.24026638 2.4990752 0.552158 -0.3052601 0.706822 -0.030138236
1.0302821 0.19688219 1.7013348 0.1817607 -0.97404087 0.38861093 -2.5226493
3.2595856 0.13755053 0.27921137 -1.0255651 0.47997478 0.9630291 0.77117485
1.4433532 -0.03358632 2.4649458 0.6561655 -0.5195342 0.69669527 -0.08697567
1.4575468 0.40506107 -0.29010633 1.5380365 0.13324551 1.3005445 -2.0426173
2.0802994 -0.24830943 1.067137 -0.35713276 0.47265187 0.20577636 0.38568142
0.9413351 0.62857884 1.6377227 0.10319676 -0.66917604 0.5244642 -1.5405068
1.94934 -0.29060608 2.1220353 -0.38915095 0.8239781 -0.38143963 0.39090732
2.127007 1.8381164 0.79554784 0.4378715 -0.48560843 -0.46921766 0.795477
1.816433 1.1693906 1.3361737 0.17095771 -0.27254406 0.16725141 0.40464595
0.55695486 -0.07340174 2.1424825 -0.4926947 0.087903656 -0.5514945 2.3302507
2.4637778 -0.19419986 1.6075046 -0.050402977 0.98779786 -0.6649564 -0.3633455
1.5196084 0.5329085 2.6253936 0.7342111 -0.6137555 0.7914796 0.5487593
1.660266 0.16388625 2.8139768 -0.28758833 0.079044975 0.39418942 1.4021689
1.5162631 1.4124242 -0.22523001 1.5000962 -0.74182004 0.45814115 -0.62754405
1.9512098 1.521143 1.000611 0.86865234 -0.8240122 -0.6140296 0.80041116
1.6122696 0.80925757 2.0869846 0.126681 -0.2935733 0.5616234 0.15793307
3.90491 -0.2653597 1.3397739 -0.3358712 1.3919019 0.2231715 0.15774919
1.9104246 0.47357506 0.6731329 0.8685889 0.30804828 0.620002 -1.9130954
1.5700856 1.3816084 1.1055253 0.66030955 -1.1074495 0.52985203 -0.77038157
1.8918809 1.5132626 0.059468 0.6818116 -0.7346053 0.68838465 0.04410531
2.6738148 0.2137639 2.0217218 -0.2529107 0.5702865 0.17290217 -0.99546933
1.3612169 1.3107475 1.5184158 0.3147469 -0.9011192 0.683424 -0.6554358
2.2926397 1.3383538 -0.2752767 0.19376448 -0.75710267 0.5932204 0.46228048
5.003222 0.28551215 1.9842058 1.8930444 -0.86268073 -0.023849014 1.1741186
3.5217535 0.8882672 2.277387 0.45759764 -0.5365669 -0.03833789 -2.6089952
1.8450304 1.0552619 1.5002593 0.17832401 0.08091489 -0.2807061 0.8740764
1.658471 0.19343585 0.25782678 0.6492361 -0.36233392 1.0725101 -2.5646253
1.9178467 -0.23853117 0.20032331 0.3680462 0.15652673 0.6751332 -0.55870426
2.0829413 -0.4515913 2.253371 -0.0014811531 0.5798454 0.12120065 -0.30160353
1.8932023 1.6341902 1.4940846 0.47215632 -0.5968929 -0.14069718 0.6670227
0.99126434 1.2446191 0.9980457 0.5961467 -0.6770024 0.8050029 -1.1107024
2.9185958 0.08394117 -0.23724821 0.30029038 0.21152852 0.8112173 -0.09203956
3.1856854 -0.6577502 1.2150714 -0.96930313 1.1739874 0.26515973 0.72783387
1.9573587 0.51395816 0.9384663 -0.42267498 0.040860213 -0.20499647 0.78315216
0.9125755 0.36791843 1.7604731 0.098086976 -0.714521 0.42923158 -1.5827237
2.5528147 -0.18873793 1.6992311 -0.1588628 1.0523729 -0.5953192 -0.057934802
1.7071167 1.1487391 1.1666561 0.18259516 -0.24710913 0.43344933 0.1796691
1.4378452 1.0509012 1.7371917 0.14034846 -0.40521166 0.5186786 -0.35282442
3.4433162 0.76922816 2.0228515 0.031129025 0.5531942 -0.25161865 -1.6873388
1.5212215 0.9165562 1.3263105 0.37514678 -1.5223724 0.28207678 -1.2185346
1.8327597 -0.11783128 0.5230603 0.63147795 0.3936657 0.36700487 -1.1122262
1.4582211 0.0078811105 2.1450374 0.06850185 -0.068011425 0.6424427 -0.35686472
4.0260344 -0.18962938 1.8341601 -0.026427843 1.291706 0.099161655 -0.3883172
4.104195 0.45964736 2.1476662 -0.17542633 0.6010143 -0.14981562 -1.4081994
3.268758 -0.86185914 1.6946013 -0.8349328 1.5813174 -0.16325417 0.39604327
1.9421356 -0.14165193 1.948086 -0.09236059 0.7211015 -0.10423571 -0.26637867
2.7458432 -0.1714924 1.7200534 -0.12559971 1.141689 -0.64792055 -0.2588551
2.2252448 -0.4306124 2.1233118 -0.21803531 1.0589092 -0.48807484 0.07427367
2.981379 -0.030961806 0.94595456 1.067285 0.52835363 -0.81674594 -1.3216106
2.7270067 0.5544788 0.3038821 -0.9267715 0.09558443 0.726072 0.9175601
2.4949667 -0.6021212 0.20351192 0.7674426 0.4171166 -0.24308306 -0.7849823
2.0836496 0.6998429 1.383945 0.025652312 -0.7088788 0.3699605 -2.9472213
2.3381624 -0.43431622 0.016149253 -0.7181798 -1.0083064 0.52945405 -2.6948924
1.3120044 1.2367177 1.5128007 0.29336968 -1.0127493 0.66240454 -0.89611685
1.4279987 0.15510887 1.3280783 0.34914508 -2.355568 0.2683853 -1.8804293
1.7330066 1.1397761 1.3652579 1.5396025 -1.3734443 -0.25492495 0.18482609
2.2522323 -0.2477048 1.9402506 -0.17665228 0.97018725 -0.511234 -0.12730886
1.6817399 -0.0566979 2.3905144 0.13191071 0.0574942 0.47519046 0.1554624
2.0585356 1.3625275 0.35734436 0.3474106 -0.5103132 0.19657838 0.35920528
1.5253938 1.1706347 2.5580413 1.1146467 -1.8482078 0.6258516 -0.20803814
1.8775758 1.4521685 1.4706513 0.2632803 -0.094283305 -0.45737362 0.96056926
2.6751812 -0.36619598 0.93622136 0.21383348 0.92513293 -0.3381073 -0.3868424
1.7913462 -0.6729631 2.9972806 -0.46447608 1.0152314 -0.17650932 1.6158574
1.7237072 0.19406861 1.0644997 -0.69782114 0.81116885 -0.8839865 1.4489945
1.7327249 -0.8008848 2.6003366 -0.5835911 1.4452587 -0.41986573 1.2972897
1.4641156 0.48097306 2.6064467 0.5403155 -0.25558403 0.4109307 0.8482046
1.8904864 0.0067231115 0.5288038 0.120107435 0.1136143 0.50538754 -0.09221146
2.5478494 0.025535291 0.8351928 -1.1554953 0.71309894 0.2029978 1.0740331
1.9094455 0.08268685 1.461638 -0.3084037 0.47392824 -0.21556613 0.2900165
1.9069307 -0.050453003 1.8606992 -0.1045023 0.77975535 -0.20905983 -0.2837706
2.2817955 -0.37881094 -0.059798986 0.42253402 0.2089266 0.6600434 -0.5980557
4.136386 0.22484964 0.56788707 -0.23245987 0.9973343 0.46090722 0.1654929
1.2480341 0.46615547 2.196145 0.26201788 0.4597061 -0.47244588 1.4718364
3.623761 0.75635093 2.1933331 -0.047115423 0.27389023 -0.014740738 -1.7092435
1.6570216 -0.40299124 2.0677655 0.04047551 -0.24056835 0.27559918 -0.9471384
2.0272563 0.22176105 2.031178 0.369491 -1.4510148 -0.08725473 -3.0031178
3.7010663 -1.1837115 2.66006 -0.1352813 1.2482983 -0.04106546 1.4319398
0.8922224 0.7904306 1.5328867 0.14352623 -0.42189404 0.58607227 -1.3721755
3.195987 -1.120245 2.532489 -0.40742216 1.407082 0.1116516 0.60424685
2.7479126 -0.9675248 2.1173663 -0.91786826 1.643814 -0.476301 0.692618
2.060283 -0.69969624 2.3216124 -0.09685955 0.6367675 0.1511687 -0.06755481
2.3245385 -0.76507944 2.3933144 -0.05217228 0.7185239 0.09632099 0.011291762
2.8884566 0.64279884 1.7444847 0.08546152 0.7207548 -0.16966999 -1.3751763
3.3205333 -1.2902161 2.3266156 -0.40408096 1.6896653 0.080198675 0.82736987
1.0567306 1.218244 1.227677 0.42875412 -0.6045221 0.73705435 -0.9620746
2.051482 0.8201992 1.1693566 -0.15452585 -0.0022116508 0.0044801505 0.4645593
2.037052 1.4996467 -0.331885 0.09543934 -0.30927417 -0.74889207 1.5317639
