3.1537268 0.24258989 1.7344539 1.459954 -2.0020807 1.5961807 -0.021090802
2.7141454 0.27235383 2.1061811 1.5988798 -1.8129019 0.4710874 1.3462901
3.2301338 1.4691128 1.3949207 1.6794947 -0.15324552 0.25080442 -0.25578675
3.6302414 0.5007009 1.8477582 1.5480319 -1.8539149 1.7703176 -0.22896452
2.3937101 1.2937688 1.3557211 0.99148726 -0.7032071 0.43103236 1.5927982
2.6050053 0.8476518 1.3167171 0.92622477 0.28037015 -0.8712705 1.2878293
4.2298274 0.52601093 1.8992966 0.95209587 -2.184408 1.5025376 -1.2368919
3.0540273 0.01911158 1.806928 1.1945808 -0.6309894 -0.94134945 2.3471067
2.643122 1.5663157 2.0052736 1.3213619 -0.28097734 0.03639358 -1.6757303
1.9916974 1.4314321 0.5460855 0.21333358 -0.83378226 -0.040173713 0.2464682
4.3452663 0.7575435 1.6329296 1.1126658 -1.6823237 1.1269171 -0.54080945
2.4502842 1.6356165 1.726751 1.5302387 -0.25982413 0.31978422 -1.4441026
2.4565098 0.4300961 -0.16012731 0.46283272 -2.0735602 0.4273005 -1.3271657
1.803012 1.4292258 -0.5376513 0.005424045 -0.66109234 -0.5341845 0.2530271
3.0933383 1.3374989 1.4509001 1.2263888 -0.2535666 -0.26452547 -1.3673962
1.6376535 1.3403828 -0.4863962 0.9185128 -1.3466247 -0.7751542 -0.71094984
3.27709 0.24198765 1.7982885 1.4188943 -2.0527658 1.5285932 -0.2369612
2.9821184 0.38276142 1.4739724 1.0088767 -2.1361947 1.3843284 -0.03895552
3.3571165 0.045571033 1.9715271 1.9663604 -1.8750995 1.3952023 0.25436056
2.3975675 1.8283192 1.2283835 0.5864359 -1.5455505 1.1711462 -0.7784971
2.2469447 1.4434555 1.9939586 1.2503707 -0.0017667618 -0.14094007 -1.7535194
3.154155 0.64000434 1.233377 0.88746226 -1.5116204 1.671133 0.38370338
1.7062372 0.56300944 0.73356724 0.19766909 0.34863725 -1.1308979 1.1084312
1.0403273 -0.5363269 2.1017065 1.553607 0.24080054 0.020888861 3.1141431
2.2849877 1.296393 1.4892397 0.88904595 -0.22689827 -0.38254127 1.7040157
1.4010453 0.48965257 0.6659069 -1.0162507 -1.8197044 0.63922125 1.6097121
2.213968 0.7512087 -0.097934455 0.9519957 -1.9551965 0.2235927 -0.86183965
1.4701508 1.4922763 1.296354 0.012475036 -0.44217595 0.008738694 2.0734246
2.2203057 1.3109034 0.6175339 -0.40538672 -1.5453662 1.0609998 1.0562335
1.3873017 0.959727 1.4614545 0.45037743 0.04336635 -0.65941674 1.9743251
1.549288 1.0460159 0.99342084 -0.6454215 -2.0538096 1.1375792 2.133637
2.8779242 0.55850023 1.2272328 1.0573176 -2.2650824 0.90924156 0.799662
2.4655795 2.128848 0.9448875 0.5342404 -1.1442925 0.84819514 -0.124154784
3.4020107 1.4719338 1.6124916 0.7236452 -1.0697027 1.4611155 -0.56418717
3.6000893 0.048797075 2.3423116 2.2748766 -1.7273155 0.99090534 0.47674176
2.2692916 1.8400308 0.93925226 0.68433666 -0.57405216 -0.008924189 0.05928411
2.7842662 1.8206539 1.5402923 0.9085839 -0.9902149 1.1346081 -0.95730287
2.271762 0.78723043 1.6443454 1.2326889 0.14783566 -0.65035456 1.9573928
3.466123 1.0893526 1.2831808 1.4982677 -0.008531412 -0.27915516 0.8348548
1.4896661 0.5908362 1.9159832 -0.14376804 -1.1097194 0.0010338398 -2.83327
1.6670052 0.82192117 0.42584583 -1.0173218 -1.4056164 0.78321224 1.3369886
3.4698215 0.31535 0.2878748 0.95436084 0.11347858 -0.46039793 -0.20554708
1.6610051 0.616502 0.31373778 1.6422335 -1.1036228 -0.06971389 -0.864256
2.4575682 0.4717812 0.92023766 0.3917599 -2.6118853 0.96461976 0.8258903
2.9377086 0.3228218 1.2859435 0.9840207 -2.304891 1.0623422 0.29200748
3.9490936 0.2599067 1.9485636 1.8707489 -1.8030989 1.2739371 -0.058418404
1.9499375 -0.3066191 1.8567859 1.750156 0.22120802 -0.29752582 2.5249562
2.7180688 -0.11906462 0.51282096 1.0465134 0.47976223 -1.0239697 0.5593128
0.650633 1.6146693 1.5165768 0.26015678 -0.4673539 0.30132854 2.8793056
0.7578119 0.71020097 1.6309656 0.70911705 0.17044513 -0.37671614 2.5199618
4.0659723 0.5752513 1.4743586 2.0855737 -1.229154 1.0567608 0.68571544
2.1438832 1.8095965 1.1488845 1.3071325 -1.4580971 1.118268 -0.7581421
2.342333 0.999777 1.5220639 -0.02569244 -1.8326827 1.0188617 -1.0273465
2.2545626 0.7995022 2.1411524 1.529096 -0.80776674 0.4992783 2.875584
1.9029385 0.74776787 1.9547584 1.7451965 -0.27762803 0.28950948 2.7516742
2.2395365 0.545134 1.8770549 -0.48367015 -2.4274678 -0.28775173 -1.2790908
1.7643398 0.97883576 0.24501464 -0.33797583 -1.3016046 0.6166348 0.55419207
2.7461696 1.8939773 1.16779 0.7584779 -1.3369919 1.2913767 -0.4720327
1.404103 1.4403737 -0.796226 -0.4589124 -0.34539065 -1.0902444 0.35686842
2.1263168 1.4242048 0.99154437 0.18934232 -0.9926298 0.8099113 1.4834229
3.3086274 1.7457194 1.6168836 0.8561361 -0.89561397 1.1607442 -0.656991
2.0296335 0.9503388 1.1420519 -0.10838554 -1.8424186 0.51713926 -1.6655813
3.3624184 0.66267365 1.6685686 1.053297 -1.7266759 1.8893061 -0.22331436
2.1250265 1.2251227 1.1441274 0.3823847 -1.146968 1.0063144 1.9396124
3.515086 0.5271 1.6775813 2.044772 -0.92683655 1.0366116 1.485145
4.4372416 1.0492377 1.7997953 0.6991915 -1.7896262 1.4735674 -1.0604454
2.3203967 0.76362747 -0.19612864 -0.3426002 -2.061296 0.8771774 -0.22884755
2.7161653 0.31179947 1.6540995 1.0586491 -2.1841488 0.74594915 1.0796355
1.6060516 0.5820629 0.3622938 -1.1065321 -1.6215974 0.7658617 1.4014359
2.4124687 0.64359826 1.0033947 -0.062685974 -2.281957 0.9957041 0.07947778
3.270356 0.50722617 1.3813475 1.2726154 -1.4570457 1.659156 0.80762184
2.4691195 1.4174893 1.9560807 0.66846186 -0.5986753 0.47564465 -1.9524534
3.7435966 1.3854723 1.4038193 1.5373858 -0.35747346 0.34383714 0.18502755
1.3107277 0.9877884 2.1251879 0.5233171 -0.6157785 0.2627012 -2.754292
4.142594 0.10671348 0.10354647 0.78519356 -0.4313117 -0.32976335 1.0839691
2.4184656 1.0059962 1.3999825 0.04264673 -1.8238753 1.1244586 -0.78343636
1.9912108 0.46142477 0.16143414 -0.8406561 -2.1504722 0.739446 0.40562722
2.1149848 1.0004339 1.396687 0.033630334 -1.8223616 0.6503232 -1.3237437
4.1549425 0.96998936 1.240888 1.6677231 -0.3847476 0.46911877 0.8140611
3.5177848 0.949928 1.4451518 1.6716968 -0.5782314 0.59868824 1.2655562
1.1683066 0.989242 1.5159609 1.2092086 -1.1166819 0.61104804 -2.0341458
2.5664036 0.8345837 1.0648162 -0.0053498223 -1.9565743 1.2481701 -0.07224441
4.3277454 0.8440086 1.5044533 1.3352737 -1.5524682 1.018667 -0.25858608
4.832897 0.11061139 1.1458852 1.7016454 -0.68248516 -0.8237596 1.5472463
1.8677276 1.8316951 1.3031075 1.644931 -1.1031958 0.91049415 -1.2687653
2.3944442 1.8303595 1.3483588 0.720738 -1.3610309 1.1921903 -0.96906817
3.3993413 0.24181908 2.078154 2.1884048 -1.4338256 0.8103872 1.1062486
3.2737167 1.0025465 1.2877733 1.4520137 0.16509716 -0.68403727 1.0740821
1.8677901 1.2571485 1.0866407 -0.066254355 -1.1308705 0.94499534 1.915077
2.4036534 0.15208858 0.93596613 -0.3884506 -3.0290332 -0.28670782 -1.2642506
3.4516182 0.27559036 1.9694264 2.2704825 -1.1344196 0.7622765 1.450748
1.8224741 1.0354679 1.5507997 -0.023041107 -1.7857066 1.1995413 2.410091
1.6174401 0.3322553 0.028108329 -1.1994244 -1.7780403 0.94484574 0.97536635
2.3958695 1.2155423 1.5343497 1.1000384 -0.2004567 -0.34195253 1.7444671
3.4444864 0.6155694 1.6831695 1.9328039 -1.1142274 1.263375 1.4093648
2.4378798 1.7047005 1.0179476 0.47760084 -1.5611745 1.1766534 -0.3442878
1.737547 1.3602467 1.833644 0.25472143 -1.4374264 1.1702843 2.7054148
1.2467152 0.20558876 0.233098 -1.1237973 -1.359665 0.53459054 1.4735652
2.3498108 -0.5169895 2.342593 0.4983252 -3.2264745 -0.59013814 -1.3795482
4.038126 0.35571665 1.9309797 1.7498072 -1.8400775 1.2480447 -0.20463769
1.8505403 1.5512571 1.230964 0.93650395 -1.6329683 0.95303804 -1.4740161
3.3668773 1.2594714 1.8027582 0.37184814 -1.3582147 1.1675075 -1.1759173
3.3336332 1.6660124 1.7975574 0.76304984 -0.77796966 0.65123266 -1.3231655
2.6382856 1.7112783 1.704994 0.654557 -1.0277086 1.195648 -1.2198216
2.8822649 0.5371739 1.3018656 0.72637236 -1.9754854 1.4152517 0.064284764
3.296114 0.07062525 1.8085146 1.714041 -1.9752915 1.3683659 0.099709556
3.6240876 0.21064728 1.0055497 0.8899683 -0.84488493 -0.9342566 2.231225
3.5591922 1.4673089 1.4334538 1.048432 -0.7539645 1.1272548 0.21939404
2.4764783 1.2327814 1.2383122 1.0634286 -1.4626025 1.2025361 1.6438786
1.7458404 0.09089727 1.2133635 -0.47715268 -1.7296914 0.25989395 -2.3215604
2.6964128 0.98737496 1.2164274 0.19383594 -1.751871 1.3304068 -0.23253988
4.915557 0.29975265 1.2840596 2.223077 -1.3691251 0.14347368 0.6446524
2.627942 0.90467924 0.77074516 1.5846795 0.5403647 -0.61090213 0.10067084
2.1727953 1.8954473 0.7701452 -0.2183336 -0.7864147 0.2790261 0.5305062
1.6489291 1.116118 1.0026938 -0.5478791 -1.4624246 0.9797273 1.8306772
1.625141 0.80481637 1.8942401 1.1298274 -0.5431941 0.6155258 3.1505013
3.3261626 1.7321813 1.7365651 0.84530747 -0.81133753 0.72372144 -1.1451385
2.8702414 0.6978957 1.5864187 1.6708258 -1.7924241 1.1167246 1.2413837
2.4538162 0.82230157 1.9174597 1.9421512 -0.2893735 0.18150997 2.4507256
1.4073997 -0.99675745 1.5126083 1.2506963 0.58206385 -0.64432305 2.3240619
5.2670727 0.63390833 0.9728062 1.8197289 -1.8379104 0.2664482 -0.0920938
2.3534098 1.2575681 1.5791336 1.1974616 -0.37840423 -0.06309104 1.8177662
4.7429876 0.36319846 1.6935153 0.31330767 -1.4352912 0.3591041 -1.8381739
4.9243946 1.1417193 0.34989533 1.1549971 -1.1831721 0.12921762 -0.11493323
2.827729 1.3643131 1.307089 0.83898157 -0.11999615 -0.3232591 1.1109995
2.2464187 1.4320686 0.928758 0.29232398 -1.6035572 1.1276311 -0.2560946
3.3878353 0.038744632 1.7864013 0.2446486 -2.6114242 0.8968237 -1.260442
2.2943647 1.5315454 0.82905006 0.1446681 -1.1881241 1.0331423 0.9640215
1.8993506 1.5911403 1.2045479 1.400344 -1.5699922 1.1040715 -1.2121849
2.4371965 0.38173455 0.53751254 -0.66833407 -2.8518987 -0.089044034 -0.8511066
1.4834511 0.15465707 2.1772957 0.88328683 -0.7020076 0.41924953 3.462591
2.320327 -0.10156589 1.2816811 -0.12624004 -3.231155 -0.49550682 -1.0544214
2.1015627 1.4188852 1.3579301 1.7061819 -0.2981399 0.013688204 -1.1115426
2.244351 0.65671605 0.79767406 -0.082357384 -2.389858 0.8644094 1.0444654
2.5232713 -0.24527103 1.3178229 0.51482666 -2.6729634 0.71849555 -0.3337929
1.590655 0.51868695 0.7923778 1.3589551 -1.5057236 0.40702957 -1.6836711
4.704699 1.3355842 0.95161927 0.8646064 -1.4481556 0.40397382 -0.78189313
0.6141733 0.68105024 0.678545 -1.0009683 -1.622455 0.47277433 2.6345441
1.5725644 0.1920051 -0.015245944 -1.2764082 -2.0053253 0.8536311 1.1137986
2.6067908 1.7950907 1.3459507 0.64881396 -1.3646952 1.2781994 -0.72780216
3.6693668 0.09569032 1.2789671 1.7615539 -0.10622843 -0.40399176 1.9217517
3.271434 0.31879944 0.31586537 0.8135641 0.18099086 -0.37575537 -0.636179
1.8322845 1.0907176 1.7667828 0.2819511 -1.2904357 0.62634534 -2.0185192
2.2670536 1.8153206 1.0460572 0.7038605 -1.4822088 1.0502949 -0.44727856
2.3438957 0.8778061 -0.16910976 0.81456053 -2.0165648 0.42995363 -0.8193974
2.1297588 0.9156597 0.68928576 0.6923675 0.25080267 -0.835416 0.62347376
3.6364443 0.69851965 1.4588668 1.5737897 -1.0017055 1.2430375 0.9353124
0.95433605 0.21141762 1.1988201 0.8613056 -1.0742341 0.07012755 -2.5783503
2.9802902 1.7331543 1.3906851 1.2734188 -0.49583992 0.40483016 -0.2944363
2.434967 0.33466738 0.76470387 -0.6234946 -2.349448 0.076698124 -1.5337025
1.4703026 -0.9599007 0.7744553 0.5931953 0.20025365 -0.32005626 2.120606
3.283327 1.3712506 1.3011616 1.3464167 -0.21094592 -0.0043331413 -1.0263885
2.37518 0.703093 2.070287 -0.5750569 -2.4710927 -0.07812971 -1.4827428
3.376032 1.4987326 1.6210307 0.70319104 -1.0830461 1.4500548 -0.6363788
3.4580052 -0.5017405 1.9751878 1.3110474 -2.2730558 0.33010834 -0.396644
2.6019518 0.9705221 0.8672347 0.41825253 -1.8838385 1.0964587 0.8722535
1.8550647 1.4089646 1.2994077 0.37137714 -0.63894755 0.32176226 1.9282477
3.9705791 0.19768828 1.9268117 -0.088562466 -1.9726303 0.23778707 -2.1980865
3.9081705 1.0162237 0.8435352 1.4794465 -0.5489245 0.060155686 -0.2056096
2.9409254 1.9257796 1.7486557 1.3349967 -0.42294583 0.5822309 -1.2606361
2.9740326 0.94861907 1.1831506 0.56498754 -1.5828978 1.5229416 0.10325842
4.450111 0.68285376 1.3416476 1.8027195 -1.4217645 0.77519983 0.23234595
3.2021816 -0.103832774 1.5302794 1.2750086 -2.2763243 0.80730325 -0.03562985
4.1549067 0.94618255 0.8636905 1.6258656 -0.54470736 0.15187317 0.22338374
4.0812154 0.16177315 1.391021 2.1983986 -0.44271407 -0.09126344 1.7748603
2.2335777 0.5157506 1.8790958 -0.55249256 -2.38527 -0.38804263 -1.4153262
3.4990103 0.13003987 0.19287655 0.7120661 0.16881268 -0.6297081 0.21258868
2.4674616 0.86561507 1.5324072 0.6195098 -2.0274973 1.104497 1.6846617
3.3405364 0.49505275 1.7426579 1.0055884 -2.2065024 1.489337 -0.6223186
2.3206792 0.08496756 0.020381719 -0.31072304 -3.4604769 0.14500743 0.52501917
4.2459354 0.72260875 1.4290409 1.745491 -1.4023637 1.0704492 0.18321963
0.80654526 0.8782057 1.844224 0.9786035 -0.45850262 0.20395213 3.5945525
3.1642752 0.8379659 1.6820735 2.0387893 -0.961943 1.0383826 1.7776908
2.5665247 0.3008651 -0.2638585 -0.29265013 -2.1713505 0.5654016 -1.3701614
3.598375 0.83905643 1.3774769 1.646704 -0.3172463 0.3085236 1.267181
4.0692945 1.0493672 1.1490016 1.582142 -0.6051398 0.42830318 0.12965389
2.27186 0.6449308 1.8235998 -0.45075524 -2.3180757 0.099264085 -1.2360317
3.7974145 0.91500086 1.7958616 -0.01849375 -1.6831666 0.7068978 -1.598447
2.5919416 1.0285053 2.091944 0.22913447 -0.81513363 0.022669729 -2.3512194
3.670659 0.6629192 1.7329165 1.4651974 -1.6296802 1.8151091 -0.06324638
2.306946 0.69075125 0.7708434 -0.02205 -2.1703672 0.7535699 0.8606278
1.7692027 1.3875177 0.08536664 -0.52936167 -0.67655474 -0.5256909 0.7913931
2.2149155 1.8609229 0.91037333 0.5635297 -1.264314 0.7759895 -0.18276344
1.3899475 0.16543001 -0.038478404 -1.006308 -1.498511 0.87817365 1.0748917
3.9637759 0.40302843 1.9322677 1.6905113 -1.8737948 1.4930108 -0.27189934
2.506961 1.0157303 1.6924936 1.6165322 -0.56227 0.5371274 2.0804
2.4985085 1.1369824 0.6979604 -0.0029232875 -1.8152922 1.1060549 0.8996396
1.6532804 0.7074569 -0.6994517 -0.08819244 -1.3827978 -0.06649417 0.606623
1.4744763 0.41691083 0.12797615 -1.1527317 -1.4437925 0.8078204 1.1232255
2.4552677 1.0814221 1.1258498 0.21314082 -1.7845808 1.041971 -0.21900497
0.71337783 1.2166001 1.0340557 -0.7704129 -1.0327219 0.47694802 2.4430368
3.3005981 1.6159737 1.5084723 0.74236244 -1.02166 1.3520656 -0.35895893
2.7791612 0.95546097 1.0494595 0.2100702 -1.7635802 1.3423318 0.08054563
4.512502 0.6950888 0.5669259 1.4636761 -0.40507588 0.272518 0.70672953
2.0910532 1.7414798 0.78605807 -0.21176061 -0.48447832 -0.2752939 0.6083586
1.4883707 1.530061 0.3545191 -0.5999094 -0.36167035 -0.57119685 1.3498434
1.9233017 1.2389361 0.83173263 -0.07083396 0.088155665 -0.82561123 0.8002919
3.023443 0.39829797 1.437831 1.0929865 -1.8475804 1.685375 0.222096
2.5439332 1.2043006 1.3630109 0.73819566 0.04450623 -0.63803554 1.3427359
2.1310894 0.20930547 0.90182126 -0.054407634 -2.3781624 0.47355014 0.43959823
1.0826739 0.4783973 0.07369444 -0.76403034 -1.3128997 0.13247496 1.647513
2.5261822 0.9471156 1.256609 0.05161824 -1.8244537 1.1883533 -0.43553987
4.015116 0.2173844 0.593827 1.1213304 -0.1611944 -0.39848706 1.3813007
2.3266654 1.2725768 2.1418765 0.904533 -0.381188 -0.113785684 -2.1627445
1.2812889 0.25434047 -0.029286534 0.09632816 0.036181845 -0.60752016 1.3816653
4.756891 1.50987 -1.0161681 0.46720907 -2.0198264 0.47107232 -1.2142044
4.150005 1.2651284 0.9993037 0.9950453 -1.0574082 0.2056989 -0.73165584
4.616423 0.17597717 1.5922933 2.358346 -1.3830718 0.3365546 0.6561487
2.2807724 0.4931566 1.1399964 -0.2624028 -2.13291 0.5358768 -0.28761727
0.74080265 0.022486871 0.01038 -1.2030658 -1.584819 0.24072224 2.216341
4.5331593 0.011959022 1.0835325 2.182298 -0.7365207 -0.34947482 1.3908362
2.0236812 0.401869 0.42687652 -0.6112677 -2.2748966 0.512265 0.32722148
3.2139854 0.42878622 1.763028 1.9434851 -1.4485427 1.5710442 1.1126615
2.9677098 0.1926009 2.1904316 2.0100384 -1.6322795 0.41028672 1.0925612
2.0840733 0.70753616 0.15357456 -0.5029807 -2.0434306 0.8947635 -0.10356168
0.9666234 0.57749254 0.30851504 -0.83437455 -1.2237245 0.13735563 1.7566401
1.9688078 -0.5347162 0.9525012 1.0151442 0.6206803 -0.8435321 1.6862898
2.4409926 0.8198449 2.0900815 1.7383714 -0.82929236 0.56941473 2.697459
2.3180258 0.8093123 1.4841781 -0.19277191 -2.0366282 0.37274605 -1.0116488
1.9906734 -0.7548948 0.08263129 0.18716666 -1.839192 -0.11882132 -1.8527799
3.6602573 0.88452715 1.3904843 1.6439929 -0.4789699 0.56370133 1.1539453
2.2432234 1.4007304 0.89058614 0.18601379 -1.5978898 1.158758 -0.15969454
3.668678 1.2975565 1.6647627 0.8656999 -1.1535631 1.4102173 -0.49018213
4.1261034 0.1576752 1.7630398 2.0594864 -1.0460292 0.045137282 1.4418821
3.241495 0.6759626 1.8915945 2.1945164 -1.0081247 0.963875 1.7534301
2.3233619 1.0774195 0.7923964 -0.067286216 -1.751829 1.17507 0.15132274
3.7092397 -0.49964005 1.9443758 1.187066 -2.2906868 0.5960509 -0.68647677
1.7118713 1.294383 1.9392443 0.5000589 -0.9494074 0.8035364 2.950379
1.7574408 0.83152384 1.7697604 -0.07598326 -1.273332 0.28570026 -2.4772146
1.8573171 -0.3319996 1.5990835 -0.7507539 -1.1560568 -0.5315866 -2.8602285
3.041889 1.810355 1.3570244 1.0158308 -0.57228094 0.38352948 0.1769454
2.3433769 1.6405623 1.0641114 0.5969641 -1.5783392 1.1132971 -0.46993056
4.5544496 0.35294408 0.6457534 1.0401794 -0.6433136 -0.68236953 1.4187331
2.6841996 1.0375391 1.0415435 0.7986561 -1.7244664 1.1701589 1.0377709
2.034459 1.2847933 1.4471182 0.76065415 -0.7035385 0.5359079 1.9906529
3.0991232 0.6530463 1.2997245 0.7939628 -1.5703293 1.6986253 0.18079402
2.3209982 0.76324195 0.8322518 -0.23466963 -1.983533 0.9655748 0.29004505
2.168217 1.2186964 1.3005761 0.30098566 -1.7835938 0.84247476 -1.0959598
4.007884 0.9716491 1.2984701 1.5391805 -0.6308926 0.9325437 0.7622205
2.43303 -0.17860419 2.1462154 -0.08867637 -2.8336349 -0.19987875 -1.3379779
3.0745893 1.3018534 1.5394313 1.0900425 -0.3263701 -0.36736393 -1.5346701
3.5793028 1.1831715 1.4114419 1.0432999 -0.9591997 1.4986724 0.25612736
3.1352618 0.33889812 1.9825017 2.153954 -1.379696 1.0525824 1.3562443
2.2864954 1.8866525 1.2108128 1.117736 -1.5090562 1.0843022 -0.7587279
2.1304507 1.0932584 0.9732655 1.5394852 0.29672518 -0.49241877 -0.48830864
2.695757 0.95557827 1.4679495 0.84936553 -2.035158 1.0484412 1.3859907
1.7924743 1.22516 0.7640238 -0.23464492 0.036186136 -0.86272395 0.7895572
2.5776403 1.0996661 1.6446266 1.5665652 -0.33814582 0.03672823 1.8421991
3.5869482 0.45203775 1.6099392 1.6077863 -1.5512315 1.7793212 0.400139
2.3247292 -0.7068147 1.0046172 1.0104586 0.12305681 -0.6364092 1.8711767
4.9803104 0.9844803 1.9616048 0.88360435 -1.9225264 1.0162258 -1.5586416
1.8566498 1.2030264 0.50571215 -0.34823373 -1.3399729 0.8318803 0.42326787
5.205631 0.64366263 0.29188833 1.3018998 -1.1288689 -0.4319381 0.33585683
4.0708404 -0.5496045 2.1626673 1.5014876 -2.199492 0.38671976 -0.47950637
4.370591 0.68589944 1.8317835 0.96781546 -1.8225969 1.4725747 -0.82507277
1.6811696 1.366711 -0.3510885 0.74212646 -0.6142381 -0.4666975 -0.41828412
2.8103044 0.7178411 0.89048517 1.7507898 0.83219784 -0.6951494 -0.114661016
2.321666 0.10508985 1.9433098 1.5810198 -0.3716415 0.047497597 2.8200598
2.9645858 1.6807375 1.1773819 0.6917013 -1.2910475 1.400167 -0.07581217
2.1084492 1.5697262 0.6749741 -0.23785639 -1.3277472 1.0811961 0.63245547
4.3605533 0.20268053 1.9465541 2.3713892 -1.6433367 0.30721766 0.28120866
1.7845072 1.6920624 1.4355445 1.064212 -1.3719741 1.0319133 -1.5847145
2.2796729 1.864236 0.91202736 0.36704993 -1.3482233 0.98537356 -0.121398486
2.3205717 1.2300086 0.25823906 0.2751384 -1.9530348 0.91926485 -0.63341933
2.6424582 2.068886 1.0774072 0.7302423 -1.101364 0.9239672 -0.13177858
2.1929595 0.94095975 2.0899804 1.4500974 -0.8234156 0.6509371 2.8578005
2.0271754 1.2689276 1.5267341 0.8745662 -0.5712195 0.308145 2.034395
4.913169 1.2016463 0.5167742 0.6071634 -2.199895 1.0817344 -1.4361585
3.9428847 1.5514088 1.6494719 0.6186389 -1.0584171 0.7648285 -1.097732
2.609803 0.32923454 -0.19829494 -0.6758182 -2.567872 0.53861004 -1.3263338
2.2390325 -0.32779652 -0.38890803 0.87852496 -1.9089195 -0.05421776 -1.7124358
2.3632874 0.009709781 0.7612951 1.1544963 0.60709447 -0.9710179 1.3264819
2.00862 1.1351433 2.1785128 0.94105566 0.15177481 -0.34208167 -2.3006318
1.5990944 -0.26695853 -0.75502515 -1.0329777 -2.0159667 1.0596602 0.9651377
2.151757 1.3398029 1.1897415 0.2149173 -0.120442234 -0.6511384 1.4080776
4.5968833 0.8401162 1.9296904 0.8546066 -1.9069905 1.4175575 -1.1797522
2.782575 0.053014223 1.1349046 1.3108068 0.39581695 -1.1563764 1.2251562
2.9200778 1.5766925 1.336478 1.5058516 -0.27902827 0.2575453 -0.50179565
1.9500403 0.16832393 0.8022022 -0.35552344 -1.8464645 0.27159172 -1.9509794
1.6449988 1.4985521 1.4447268 0.08250632 -1.4012288 1.2418513 2.5559697
3.0780718 0.77164596 1.1902611 0.7947186 -1.525519 1.589523 0.3287201
1.9729623 1.4666499 0.59909594 -0.37334177 -1.2877232 0.94721395 0.47014287
0.79999745 0.6922514 -1.3968711 0.32624438 -0.9379452 -0.27965516 1.1193053
1.8698884 0.55913013 1.5341039 -0.3039464 -1.6723567 0.29876786 -2.1550753
4.4835763 1.2544569 1.6646512 0.5449321 -1.5371132 1.1853577 -1.0521867
2.9288268 0.75794643 -1.372855 -0.120711125 -2.499005 0.32292014 -1.1445904
1.2903826 0.039407197 0.70537734 -0.85858524 -2.3065782 0.8468239 2.080997
1.7386945 0.86304384 1.2737902 0.24199846 0.21497576 -0.82404673 1.5746955
2.3561082 1.0655711 1.0457304 0.27776855 -1.8587986 0.7946741 -0.6313156
3.0094948 1.7666192 1.2587783 0.8749417 -0.6595331 0.52872235 0.41843116
2.4917982 0.53401417 1.6190202 -0.33443767 -2.4019473 0.8361681 -0.84619284
3.1182003 0.21396369 1.6922942 1.7371482 -1.7720181 1.670224 0.58984876
3.6620307 -0.28816158 1.8364056 0.7398962 -2.4814873 0.9545317 -1.0698484
2.3553274 1.5770732 1.0470833 0.15262613 -0.36980042 -0.2695819 0.9999407
3.8306384 0.41634172 1.8292811 1.8338101 -1.6725819 1.5147257 0.11792668
2.299401 0.77653307 1.6183329 -0.2140055 -1.9794978 0.6124173 -1.1285933
1.9470536 1.5058835 1.9281589 1.1453179 -0.5972007 0.40587348 -1.9051552
1.7184573 1.1692715 0.20150295 0.8611069 0.055944122 -0.49706626 -0.2988586
2.5596457 2.0794656 1.0214094 0.6810819 -1.3641082 1.1683728 -0.3405992
3.3705509 0.5501289 1.8767946 2.2644095 -0.8814643 0.8836526 1.7155333
