3.6728308 -0.69278413 0.56395733 1.6906272 1.1297714 0.24892694 1.4391443
1.3389883 0.55327696 1.2647612 -1.0231742 -2.2483923 0.950153 -2.1565166
2.447527 1.1163245 2.374529 0.91033006 -0.51626366 1.3580531 0.4944276
3.2695792 1.1901219 2.4454532 1.2051952 -1.5859672 -0.34878638 -0.2857609
2.5753021 0.12327022 2.2307644 2.1367316 1.0814081 1.4024568 1.2878517
3.1404276 0.8822445 2.7633147 0.2122798 -0.739806 1.0759673 -1.287753
1.2070007 1.3726426 1.8640455 1.7517585 0.21305518 1.1380796 2.2977169
2.5679114 0.6602537 2.6480381 0.57275915 0.38763478 2.1124096 -0.48875967
2.1795878 0.17013162 1.0645235 -0.4847236 -1.1883351 1.0221448 -2.3594851
1.7128999 1.1865225 1.2066169 0.21720555 -0.8524036 1.2146907 -0.60669583
2.8375044 0.78596133 1.8184288 0.0506038 -0.9111817 -0.21301746 1.4538872
2.884539 1.3270097 2.2172203 -0.45786563 -1.6851948 0.68839896 -0.2555988
2.168729 1.4517908 0.64242196 1.7265803 1.0580472 1.0353826 1.2477255
2.1340544 0.5701565 1.4975923 0.3836174 -0.30752942 0.39151323 2.5496461
2.130124 1.0705361 2.00047 0.65509593 -0.05752381 1.0476637 2.4472954
3.1093886 -0.7844923 2.4056 2.1665983 0.9120097 1.0175893 -0.15406363
2.0112207 1.3202146 1.8173064 1.9970578 1.0892203 1.1200025 2.3009586
1.9488689 1.2105217 1.4979538 1.8415271 1.1043755 1.3810171 1.5923438
2.8187687 0.4129464 2.093639 2.5767179 1.1183133 1.0801797 1.2272562
1.0684618 0.38508624 0.8505652 -1.279569 -1.3866899 1.1594753 -2.3347874
2.3385885 1.2495434 2.6790302 0.8115436 -3.3601038 -0.56467277 -0.6437536
2.0053706 1.5162449 1.6519501 -0.41989204 -1.5523251 0.80924565 -1.475139
2.8036554 -0.41850978 1.9698769 2.7200744 1.2446127 1.4340466 0.40379336
1.6300668 0.89499015 1.5217355 0.041943513 -0.40508744 0.7982617 2.6094108
1.734267 -0.7711392 1.0985628 0.3820452 -0.6333994 -0.16533846 2.1373148
1.9584357 -0.6794043 1.0777574 0.9011346 -1.0860715 -0.5179672 2.3130474
2.570172 0.96725756 2.33699 2.4504833 1.3236778 1.7278235 1.5115365
1.6493696 1.4174008 0.04516124 1.1748999 -0.16996785 0.110562265 0.8098276
2.2142217 1.546894 2.4896514 -0.12821612 -3.234896 -0.6478166 -0.5684269
1.6692363 1.396575 2.0098562 0.72398907 -0.34190962 1.1912851 2.0165892
2.9114006 0.21396345 2.8277233 1.4494847 0.80665237 2.4717236 0.1281526
2.3517106 1.0798436 2.4993787 0.6037821 -0.25604412 1.5777011 -0.24841052
2.3882596 -0.7536507 1.6270661 1.1291788 0.5715898 0.4683215 1.2321504
2.0242379 1.2061132 1.9304116 0.29616657 -0.41102317 0.9361226 2.2697628
2.3617566 1.2357725 2.0478659 -0.65033567 -1.197352 0.46649054 1.5923345
1.9753476 1.2951462 0.68619204 1.5405012 0.6506044 1.3999734 0.22170432
3.4166138 -0.08151799 2.36552 0.9240967 0.7522774 1.3338634 -1.5063074
2.2796118 0.90886563 1.9767753 0.7573965 0.15523665 0.9557871 2.5404181
3.1145773 0.47703308 1.4993618 1.3306795 -1.3788856 -1.3279797 1.6302091
2.8745534 -0.13916856 -0.41691324 2.1712925 0.7023284 0.2525745 -0.00019089424
2.8335583 1.2592113 2.553609 0.19059655 -1.9320287 -0.96234375 0.25101402
3.3544872 -0.46371394 1.090441 -0.38284016 0.29457343 1.0458109 -2.6734343
1.9632467 1.0460348 -0.040659904 1.7113956 0.8679082 0.58808964 1.0385972
1.8807466 1.4498326 1.377214 -0.17617825 -1.6937027 0.42407334 0.6083737
2.1818879 1.0117118 1.8921254 -0.97418576 -1.0107101 1.41509 -2.6355898
1.1100239 1.7263902 0.87310016 0.43345138 -0.4082267 0.47691292 1.820217
3.5004392 -0.50455457 0.948902 1.0312897 -1.2940471 -0.9463633 2.0042229
1.5016598 1.6964909 -0.47926003 0.75596285 -1.2948344 -1.0844444 0.19996442
1.2872015 1.193337 1.3480853 1.8549379 0.7202323 1.2281544 1.7669948
1.903775 1.5386777 1.9329652 -0.15701821 -1.0366361 0.78513604 1.5788728
0.7891128 1.3013856 0.784654 0.39081976 -0.08357187 1.5602629 -1.2008386
3.1326835 -0.25232512 2.5921528 2.2052374 0.7180889 1.7974278 0.40155557
4.381266 -0.18333966 0.6578052 2.0294218 -1.2294017 -0.885484 -0.04948483
1.7383612 1.3523582 1.3116904 0.63404256 -0.83207947 0.88298094 0.077067174
2.8945062 1.0102358 2.365497 0.17651114 -0.8739264 1.1827813 -0.09822277
2.4083335 0.4849965 2.2127814 1.0543908 0.30819508 0.98883003 1.9991765
2.5577676 1.1641843 -0.32255536 -0.44101807 0.028187195 0.37026757 2.3348413
0.7046187 0.75484496 0.3147905 1.1646305 -0.57046026 1.1484832 -0.99461436
0.83921397 1.4449342 0.50688756 -0.2539306 -1.8371345 0.55954313 2.1253445
1.3396766 1.1876366 1.771743 1.9186034 0.52941126 1.3182206 2.625165
2.1162722 0.25026435 1.7689099 0.6526141 0.010840813 0.533699 2.156998
3.300207 -0.5953203 1.9392744 1.6528816 0.7188708 -0.24801594 -1.3348029
2.4477549 0.21642488 2.5470622 0.60264647 1.0874859 2.5014515 -1.0334682
2.6200135 0.21086735 2.6669781 1.9788549 0.8226306 1.6101269 1.5546919
1.128815 0.30289143 0.05550763 -0.7683978 -1.485547 1.2126049 -1.9062215
2.6910198 0.50986 2.786827 1.8880566 1.1196847 2.2848704 0.60320795
1.2995931 1.5268683 0.12649745 0.8253362 0.9868633 0.9597003 1.9356135
0.59078145 0.09330506 0.7396561 -0.13679728 -0.47512743 0.42131853 -2.8899956
1.3574799 1.357856 -0.35009766 1.1285342 0.36802664 0.519929 0.596797
2.372628 -0.19480401 1.9395154 1.291161 0.8473781 1.1721263 1.6029736
2.2013156 0.38737863 1.6919422 0.41800871 -0.28489158 0.2615502 2.025003
2.2512767 -0.0502184 1.5250442 1.7405235 0.7261599 1.2062978 -0.6807826
1.6957542 1.0744843 2.31086 1.8422158 0.3235483 1.5411844 0.55739903
2.401346 1.3145839 1.924935 -0.60640395 -2.1389527 0.5242884 -0.052166145
2.4798987 1.1431763 2.2639987 -0.83155096 -1.2681862 1.2452812 -2.4894085
0.9705671 1.0466558 -0.37420103 0.40608826 -0.38230535 0.7648671 1.8996824
1.6335914 1.4914753 0.70000136 0.5087795 -2.626687 0.3731954 -0.4651822
2.9501688 -0.16679794 1.2545369 -0.73383546 0.30103174 1.1888009 -2.8556252
2.5927541 1.1182426 2.2038138 -0.17424935 -0.90991735 0.68570334 1.192869
3.4720943 -1.0388474 0.98431015 0.8519766 0.68805563 -0.35102642 1.0432991
1.6183165 0.061168615 1.1663043 0.5776155 -0.6866283 0.53472835 2.6030183
1.6391716 0.31344754 1.2611673 0.24876696 -1.3797694 0.62971437 2.2082584
3.0361447 -0.3114856 2.502967 0.8918306 0.9099743 2.4341707 -0.9642396
1.729529 0.999875 0.63346803 0.9070585 -2.8067558 0.76793325 -1.2082363
1.6726869 1.1573501 2.0957918 1.1544379 0.15302949 1.5305436 2.4073079
2.6257951 0.724538 1.8878857 2.5191543 1.0889434 1.9280276 0.71999925
0.53310895 0.734634 0.47711667 -0.11483685 -1.1364554 0.96221846 2.019791
0.962626 1.3492262 0.99547315 1.1898283 0.060498275 0.64222616 2.1504445
2.4444845 0.47522897 1.8747194 0.57660586 -1.89479 0.7742086 -2.1913657
1.5137591 1.1536553 1.848415 1.6170479 0.2800832 1.5097748 0.34181997
3.5263598 0.13301176 2.0844297 1.3946904 -0.04089179 0.4860313 -0.18842982
1.1083789 1.3054826 1.6433364 2.0570526 0.37694708 1.1360351 1.7688304
2.0193033 0.9575669 2.3836312 1.86122 0.90199417 1.9418089 0.5390602
1.2747743 0.68307394 1.3121994 -0.066099055 -0.67675835 0.7647448 2.425399
0.9916496 1.2751739 0.948629 1.4964213 0.27813676 0.7792085 1.9807559
1.3109668 1.4255466 0.85276556 1.314082 0.7562663 0.74647933 2.4108014
3.3916786 0.64005107 2.7175765 0.60661554 -0.40686822 1.0864441 -1.1504682
2.7671225 -0.11978989 2.1918068 2.4345436 1.0637635 1.1794162 0.89883965
3.5677178 -0.7059217 1.580586 1.9185396 0.5809184 0.08477539 -0.11172102
2.7476008 0.030570453 2.734448 1.3499658 1.0674092 2.4071457 -0.22932883
3.6656482 0.13899535 2.2847562 1.1910256 -0.12300294 0.2871943 -1.6870619
3.1127532 1.4076018 2.507421 -0.20661038 -1.5336672 -0.16248465 0.115964614
2.351958 0.7811937 2.567966 0.4003673 0.32306424 1.9899229 -0.59265375
2.9844668 -0.269759 2.0474124 2.6196358 1.0823311 1.1979302 0.570927
2.0024438 0.9721126 2.4852948 2.4306133 1.056435 1.6274104 1.9350988
1.3197442 1.3688669 0.90977037 1.3327208 0.15919165 0.90699834 0.8357178
2.659056 1.2986305 2.135272 -0.9338896 -1.7276484 0.2140558 1.0118359
0.72058916 1.5671884 -0.09223114 -0.33585927 -1.4536679 0.107467264 1.7729639
1.5633656 1.3705419 2.0258005 1.3215953 -0.2636797 1.1100433 0.90724736
3.2315571 0.85788983 2.3304477 -0.19226655 -0.32706416 1.5355068 -2.5878003
3.0774944 -0.5193768 1.0967777 0.61139846 -0.68960696 -1.4217663 -0.90372574
2.8036573 0.35509437 2.8483086 1.9404465 1.0709492 2.3308053 0.5641549
2.9604313 -0.24334413 2.1024852 0.44543082 0.9000458 2.234408 -1.9206024
2.1972601 0.86038893 2.5621886 0.8676436 0.39803067 1.9356017 -0.06238736
3.5109522 0.5022389 1.9922384 0.9682582 -0.8791222 -0.36154112 0.35364494
0.76909935 1.247152 0.70872283 -0.27160004 -0.8710945 1.1051824 -1.7180591
1.2494007 1.4079189 1.7620023 1.7674655 -0.0020439234 0.881584 1.3409476
3.2480152 1.0947485 2.3473725 1.9754381 -1.9592193 -0.22784573 -0.5184925
1.4021704 1.2142394 0.7687243 1.467501 0.62122756 1.0054307 1.4320977
2.4723182 1.3892647 1.588264 -0.077125646 -2.3466413 0.99707395 -1.0208626
1.4874909 0.88526946 0.26533172 1.7161242 -0.3217059 0.807385 -0.010501544
3.1821892 -0.14188844 2.5394049 0.77670646 0.7228231 2.2268572 -0.99347305
2.4237986 0.29081506 1.042524 1.8004607 0.517767 0.8387763 -0.12560086
1.7467612 -0.849812 0.71390855 0.5760264 -0.61474156 0.006172118 2.1920533
1.6453661 1.208986 0.9815215 0.9457056 -0.4944947 1.3835615 -0.31289947
2.4768074 1.0341083 2.541653 -0.12082688 -0.29579404 1.5822027 -1.0187476
2.4759626 1.2859368 2.1875873 -0.059466578 -1.0324525 0.766313 0.8819953
2.9647052 -0.7267843 -0.9553877 2.384583 0.654626 0.25307423 0.06031986
1.2471395 1.292928 1.049048 1.2142767 0.47669473 0.9300981 2.6886933
1.9707254 0.06946451 1.196609 0.5222173 -1.4278276 0.4058162 2.2786458
3.4329627 -0.21648103 1.6813912 -0.22624755 0.1746441 1.2711306 -2.5828426
2.3046532 1.3950077 2.0533128 -0.32240006 -1.1417716 0.65635115 1.1674743
3.0748222 0.5418002 2.8796697 0.6207247 0.18406574 1.8373662 -0.6356944
2.2001212 -0.026151234 0.06739953 -0.5081575 0.40598646 0.5518473 1.6839447
2.5864608 -0.42692214 2.2404795 1.8641607 0.6941491 1.2026513 1.133855
2.0977764 1.3999721 1.8141735 -0.42931888 -1.8105702 0.40365306 0.5927219
1.9570442 1.7317092 0.62926674 0.20760098 -1.9541159 0.28459194 0.10561244
3.5632806 -0.18853933 2.1976676 1.3896724 0.43894327 0.77091074 -0.6582199
3.5410697 -0.19961864 1.1934912 1.6055301 -1.6521121 -1.1713047 2.10191
1.3634752 1.1096287 2.2216914 2.2471602 0.57269317 1.2940556 1.5570405
2.253491 0.9467328 2.5325394 2.4681873 1.1415675 1.7044744 1.8242548
3.2923758 0.71217626 0.47276548 1.3992893 0.8938291 -0.64250904 1.9360459
1.9549931 1.3934906 1.773346 -0.48233274 -1.9648215 0.2946717 0.5625386
1.6280891 1.0740513 2.1865141 0.488203 0.28357992 1.6682296 -0.5221268
2.6599438 0.081038184 2.030218 0.8670149 -0.07339724 0.5018711 1.1894233
3.6135838 -1.0169983 1.0216035 0.61300224 0.90744543 -0.23347062 1.3170305
2.6845622 1.753973 -0.6958643 0.6357001 0.038087882 -0.64897364 1.0308366
2.0464935 1.2817998 2.099349 1.041602 -0.6096406 1.1232611 0.41307577
0.5596677 0.7759132 0.24018566 0.87839293 -0.6357739 1.0230709 -1.2203337
2.1226046 1.4372321 1.5105741 -0.10897467 -2.3052022 1.1642592 -1.6955715
1.8615998 1.4651172 1.4862946 -0.14947203 -1.5974585 0.43619695 0.7408248
2.733691 -0.348265 1.0306151 0.8269502 -0.6513756 -0.8280178 1.0716873
2.5483716 0.74661225 2.747987 1.8270676 0.3143579 1.7512162 1.153665
1.9204451 1.1790063 1.7655387 -0.6280185 -1.0193692 0.73097795 2.209203
3.0756953 -0.9910272 1.5643024 1.66493 0.7545201 0.19991821 0.48765853
4.030255 -0.29154974 1.1200929 1.8241254 0.08838717 -0.73175323 -0.66888595
2.4337473 1.3430641 2.0355628 -0.14356232 -3.6450732 -0.75661796 0.54164463
4.2375064 -0.48314172 1.0112327 0.986812 0.48732436 -0.93528193 0.78940535
2.8613465 0.16661805 1.4502485 2.9533038 1.0326152 1.1705225 0.7642528
1.5468999 1.3923515 2.1274474 -0.2810367 -3.2670288 -0.4904192 -0.15224938
2.0468948 0.7406923 2.5388885 0.73813736 0.9270969 2.1619015 -0.46773466
1.4822637 1.5903465 1.5959839 -0.29355955 -2.0945487 0.103583306 1.6839758
1.8896524 -1.0848229 0.93434393 0.058632515 0.28467354 0.5264197 1.6449149
5.1477036 -0.04756027 1.312049 0.49601313 0.6138798 -0.59611076 2.1958532
3.032034 -1.1368775 0.9901066 0.816653 0.52743775 -0.3119372 1.0424048
2.0154011 1.3572277 1.384458 0.0039485916 -2.5972538 1.181826 -1.7298309
3.7059133 -0.11715966 1.522551 1.4192094 -0.31558886 -0.36751392 -0.12700282
1.0183882 0.74678916 -0.7748321 0.2269083 -2.164227 0.8305021 2.303196
0.87596893 1.2942822 1.040997 -0.11357025 -0.23850061 1.3307809 -1.5606581
1.5917894 0.8667788 1.0867043 0.5794772 0.24953477 1.3493935 2.6473255
2.6165004 1.8133651 -0.43038985 -0.2938539 0.6072919 0.49400538 1.5643219
3.217962 0.47320312 1.042082 2.1825128 1.1047685 0.12966973 1.5715884
1.9135104 1.106621 1.8971784 -0.46875852 0.47065654 2.1890728 -2.2928429
1.6241354 1.107892 1.7914923 0.3372033 -0.322692 1.4250501 -0.57727337
2.8656604 -0.98379594 1.6789219 1.0816966 0.56240815 -0.51235557 -1.4502593
1.3129848 1.4231417 1.6560683 1.5887274 -0.09900483 0.87904304 1.1317202
2.50539 0.5630602 1.7906382 0.13497475 -0.6034339 -0.044421498 1.6578581
2.141165 0.22758406 1.7297249 0.8391459 0.85616285 1.3762306 2.1614935
1.3830942 1.5123813 0.9065763 0.8085599 0.49352983 1.6112667 -0.6465087
3.1203969 -0.6327091 2.228777 2.418175 0.91847694 1.2778454 0.29548714
2.6698782 0.3655929 2.0622606 2.1846595 1.1332511 1.0773937 1.4175663
1.8451154 1.2815094 1.8118254 -0.7604861 -1.40344 0.67597765 1.6714965
2.453369 0.8195178 2.2232955 0.9629216 0.21004091 1.0243548 2.248641
3.0594373 1.4594202 2.444394 -0.34971827 -1.5920889 0.3661661 -0.28346375
2.9796212 0.13579386 2.7325704 0.8871255 0.6827821 2.4012313 -0.56124526
0.90077555 1.6710565 0.81562674 -0.1076924 -0.7226308 0.7697486 1.9732047
1.5717235 1.1539596 0.20750563 0.1966342 -1.8102906 0.597951 -1.0318342
1.3507786 1.7305001 -0.54209745 -0.052222826 -1.9589984 -0.5453364 0.6270479
1.4979968 1.250123 1.8724644 -0.22896436 -0.03460171 1.520547 -1.2009491
2.846429 1.4255743 2.5768807 0.22531 -1.9283302 0.6516523 -1.6410491
2.520457 1.4076285 1.803437 0.11710849 -1.4660469 0.95477146 -0.5706163
0.62519085 1.3791656 0.8145201 -0.20412257 -0.50625473 1.2760644 -2.3858016
3.517399 1.1267154 2.559102 0.60794115 -1.0359124 0.8416182 -0.5897827
1.6614408 0.7546223 1.4827552 -0.32750645 -0.95814854 0.8186522 2.5069227
3.4069529 -0.0668047 2.6992073 1.2202529 0.51357764 1.3650651 -0.64580774
1.5117561 0.71174115 -0.007218279 0.790028 -2.23223 0.18004727 -0.7088317
1.2032098 0.24793118 0.40753147 -0.8391404 -2.3666625 0.96700895 -1.7681072
2.6330984 -0.13840061 2.3421965 1.6691202 0.51802146 1.1899908 1.3084611
2.5496988 1.1884906 2.0759828 -0.8292501 -1.5187122 0.007408497 1.5713166
1.6276573 1.0907674 1.6385185 -0.42894083 0.8573073 1.1704593 -2.2367592
2.8216124 -0.86755687 2.381374 2.0813222 1.0202068 1.5327699 -0.47912803
4.323671 -0.022751862 0.76192486 2.0171666 -1.4414892 -0.8074719 -0.00010214292
1.6284248 0.96969706 0.0810242 1.7035253 -0.51717836 0.109191 0.25920925
1.6425364 1.5689118 1.0857166 1.4666528 0.98042846 0.7757819 2.4324622
3.6032393 -0.7147799 1.6070334 2.0005689 0.65169454 -0.058228735 -0.24434744
1.8860208 1.2571999 1.8516889 -0.6120373 -2.578485 0.14326698 0.014233668
1.3092827 0.95225674 -0.53042746 1.340736 -1.2596937 -0.24877459 -0.24027888
0.8176099 0.85610324 -0.9367316 0.31439492 0.36107317 1.3701471 1.2898177
1.1578268 1.4748895 1.454916 1.7243767 0.02491347 0.8576283 1.3826455
1.6092094 1.502551 0.5041827 1.2854564 0.26997128 1.3696909 0.11730977
2.4973 -0.9328993 0.96367705 0.38943017 0.75048715 0.34758264 1.3757021
2.9137766 0.29158562 2.5055828 2.8585324 1.0973184 1.8514878 0.7241793
1.2098662 0.8372467 -1.2637376 0.11156561 -2.406564 0.22316521 0.0059762793
1.5734017 1.7145216 1.0288035 0.09004953 -2.5556345 0.09499583 0.10690587
3.1176622 -0.008640582 0.9451901 0.5391816 1.0195037 -0.36894935 1.9236302
2.308502 0.9460469 2.3921142 0.97373146 0.060635008 1.214328 2.0162215
4.3709345 0.07735319 0.81937027 2.2622128 -1.8697428 -0.7716604 -0.31472388
1.7637147 1.0503764 2.3765035 2.0498528 0.62414235 1.6126078 0.8066243
1.6925379 1.1085078 1.9640018 1.6188302 0.5822375 1.5772866 2.6087503
1.6664907 1.4889133 -0.10389747 0.81982744 -1.4569467 -0.24022806 -0.27230316
1.2483414 1.5925038 1.6248676 -0.3584582 -2.909685 -0.27404034 0.4441613
3.2650585 -1.0121417 1.7525663 2.084759 0.9687999 0.49712962 0.26001355
2.5425193 0.9868161 -0.15314338 -0.8203056 0.45545092 0.5421433 2.3602583
2.46941 1.4329258 1.9190463 -0.511327 -2.3494122 0.5444893 -0.5852801
2.5376675 -0.74551827 -0.14451721 -0.42870244 0.1551687 0.6234967 1.2210358
2.8296263 -1.1988268 0.9776163 0.62176096 0.5975882 -0.13970375 1.2163817
1.848188 1.0723372 1.9767505 -0.2744239 0.7910877 1.944673 -2.1935935
3.2460063 0.12890476 2.8838654 1.2061696 0.41356286 1.7951983 -0.30910185
2.7070334 1.623176 1.2010067 1.5973867 1.017051 0.48061568 1.8352278
2.6334589 1.5926294 -0.4158524 1.1455597 0.42368755 -0.9234927 1.4426445
1.6014422 1.7039337 -0.4485636 0.2611331 -2.0387428 -0.36485618 -0.32925513
3.8837092 0.46773 1.6472552 2.2137387 -1.7953316 -0.6620474 -0.24181901
2.2544773 1.0073184 2.0518584 0.6976045 -0.027294239 0.9846249 2.380793
3.1997616 0.19676894 2.7698724 1.9693524 0.4695002 1.9829947 0.6022352
2.2184587 1.0390517 0.97480476 2.0370984 0.69816124 1.3442651 0.60046095
4.0918775 -0.196976 1.0225343 1.8051721 -0.39896396 -0.8551047 -0.4015102
1.5426592 1.3354199 2.1295004 1.4272603 -0.18296988 1.1508528 0.9920537
3.231315 0.038844768 2.106592 0.099441506 0.29420525 1.8511758 -2.109223
2.7844493 0.36909193 2.7841158 1.4233533 0.89874655 2.4490356 0.23676763
1.8810223 -0.40348774 1.4834701 0.53872585 -0.19423814 0.09431565 1.95372
1.2401508 0.109372765 -1.142924 0.044304796 -1.7244309 0.16049999 1.5629557
2.8538313 -1.0879583 -0.31735396 2.5625815 0.59590745 0.1438958 0.86481917
2.0911522 1.4940434 0.9666225 0.61301184 -2.5843644 0.88885266 -0.8493216
2.667596 1.1572106 2.3551676 -0.24972302 -0.9601175 1.1531049 -1.1230402
1.8279091 1.970369 -0.30520636 0.49398938 -1.3909496 -0.9872644 0.25943917
1.7554336 1.7153306 0.90937567 0.28762272 -1.1060209 0.44337067 0.5174791
3.0313544 1.3171628 2.5921035 0.42316023 -1.6332606 0.64696074 -1.2623256
2.5228937 1.5348432 1.4905366 1.8508618 1.2782763 1.0103118 1.9569424
1.3385714 2.0846343 1.0888644 -0.065031864 -2.3611586 0.05968767 0.8581687
3.6061056 -0.9653011 1.0963584 0.5578679 1.2482182 -0.048014943 1.2779025
1.4406625 1.2270963 1.668865 1.5342903 0.14669089 1.2507637 0.6240519
1.9047431 1.6092128 1.9671816 0.19428551 -0.8635277 0.7995543 1.5279197
1.8953745 -0.09975176 1.3010396 0.4315184 -0.028293392 0.75538296 2.5794845
1.9257509 1.5692295 1.9921916 0.5328988 -0.82276994 0.7715611 1.1383435
1.472525 1.1870518 2.0854797 0.010573335 0.6079555 1.7861056 -1.3340397
2.9541476 -0.2422927 2.6010292 2.2055717 0.6697788 1.6798831 0.7294481
1.9787322 0.88907737 2.7158802 2.3715873 0.7943092 1.7441224 1.6293578
1.8393172 -0.9080592 1.0370744 0.15841249 -0.0966868 0.2545187 1.8480736
1.5047644 1.2941089 1.1481795 1.5810077 0.5571062 1.4566537 0.7344938
2.8968093 0.6792497 2.6937613 1.3520604 0.072203614 1.7684005 0.782627
2.2806835 1.2258801 2.1430717 0.3634368 -0.8706029 1.1811302 -0.43368405
2.3810165 1.3146796 2.1494834 -0.02470509 -0.8673479 0.6951583 1.309817
1.047605 1.2189388 1.339566 1.2553498 0.22474806 1.0260267 2.6861997
2.1627002 0.808484 2.6775365 2.2615402 0.83745617 1.7364048 1.9519619
2.7229583 0.12449951 2.6950066 2.008538 1.1602314 2.178965 0.27958354
2.6209848 -0.8771871 2.0492067 1.4802979 1.1523907 1.0685896 -1.3960196
2.8540156 1.2407061 2.1973379 -0.595253 -1.2930127 0.15038005 1.0209472
2.280585 0.5061037 -0.067101866 -0.3086569 -0.33818325 1.160177 2.641933
1.900994 1.4078555 1.3844242 0.54843724 -1.0319729 0.6648446 0.11175966
1.5728278 -0.21713108 1.0206645 0.7540458 -1.397304 0.46723735 2.2000456
2.2286942 -0.8622392 1.408157 0.75046927 0.43048277 0.3265285 1.3576081
2.9553246 0.2794699 1.6426966 0.6101762 -0.75478977 -0.413136 1.0261575
3.1408846 -0.14625627 2.6885836 2.0924978 0.60704565 1.8285594 0.39245334
2.21258 0.79373497 2.6792111 1.726808 0.44644335 1.6271162 1.8317944
1.7574658 1.3964174 1.7015519 -0.73982286 -1.0566092 1.2401803 -1.7777907
0.75328696 -0.24233866 0.46031204 0.7974914 -1.2804788 1.046639 2.047142
3.373275 1.2736342 1.6990801 1.3055674 -2.51035 -1.1975796 0.8598633
2.3861578 1.3169733 2.0293682 -0.6100164 -1.3852955 0.5326667 1.1121501
2.5768404 -0.15261441 2.4674764 2.3233986 1.0746127 1.875747 0.15527399
2.7944658 0.24631256 2.784213 2.1985927 0.77012885 1.7558755 1.3322884
1.6165167 1.549346 0.82646775 1.0084692 -0.52004665 0.54677486 0.5910274
1.5227569 1.5619981 0.13495299 0.31050614 -2.353428 -0.14029491 -0.1620167
2.241179 1.1829734 1.4223796 0.9832089 0.89653754 1.0723349 2.6235871
2.8388302 -0.18501407 1.3141578 0.8901845 -0.5348685 -0.55259174 0.8367146
3.88527 0.4068238 1.4826362 2.064396 -1.7542609 -0.75206095 0.08740147
1.5205907 1.4128103 0.8784306 1.4532361 0.37922361 1.6939967 0.048209924
3.4270625 0.75916594 2.714517 0.6846789 -0.50071025 1.009144 -0.9438001
2.918052 -0.78095394 1.7342201 1.5578808 0.5016576 0.16571552 0.67127436
1.4541796 1.681207 -1.3439293 0.35124567 -1.4461948 0.5965646 2.9966583
3.2792864 0.447092 0.68063474 0.7135364 0.96779966 -0.7922788 2.104672
2.9844172 0.33432192 2.808405 1.2495447 0.60901576 2.3361058 -0.036875945
2.0466416 0.69410855 1.6577489 0.4638796 -0.045759045 0.7669665 2.7990232
1.2077743 1.4853175 0.7685826 1.2152282 -0.018488964 0.532718 1.2669853
2.6300902 0.7663812 1.6130364 -0.018299274 -1.0159773 -0.4035355 1.7257222
1.5743878 1.6435077 1.208951 -0.16552219 -1.8884574 0.23902285 0.8020552
1.8031765 1.6506828 -0.11750141 0.805928 -1.3371799 -0.51187634 0.024710137
1.6644143 1.2466946 0.2908639 0.85642207 -1.0289611 0.71966183 -0.30546483
1.6167315 1.0179867 2.2126079 0.7817426 0.41941664 1.7236571 -0.31402314
1.575565 1.6427348 -0.30728543 0.50169957 -1.82444 -0.37245995 -0.4681464
2.367745 0.84294444 2.6912875 2.0955725 0.60951453 1.9060882 1.1042942
