1.6979593 -0.88090247 0.008548468 0.65950006 -2.4852872 -0.2628135 2.2446704
1.9559864 0.7601795 0.7202717 0.031726353 -1.6178613 -0.57733303 -0.5161068
2.5792038 0.3663159 1.9413408 0.92705727 0.58985084 0.08315498 -1.1971542
2.4494598 0.94649595 2.2032444 1.192829 -2.7180505 1.6225969 -0.97129416
2.0074682 1.3512025 2.2173731 0.8309825 -1.6570196 -1.566731 -1.7094294
2.1197498 0.8287652 0.23963721 0.7894254 -2.1028328 -1.8875004 -0.7305858
1.8872546 1.7382894 0.95855415 0.8223941 -0.11685475 -0.033719007 0.33431906
2.5276859 0.4655289 0.8678733 0.20194826 -1.9423618 -0.57770103 -0.6837063
2.048521 0.55692416 1.98935 1.448654 -2.6806324 0.35062653 -0.2991604
1.8368976 1.7162231 2.2521152 0.3423327 -0.5318294 -0.90837115 -0.95409966
0.7858232 0.8706991 0.2575629 -0.060414262 0.027089277 -0.8630872 1.3291334
1.3684274 1.6231213 1.7170316 0.0063556284 -0.31034192 -0.8609435 -0.116113044
2.577715 -0.9087203 2.1455724 0.86366606 -2.234827 0.1975835 -0.57561576
3.9114275 -1.6989613 0.49539647 3.1152768 -0.08923551 0.026775684 0.4456518
2.4552033 1.3505118 2.8588002 0.03469094 -1.2928363 -0.41944617 -1.8974607
1.3073119 1.0848327 -1.162937 0.08563759 -1.1363403 -0.6218031 -0.10413126
2.2457542 1.4269698 0.20860544 0.88144636 -0.5884442 0.31489795 0.4773309
1.7566967 1.7866005 2.1512837 0.19958615 -0.79053587 -0.9388109 -0.8085074
0.6578282 0.24723345 -0.9647659 0.2835502 -0.32986006 -0.98542625 0.8343487
2.7941704 0.07580007 0.9555092 2.3421588 0.8105698 -0.33643657 -0.008084069
2.1547663 1.7744546 2.5419626 0.1393575 -0.4712672 -0.4459191 -1.8121554
2.0170512 0.07118086 -0.15870342 -0.26777896 -1.9017643 -0.14934677 -0.3363227
1.750292 1.0387634 0.17076169 0.5681721 -1.330048 0.14016455 -0.30323192
2.019801 -0.0427407 -0.3838052 -0.17615417 -2.2307224 0.24917084 -0.23831294
1.1959416 0.93083924 1.8911784 -0.19692889 0.3480102 -1.3963357 0.26520565
2.3182442 -0.58942 2.355415 0.50622123 -1.8416181 0.2839206 -0.8345341
2.2526734 0.74951833 1.0918632 0.05669885 -1.6955812 -0.48209208 -0.5964922
2.3781955 -0.008825833 2.5383086 0.85733926 -2.3800936 0.3180576 -0.65217924
1.5205184 1.2632246 0.66328514 1.2964457 -2.1452045 -1.8467562 -0.9579998
3.8938015 -0.053090278 1.9599128 -0.35755846 -1.2384528 -0.9070545 2.0815668
3.3994873 0.49650216 -0.12163527 2.4856215 0.88117397 0.47889167 1.4591237
1.3818439 1.5895706 1.4786701 1.1395841 -1.8103181 -0.9780287 -1.8191776
2.0997403 0.6647914 1.9919776 0.56622577 0.27347985 -0.57508796 -0.8038166
1.9493068 1.5845308 0.56259954 0.80449486 0.09058515 -0.58479476 0.89421165
1.202678 0.46777952 -0.47422823 -0.07102456 -1.5474352 -0.4278074 -0.021241885
2.327583 1.3086644 1.315394 0.86378396 -1.6063031 -0.25017875 -2.2996712
3.6444175 0.4786281 2.1134992 -0.054176427 -1.0143138 -0.038311664 -2.9474149
2.5219984 1.4811392 2.316753 -0.16451064 -0.44286135 -0.118552625 -2.826305
0.84484375 1.0894976 -1.085309 0.13534003 -1.3205298 -0.6049679 0.026569147
2.0439394 1.6981826 2.295443 1.0015428 -1.7209086 -1.1634953 -2.033764
1.6468296 0.9487758 -1.0913675 0.10176521 -2.5120025 -0.21925443 1.1480312
2.6781075 -0.45472592 2.3231606 0.31404808 -1.7921628 0.7599214 -1.338563
2.4477859 1.4610553 1.668555 0.7354791 -1.3010083 -0.5052754 -2.4238944
3.0164554 0.70375603 -0.88645744 0.7878186 -0.7456952 1.2328455 0.14192648
1.6756675 1.1217521 2.4142241 0.15444982 -0.9702367 -1.3849145 -0.27404648
2.613939 0.737819 1.7686512 -0.72333074 -0.037354194 0.42032558 -2.969842
2.2802882 1.7014436 2.657435 0.8969317 -1.6774458 -1.0310686 -2.066802
1.3267661 1.1707927 0.59145653 -0.30625483 -0.8014785 -0.35776216 0.42327473
1.2340997 1.3346794 1.3941995 -0.39193773 -0.071129166 -0.89106303 0.37908038
1.8039404 1.7784584 2.015222 0.3149464 -0.57162267 -0.14156884 -1.4798058
1.7848486 0.9225382 0.813524 1.167461 -2.1421542 -1.8976574 -0.9260609
1.8808814 -0.06221446 -0.11378162 -0.155646 -2.0513196 0.24207431 -0.06782506
2.1838799 1.4142523 0.11609213 0.57751 0.28307465 -1.1102552 1.1650934
1.4937074 0.9700236 2.33669 0.089053504 -0.84976095 -1.4178245 0.14170118
1.4453065 1.4140936 1.8760233 0.2629548 -0.03346833 -1.079163 -0.24204181
2.3647187 0.5457215 2.0610151 1.0475901 -2.3359096 0.030094203 -0.6025593
2.202789 0.9426891 -1.2091779 0.47795424 -1.4133415 -0.12735909 -0.2712235
1.6608139 0.8900196 2.3564014 1.9609882 -2.875195 0.44736582 -0.29590967
1.4056903 1.3596194 0.98482895 0.11321657 -0.8608677 -0.13219947 0.06748166
3.5154145 -0.6352477 1.9823796 1.7983644 0.17219727 0.94683594 -1.4326526
1.1687262 0.57610095 -0.14609756 0.61816317 -0.2433246 -0.95422447 0.8096192
1.9166936 0.5752253 1.4705467 0.8253774 -3.3770912 1.4232922 0.34061262
1.793373 0.68545866 1.5158867 -0.1867623 -0.8493579 -0.669113 1.7627863
2.4529197 1.0469828 1.667446 0.11292785 0.42740706 0.76300687 -1.5088948
1.698044 1.3333616 1.322805 -0.09116731 -1.3138587 -0.5454691 -0.33964878
2.5312479 -0.06759112 1.1265781 -0.22664604 -1.179556 0.3607803 -2.7658098
1.4335297 0.63964933 -0.5468615 -0.037047513 -2.4029708 0.3489328 -0.24327587
2.4174078 1.7313266 1.475845 0.7495487 0.0573403 0.4035353 -0.73560035
2.0885684 1.3019547 0.5004462 0.39807573 -0.8533796 1.0015516 -0.8953255
1.6255076 0.44965345 -0.8825494 -0.06787073 -2.8304477 0.64271885 -0.4488785
1.4065546 1.6168157 2.7504063 1.6997231 -2.5088627 0.044128474 -1.2756914
2.0143306 1.0630469 0.7005607 0.22395852 -1.583398 -1.1310296 -0.9184414
1.1042856 0.51883715 -0.3151984 0.16217393 -1.1946732 -0.5417245 0.101064704
1.2701476 1.4815326 1.5990644 -0.18430501 -0.15518887 -0.89261204 0.093755774
1.0973 0.9406155 1.6654649 -0.5850198 0.4021726 -1.3153267 0.76820374
1.4391605 0.87177783 0.32364073 -0.3329506 -1.2933761 -0.25416058 0.12148508
1.808008 1.4857805 2.6882558 1.1024933 -2.122273 -0.02862138 -1.8568498
1.4735187 1.3189538 1.7835109 -0.21884096 -0.61328065 -0.8568198 0.24328388
2.1809022 1.8325808 0.95570624 0.97298366 -0.094159685 0.21310061 0.18748663
1.3172969 1.1916305 1.1389669 -0.22297394 0.353377 -1.0347898 0.6494534
2.5208573 -0.17115349 0.6119846 0.1488654 -2.6490767 1.0403379 0.044758815
1.7763842 1.697372 1.9564384 0.19786277 -1.0101892 -0.67558163 -1.468606
2.3297076 1.1740358 0.14892785 1.4048561 0.81082505 -1.3424704 1.6954353
1.6170659 1.4377568 1.7420379 0.43491986 0.17348997 -0.7820547 -0.26580748
2.933586 0.5109938 2.5680943 0.12872991 -0.5483485 0.32416946 -2.545189
2.050595 1.7198012 2.4190202 0.26379612 -0.681403 -0.5102133 -2.058819
0.69057083 0.49578214 -0.027865551 0.28313467 -0.37666366 -0.689421 0.9843896
1.3490884 0.9030493 1.2545732 -0.56469274 -0.25665388 -0.6173071 1.3034548
2.488621 1.0716774 2.0525265 0.30301562 -1.2876579 -0.33739585 -2.801126
1.9381964 0.07504911 0.7903421 -0.19454789 -3.5697472 -0.0064889817 0.28955886
2.3048966 1.5529289 0.25504002 0.80281705 0.019532004 -0.53979075 0.9826155
1.937703 1.7867088 2.4227762 0.16105708 -0.7126622 -0.6044689 -1.564859
1.7368677 1.2464845 1.991492 -0.025557593 -1.0575578 -1.1030748 -0.07030515
2.1660764 1.0162598 0.032787174 1.345297 0.65307266 -1.3885124 1.5228083
1.6980578 1.1583042 1.9788908 -0.058095418 -1.0367743 -1.0934279 0.067031585
0.86496866 0.48412555 -0.57567704 0.4631076 -0.8503681 -0.7093993 0.3882194
2.583946 0.7868306 2.7323046 0.25856963 -1.713384 0.8392766 -1.5305033
2.3604672 1.562599 2.823947 -0.017592885 -1.1945802 -0.5926649 -2.1063352
1.4004816 1.5750538 1.3488822 0.19673121 -0.3059691 -0.22815293 0.04428621
2.0739062 0.5543334 1.9460032 1.4226595 -2.7780411 0.5111862 -0.20950003
1.662971 1.1280289 2.1861415 0.37651065 -0.08944639 -1.0533592 -0.5104966
2.4784403 1.692496 2.5009632 0.34186324 -1.1930994 -0.8758723 -2.8654306
1.88703 -0.25394285 0.035918474 -0.24964944 -2.827344 0.64323944 -0.02176432
2.4415612 -0.050611462 1.5444224 0.67922133 0.3566648 -1.2360897 0.12114867
2.1207256 0.40526813 0.6830195 -0.11037458 -1.8076055 0.10291523 -0.14602964
1.7593182 0.9760793 1.3162861 0.42197925 0.8472492 -1.6845604 0.7230614
2.409848 0.3803571 0.5251421 0.030251376 -1.9104928 -0.39939553 -0.56123984
2.7802982 1.2747811 2.450663 0.7830728 -2.0669885 0.5732296 -1.7143537
1.1773661 0.9862192 1.9166629 -0.5890648 0.025985876 -1.2650383 0.74980956
1.9396181 0.35779923 0.5543469 0.55933505 -2.943276 1.1467886 0.28352252
3.3315446 0.4533338 2.0917704 -0.03889797 -1.3961692 0.42381388 -2.2917218
1.82338 0.88268584 -0.044417262 0.80490184 -2.2411976 -1.5282552 -0.52585393
0.6146339 0.634906 -1.5646118 -0.006078638 -0.66796726 -0.6526411 0.8633437
2.4330797 0.28313515 1.4342104 -0.09977458 0.55080634 -1.6356246 1.4831172
2.4390552 0.87195235 2.9011898 0.75935453 -2.026365 0.9098328 -1.3212537
2.382076 1.380199 0.7006234 0.6740382 -0.1934417 1.0306699 -0.521329
1.5224377 1.5246215 -1.4255348 0.9815247 -2.299101 -0.969212 -0.6575285
1.7126602 1.4899906 1.3804908 0.4592172 0.33707908 -0.7183785 0.078589104
2.1879876 0.9164313 2.4013863 0.57407963 -2.3801417 -0.15242523 -0.12188298
1.0933957 0.97141296 0.96349835 -0.678788 -0.15979727 -0.5331512 1.2913941
1.8113391 0.86347955 0.6407833 0.04769426 -1.5195879 -0.5284547 -0.4337696
2.0341136 1.1660421 0.3240054 0.57335854 -1.4083246 -0.10423201 -1.1770718
0.8917687 0.56956285 -0.07500693 0.34908077 0.11513344 -1.1912165 1.2376785
2.1575649 1.2521231 1.0468948 1.2477508 0.7038699 -1.4750301 0.81398666
2.402816 0.53915495 2.5196843 0.04155656 -1.3739743 0.020039614 -1.5539355
1.809049 1.0756743 1.2381015 0.5365046 0.8449485 -1.6616735 0.78893626
3.4043362 0.7182302 2.1224692 -0.37980017 -0.84154385 -0.24145716 -3.2086136
2.0011077 1.6222036 2.0502317 0.357379 -0.9983328 -0.75686187 -2.0276124
2.8402522 -0.19740874 1.8273468 1.3913478 0.50353545 0.38834852 -1.1600248
1.6235425 0.91551316 1.8254962 -0.25163814 -1.0471859 -0.87264794 1.0344645
2.2606714 1.3404069 2.6422825 0.25399217 -1.4657776 -0.76302546 -1.477331
1.7814127 1.2281247 2.1556563 0.522004 -0.10411533 -0.9041664 -0.66395855
2.361216 0.106593676 0.9297143 -0.12840092 -2.8176107 0.43904573 0.22210313
2.564485 1.2499826 2.8269382 -0.016525008 -1.2995366 -0.18250531 -1.9868208
1.7436467 1.5988094 1.7076023 1.1183834 -1.7721258 -1.3388932 -1.7952577
2.6048195 -0.552643 1.6599646 0.66265213 -0.059582673 -0.1882419 -0.3359991
1.6282632 0.5719685 0.8226664 -0.087442316 -2.0662735 -0.08104569 0.6447499
1.1202178 1.183256 1.0391386 1.155554 -2.1079516 0.4788018 -2.0582519
3.4461384 -1.3300955 2.0294802 0.46744063 -1.4801172 1.0322949 -0.6746494
2.4065623 -1.2060848 2.386137 1.425533 -1.8044453 -0.41903347 0.31268182
1.416169 0.79170567 0.09619881 0.06785407 -1.250467 -0.37808114 -0.056144934
2.2882645 1.0430541 2.4648516 0.5108723 -1.7762105 -0.69041306 -1.0026473
2.345114 0.2159 0.3836078 -0.05311025 -1.9650787 0.036015686 -0.36898774
2.3969188 1.2408319 2.8432193 0.2500814 -1.5931902 -0.13406557 -1.4696277
1.7201098 -0.15995377 -0.22749084 -0.10632237 -2.458228 0.5694886 -0.10642127
2.1242008 1.1233342 2.7341347 0.92318565 -1.8141695 -0.5142769 -1.497932
1.3116438 1.5538969 1.5335691 -0.09226201 -0.2472455 -0.6881669 0.043810595
1.451101 0.5389637 -0.88602066 -0.16320094 -2.2503605 0.3341164 -0.2749698
1.6288092 0.054245148 -0.15201022 -0.2125563 -1.9536785 0.13482863 -0.003775875
1.2673663 1.4531505 1.4090469 -0.25499615 -0.23345883 -0.78792036 0.23969294
2.0572433 1.5458966 1.8899794 0.43552294 -1.3234783 -1.2150642 -2.0996652
2.5047371 1.7428498 0.60020065 1.1159813 0.06954519 -0.18139142 0.75600976
2.2988708 1.2647817 2.7122157 0.27110878 -1.5392493 -0.50240034 -1.4707104
2.1100137 1.4615592 2.5758164 0.9096786 -2.3218277 0.25200087 -1.718263
2.0784762 1.1418055 0.83181083 0.8691733 -1.889245 -2.0139458 -1.1715443
0.79070747 0.64157015 0.37965614 -0.27770254 0.6585 -0.9071608 2.3329384
1.6057086 1.4454567 2.267952 0.1572212 -0.6684441 -1.3466899 -0.26533276
2.182119 0.4214232 0.62580574 -0.24547651 -0.78022623 0.88077265 -2.3774512
1.3671781 0.31088653 -0.24946168 -0.19313231 -1.6522789 -0.2684527 -0.030712526
1.4989743 -0.52209264 -0.20340106 0.9739241 -0.90645367 0.041949805 2.689106
1.9434729 0.0010334307 -0.3099567 -0.0328599 -2.3278682 0.33223873 -0.20611982
2.0294383 1.3812745 0.9299526 0.39765868 -1.5414208 -1.2195041 -1.4545145
1.9870015 -0.009041661 2.2478473 0.09504955 -0.3956547 -0.7600016 -0.40953523
1.3804761 1.430882 1.9187865 -0.0804153 -0.45368966 -1.1296161 0.054796834
1.68533 1.7273638 1.576542 0.489189 -0.6351785 0.17832512 -0.9307295
3.8351643 -0.91157615 2.1635199 1.103958 -0.4348462 0.77978605 -1.8997372
1.6904685 0.39984268 0.264963 -0.25837597 -1.7745522 0.11177784 0.12014105
2.6969478 0.9967408 0.31813276 1.2673486 0.797578 -1.2431962 1.8988556
1.8955214 0.8853367 -0.06658241 0.49563566 -1.4845421 -0.558181 -0.6076613
2.2019436 1.4090272 2.605327 0.21278232 -0.50492126 -0.6330311 -1.5960721
2.2936108 0.7495499 2.0793502 1.1600035 -3.2952492 1.2471809 0.1687417
1.9135411 0.66098887 0.058878213 1.7663288 0.5828802 -1.108141 1.9019984
2.4185987 1.5639064 2.1819134 0.19628766 -0.7862036 -0.41782564 -2.6408768
1.9144814 0.9646418 1.0266101 0.05143007 -1.5578622 -0.72510403 -0.6867174
2.7525966 0.49223655 2.056473 -0.2812604 0.53132063 0.8161605 -2.644672
3.271826 0.56952405 2.4953463 -0.07860003 -1.1077534 0.37361604 -2.5899484
1.9280258 1.47111 0.98100567 0.41386166 -1.3582051 -0.39878732 -1.5077931
2.3864653 0.82288724 2.0414257 0.41205594 -2.1825364 -0.08475393 -0.29325762
1.3378134 0.28259593 -0.43270627 0.53466785 -0.22903164 -1.3249974 0.5098007
1.4518975 1.2347579 0.3300485 0.4625672 0.068921365 -1.0097015 1.1719668
4.58688 -0.8198914 1.416002 2.990912 -0.52790064 -0.011751714 1.0321027
1.0211729 0.40589666 -0.2542063 0.64378726 -0.39359662 -0.9277701 0.6871249
1.6238059 1.2436519 2.3649616 0.18566018 -0.48180673 -1.2576531 -0.41815862
2.0393045 1.3908482 1.5612631 0.93997663 -1.7170666 -0.6502654 -2.1233182
2.6650345 1.0821577 -0.0052118264 0.22597638 -1.6371689 0.68342525 -2.2165146
3.0621545 1.1139543 2.4287496 -0.39089963 -0.57400966 -0.104771554 -3.1670413
1.8637636 1.5915241 0.63431764 0.86753446 -0.78390366 0.4268989 0.22016163
1.4148077 0.9274747 0.17899577 0.16993299 -1.1324167 -0.22655195 0.038009126
1.664967 1.7484372 1.9489043 0.28331056 -0.66198206 -0.74765056 -0.6596291
0.7988061 0.32476616 -0.3142394 0.5573602 -0.5572222 -0.8065296 0.6998203
2.2452903 0.45542708 1.5210361 -0.57275426 0.43266872 -1.5659758 1.8658448
1.5424863 0.9667917 2.12284 1.7544242 -2.4483314 -0.4831068 -0.72278786
1.2034886 0.9045362 -0.048513874 0.6491426 -2.7800493 0.04351407 0.13211377
2.1236389 1.610888 2.09256 0.14951822 -0.5064059 0.033319052 -2.2080672
1.3444473 1.494595 1.4002573 -0.056521095 -0.054166995 -0.65154916 0.14941604
1.5126442 -0.35121554 -0.59136975 0.7833501 -1.7102779 -0.17148155 2.38651
2.2095132 0.858992 2.1088834 0.27849385 -2.1958928 -0.2907433 -0.13072877
2.3468366 1.4568623 2.8134055 -0.0137267485 -0.9468741 -0.481008 -1.8636085
1.8423424 1.3309402 0.81276333 0.4191433 -1.3947545 -0.47410208 -1.1661137
1.2192171 1.3328637 1.6905204 -0.24708924 -0.07491382 -1.0613437 0.16050567
1.6080667 0.9065013 1.980216 -0.06206674 -1.3598601 -1.0996779 0.45020476
1.5639865 1.5893898 1.5215467 0.25505266 -0.97562 -0.21412057 -0.61975765
2.065094 1.3890363 0.69813085 0.5154928 -1.4240836 -0.44858402 -1.4905559
1.5934476 0.89412653 2.3244114 0.08654126 -1.4932138 -1.3189435 0.19015159
2.0232632 0.033946935 0.8508611 -0.5193645 -2.9066958 -0.09427756 0.41295102
2.2671654 0.5387636 2.0395753 0.6281379 0.30317226 -0.056881968 -1.277687
2.4001908 0.77321285 2.0026352 0.5238916 -1.9838864 -0.37502295 -0.6540394
2.9242344 -1.0930506 2.3877604 0.72757196 -1.2507089 0.60294753 -1.1163987
2.5112665 0.8539508 2.8475595 0.39214435 -1.7763759 0.8339818 -1.4496033
0.5843569 0.55623287 -1.5458612 0.08939456 -0.6464068 -0.66994244 0.98877954
1.0359021 1.4814084 -1.3466436 0.18235633 -1.8810092 -0.11603421 0.2328207
1.5803412 1.427799 1.0968909 0.3165668 -1.1671633 0.011506376 -0.40462458
2.1432028 1.5914699 2.2856767 0.68402857 -1.4063538 -1.446514 -2.193407
2.315543 1.5524478 2.7907906 0.014506601 -1.148138 -0.6791977 -1.7192918
2.5801497 1.8808358 0.8274069 1.2027202 0.17626218 -0.1295678 0.57096946
1.7068503 1.3067464 2.3225505 1.4281331 -1.9868306 -1.1187104 -1.3812817
2.556339 0.20654947 1.2219577 0.30339274 -2.5111928 0.58827025 -0.052841287
2.5311427 1.1967337 0.91346383 1.7856655 0.7192649 -1.0777637 0.85819423
1.6595782 0.2627887 0.4102892 1.4909217 -3.3464134 1.5023186 -1.7241342
1.490583 0.9782004 1.4953699 -0.45021302 -0.64423543 -0.59901005 0.75358874
2.5194964 0.4703977 1.4993155 0.37388948 -2.3183172 0.26458198 -0.15571998
0.9803785 0.23494071 -0.9723413 -0.2146587 -0.12949975 -0.92049795 0.20199056
2.0111449 1.3913567 1.4193181 0.91785246 -1.8236268 -1.8415699 -1.4801389
1.944559 1.459692 1.366226 0.30132803 -1.4519979 -1.1708231 -1.5206985
1.5132707 1.7031969 1.8516088 0.060559012 -0.6049488 -0.87411445 -0.29676816
2.5707042 0.4213863 1.2226416 0.36198166 -2.025346 -0.25266618 -0.59861237
2.0356216 -0.40646273 0.91712236 0.16064897 -1.4014021 0.78731996 -2.5435765
3.404595 0.1959495 2.4265637 0.28706363 -0.9791723 0.37311393 -2.6715117
2.7414563 0.58810425 -0.7321656 -0.16860959 -1.1774387 1.2131305 -0.30476263
1.5971388 -0.13667917 -0.23940608 -0.2084412 -2.864505 0.6408661 -0.24331163
2.1728785 1.6296651 2.161034 0.45815566 -1.1162531 -1.0207777 -2.270605
2.894314 0.6718491 1.810362 -0.28466496 -1.1413918 -0.16632289 -3.006188
1.8175074 -0.12504405 2.3952298 0.28961337 -0.8771532 -1.2221113 0.18208311
2.1795135 1.5913284 2.03778 0.22273931 -0.6418889 -0.106500804 -2.2382052
1.0699815 1.0480888 0.97307813 -0.7193699 0.16612916 -0.806647 1.1121689
1.324169 0.48347482 0.5523796 0.027852617 0.68869525 -1.061053 2.7934914
1.9174031 1.3761818 0.24558479 0.5006232 0.63855857 -1.4802938 1.4573567
1.1967776 0.77398074 -0.07278568 0.46595263 0.16247813 -1.2777613 1.2267922
1.80589 0.28049082 2.4097466 0.1914854 -0.7393383 -0.9576009 -0.4517083
1.6362598 1.5901229 2.7504632 1.276765 -2.3014393 0.027881917 -1.5230917
3.2522109 0.9611905 2.5472872 -0.17480597 -0.98195344 0.055150803 -2.7687905
2.0571299 0.3966455 1.4838212 1.134676 -2.7839952 0.6281403 -0.095656075
2.2610164 0.6851501 2.1346364 0.9027363 -3.544927 1.0164254 0.2820434
2.3665016 0.6095641 2.6812735 0.4600081 -1.9270226 0.29621416 -1.0400714
1.6440133 1.6530409 1.3015645 0.5583924 -0.79788345 0.3749854 -0.63154644
2.4477532 0.8997204 0.23384836 0.7728933 -0.224104 1.2121544 -0.17166238
1.5530051 0.25386947 2.6463757 0.7468629 -1.5907544 -1.2632511 0.14543109
1.8192344 1.6028261 1.8995857 0.05499419 -1.2937894 -0.9664988 -1.0588411
1.013074 0.3378384 0.07308693 -0.14788851 -1.4278202 -0.024789039 0.6316976
0.8952162 0.9901572 0.5507145 -0.35204992 0.5126074 -1.0407479 1.6801443
1.4702866 0.29532233 -0.34520885 -0.21146813 -1.7871904 -0.26087445 -0.10770265
1.1822343 1.2106767 0.68916583 -0.37269798 -0.34333166 -0.4999326 0.7524183
2.203098 1.0013716 2.5047526 0.62432843 -1.7764792 -0.6606079 -1.1845019
1.8485669 1.5233805 0.87665284 0.5345731 -0.96970135 0.6404453 -0.8099731
2.1128578 1.5850549 2.632753 1.1710814 -1.7985445 -1.0859624 -1.762289
2.487415 0.98128706 1.4443748 1.2015505 0.6040657 0.005398211 -0.3986438
1.925026 -0.15640244 1.975433 -0.056818254 0.07564787 -0.6890697 -0.124834634
2.5235488 1.7068524 1.0346158 0.9573802 0.043026365 0.44863397 -0.26112506
1.7997738 -0.7414154 -0.2679915 2.467243 -0.457391 0.117667854 1.8765959
2.1681683 0.860859 2.1214304 0.68687034 0.21742193 -0.29766816 -1.2159766
2.2343817 1.1645715 2.272633 0.38515475 -1.6085018 -1.0336573 -0.63077146
1.7265091 0.8765163 1.7754314 -0.061688937 -1.885848 -0.68514746 0.6970779
2.0873473 -0.115489654 0.5590942 -0.42100686 -2.7923272 0.24372774 0.23393
1.9915668 0.8346291 0.3145828 0.9351342 -2.191029 -1.7446482 -0.66895115
1.5489689 0.48527277 -0.65822554 -0.00083539635 -1.8200604 -0.7454075 -0.42277387
2.9802709 0.20130152 2.3296223 0.028374098 -1.4367326 0.70947176 -2.1176288
0.6327611 1.4336518 2.2679927 1.6146357 -2.416978 -0.9172773 -1.0933892
1.8624669 0.9988925 -0.05226107 0.4949775 0.1980788 -1.3256826 1.0850264
1.8660759 -0.0556758 2.5919683 1.1152867 -2.2007074 -0.7142224 -0.18888758
2.2060714 0.5665111 2.1519532 1.3501059 -2.8693867 0.8693343 -0.19954948
1.9294202 0.14547366 0.32013363 -0.19497463 -2.0234666 0.26535946 0.103473864
1.7933477 1.8020759 1.925599 0.45385066 -0.39276394 -0.33926862 -0.9101153
2.2585151 1.1506534 -0.032828882 0.72366667 -0.68519026 0.26519758 0.44421038
2.3263724 0.40736228 1.4643703 0.96452004 -2.2738633 -0.22439712 -0.576728
2.0071 1.3044162 0.89255023 0.33696648 -1.5331777 -1.1094638 -1.234953
2.360604 1.2817235 0.50200266 0.7276044 -1.5466064 -0.51008385 -1.8442091
1.2258551 1.0728878 2.0313833 -0.15761337 0.0053983126 -1.3857204 0.14921446
3.2713673 1.3920901 1.7826753 0.63958657 -2.8876858 1.4110793 -0.63905644
2.1387982 -0.03158563 1.3570484 0.27855483 -1.6992003 0.49460083 -2.3252695
2.79047 1.0615933 2.6769302 0.007421814 -1.3458897 0.13335854 -2.0923507
1.8693583 1.1439077 1.3218985 0.03711935 -1.5222919 -0.75081986 -0.68460447
1.722026 0.19576979 0.45244268 -0.14194885 -2.094867 0.16309649 0.2224036
2.4382756 0.33500713 1.2733195 0.08985343 -2.7052312 0.56411606 0.16474073
1.644648 0.4311637 -0.42864865 0.12714812 -1.569062 -1.0921377 -0.37559518
2.8711653 -0.5518959 1.035004 1.700167 -0.8751628 -1.045727 -2.3354778
1.6843852 1.009891 1.5316501 -0.33839974 -1.0713502 -0.5744752 0.46615955
3.3471775 0.5520452 2.4697669 -0.2609078 -0.35407326 0.5002404 -3.1039276
2.2477124 1.4519448 2.796763 0.67216456 -1.5917209 -0.7129087 -1.9433801
1.8261656 1.4149982 2.4053926 0.17672712 -0.7805951 -1.1914824 -0.652918
2.5515325 0.47819996 1.5148814 0.3969201 -2.1808977 0.13343936 -0.2840833
2.2870448 0.43689877 1.5385169 1.0249003 -2.2815926 -0.23226947 -0.5852349
2.1160014 1.2719693 2.163683 0.27790204 -1.4411732 -1.1141261 -0.5860827
0.81557906 0.34639198 -0.23804858 0.45174173 0.2756013 -1.4399625 1.5646642
1.9152268 1.006336 0.5800936 0.2511451 -1.5113409 -0.80495113 -0.75377816
1.1709614 0.2321139 -0.7602773 0.7901058 -1.5124245 -0.22118074 1.3891919
2.5798247 0.49411494 1.7066602 0.13994274 0.71348155 0.800747 -1.6363916
2.2762618 1.4693913 1.9761126 -0.030083664 -0.36421093 0.15450817 -2.4028354
1.4435846 1.0131772 0.54493225 0.21535036 0.8594196 -1.725749 1.6670314
1.7367043 0.20047036 -0.33295992 -0.26400444 -1.7472993 -0.46990508 -0.31599185
2.0946324 1.0211391 2.7230356 1.4618458 -2.228802 0.10881215 -1.0354507
