1.0748289 -1.861225 -2.204414 2.584593 -1.7677926 -0.18352789 0.36532837
1.9069401 -1.5090142 -1.8993573 2.8508637 -1.587646 0.06598801 0.6050815
1.2219748 -0.7352316 -1.4050632 2.4134212 -1.5992846 0.89802766 -0.15020947
0.34574866 -1.392738 -1.7923955 2.7808986 -1.711855 0.8501719 -0.3888148
0.8477214 -0.42250293 -1.5104539 1.6492305 -1.7534019 1.0762055 -0.24805436
2.1203406 -1.3855734 -1.9945265 2.543379 -1.6047634 -0.08309453 0.7516491
0.16636534 -2.4086761 -2.3221939 2.9813037 -2.073024 0.15631825 -0.03764111
0.26774454 -0.7300751 -1.6423001 1.9563984 -1.774501 1.4875146 -0.5613304
0.8370568 -0.7891439 -1.6632847 2.1311092 -1.6527977 0.7940464 -0.24860093
1.3811173 -1.316788 -2.0222468 2.113397 -1.7246791 -0.07400858 0.3563947
0.34205556 -0.5690906 -1.5195247 2.2356427 -1.8175493 1.7101928 -0.7073242
1.1178286 -0.06295323 -1.18987 1.6077685 -1.7854716 1.3504744 -0.323857
0.8292338 -0.78845227 -1.4250628 2.5682952 -1.632066 1.1887538 -0.36992016
0.7515893 -0.79626316 -1.4094013 2.6072633 -1.6523749 1.2959667 -0.44088447
0.37094325 -1.4529635 -1.7624344 2.9086075 -1.71238 0.8800742 -0.38661098
1.4379958 -0.37767988 -0.9124118 3.0716195 -1.6602687 1.4936494 -0.27304202
0.8713445 -0.8745563 -1.3379291 2.8990638 -1.6524705 1.3018292 -0.39909124
1.478793 -0.5006583 -1.390065 1.9128191 -1.6603061 0.6340712 0.013948717
1.1740452 -1.5626347 -2.2287495 2.0486364 -1.806057 -0.19950324 0.41653126
0.44799107 -1.1838706 -1.4031051 3.6659064 -1.8935981 1.6222302 -0.6276916
0.08578443 -2.0693407 -1.9168967 3.9301112 -1.9009241 1.0035079 -0.45194995
1.6437464 0.076259196 -0.64842653 3.4832625 -1.6952525 1.774998 -0.47236472
0.3544228 -1.8260463 -1.6438216 4.098928 -1.8723084 1.1721729 -0.4310143
0.23533551 -1.7485605 -1.8374293 3.4505847 -1.8062323 0.9251352 -0.43586412
0.42269772 -1.7534028 -1.7613226 3.4576552 -1.7572197 0.8402726 -0.34262773
1.1375906 -0.6927049 -1.6229141 1.9068857 -1.659772 0.6009072 -0.10017379
0.71532595 -1.2270864 -1.4120955 3.3160381 -1.7203876 1.2225937 -0.39818743
0.98008376 -0.8933431 -1.6322799 2.2761862 -1.627909 0.72448415 -0.18999733
1.606721 -1.1958483 -1.950668 2.103245 -1.6679655 -0.045517378 0.42146072
0.9868142 -0.7513554 -1.565001 2.1984227 -1.6305583 0.8270725 -0.21756612
0.8581638 -1.991019 -1.7468754 3.6643631 -1.6861464 0.53918105 0.0003515007
1.4080951 -0.012408438 -0.826123 2.3575833 -1.7175692 1.6745657 -0.33958596
1.0907606 -1.9659033 -2.44414 2.2765825 -1.8606395 -0.41899973 0.5572346
0.5580053 -1.1541811 -1.3476373 3.6644351 -1.8677934 1.5886854 -0.58033645
0.77327263 -1.2918392 -1.3432521 3.6404922 -1.7509143 1.2549337 -0.36594057
1.4759464 0.13924223 -0.7711852 2.176717 -1.7530546 1.6989807 -0.33213022
2.399559 -0.58506477 -1.5694369 1.7368013 -1.6446782 0.18686658 0.6339481
1.0295565 -1.7188439 -1.6599071 3.384713 -1.6420636 0.549406 0.019737821
0.9878455 0.19711125 -1.2107327 1.24258 -1.9329824 1.6136173 -0.4310037
1.7983439 -1.9165361 -2.2214565 2.8513398 -1.7026304 -0.3749826 0.8283455
1.3426492 -0.18171561 -1.0419464 2.125539 -1.6635351 1.34828 -0.237035
0.76381654 -1.6649476 -1.7543333 3.1309257 -1.6987386 0.5799277 -0.1352651
1.7735308 -0.26695627 -0.8653863 2.727885 -1.6160722 1.1556839 -0.076087564
0.4385913 -1.1439966 -1.3971347 3.6805415 -1.9084104 1.6572334 -0.6415355
0.8964544 -0.36342603 -1.163363 2.4114132 -1.7453725 1.7034675 -0.5256453
0.944704 -1.6184583 -1.4570663 3.8134997 -1.6741445 0.8901058 -0.12326661
1.2861997 -0.11966926 -0.8417804 3.3343823 -1.7912571 2.0014384 -0.52401716
2.266728 -1.2944963 -2.104571 2.1516075 -1.6468753 -0.1663189 0.8649624
0.3899529 -2.0654163 -2.3721619 2.2166507 -2.0241175 -0.025083475 0.16211274
1.529173 -1.0500919 -1.3202564 3.1295328 -1.5473013 0.8172899 0.019159827
0.52720684 -0.16775337 -1.3248433 2.0990515 -1.9118091 2.0092552 -0.7471995
1.5152605 -1.7123055 -1.6764593 3.511421 -1.570936 0.4233256 0.34023547
1.5096798 0.17729717 -0.67109084 3.414219 -1.8019245 2.0963101 -0.5390222
1.2661072 -0.6100358 -1.2642939 2.5151346 -1.6008636 1.0809685 -0.18273376
-0.41994262 -2.224381 -2.2359135 2.8637912 -1.978205 0.9268717 -0.42996022
0.82799333 -0.40224862 -1.0923575 2.8273878 -1.8204296 1.9653589 -0.63248533
0.43280643 -1.4770262 -1.8849036 2.6795335 -1.7261856 0.6364482 -0.27429575
0.74532473 -0.65529084 -1.5885397 2.085216 -1.6703758 1.0144342 -0.3284654
1.1899159 -1.307209 -1.9850258 2.1313498 -1.7455972 0.024032302 0.23592462
0.542903 -0.82025266 -1.7964367 1.5803562 -1.7635841 0.99041694 -0.23926435
0.8389463 -0.6224796 -1.6209121 1.8125112 -1.710895 0.8924323 -0.21582119
0.79292697 -1.3568652 -1.4671468 3.3233223 -1.6776444 1.0124801 -0.29281485
2.1259127 -0.8012961 -1.4422022 2.3144097 -1.5525074 0.35529792 0.42536712
0.77588934 -0.26172155 -1.1161628 2.5780928 -1.854824 2.0743437 -0.6811114
0.24098317 -1.6249486 -2.0664716 2.3283837 -1.8082846 0.5510808 -0.22060807
0.8297679 -0.6555798 -1.1232128 3.2223566 -1.8095444 1.8359047 -0.5954018
0.6707049 -1.5612211 -1.4764645 3.733339 -1.7580825 1.0894874 -0.3261277
0.854624 -1.4641993 -1.6330185 3.0705016 -1.6615824 0.7166496 -0.1764672
1.1222935 -0.39775872 -1.3787723 1.9174833 -1.6674213 1.0117043 -0.22022031
-0.01675572 -1.6529151 -1.8373607 3.434699 -1.8927182 1.2470487 -0.63203317
0.87408483 -1.4961487 -1.5343264 3.3389287 -1.6709354 0.82527655 -0.19104955
1.104181 -1.9893421 -2.3819127 2.461558 -1.8133034 -0.36398453 0.520341
1.716212 0.13196766 -0.68784577 2.2654777 -1.693252 1.4861529 -0.16767092
0.6894978 -0.5469446 -1.2614841 2.6474144 -1.782911 1.8007962 -0.61818486
0.9664394 -0.3713983 -1.2968762 2.0400455 -1.6899914 1.3025346 -0.35662353
0.27792686 -0.7987756 -1.6085099 2.3526626 -1.7449635 1.5398012 -0.6516684
1.4780866 -1.1581424 -1.863951 2.1691062 -1.6710608 0.07234759 0.29255098
1.0493217 -1.3660455 -1.3489047 3.6617563 -1.6509204 0.9941505 -0.17191924
1.3227235 -1.6794484 -1.8795211 2.9246955 -1.6192263 0.20893389 0.27445573
2.6912558 0.46923727 -0.804071 0.8433708 -1.8385394 1.0547043 0.2678099
0.110762425 -1.3071185 -1.6773887 3.0536675 -1.819465 1.3932362 -0.653984
0.30212295 -1.8129872 -2.2711074 1.9480474 -1.9058851 0.29233652 -0.0051184027
0.56645125 -0.8276846 -1.5256251 2.4822338 -1.6771951 1.3056496 -0.49892077
0.6983428 -0.99071145 -1.3485081 3.0268676 -1.719535 1.4306427 -0.4888646
0.70394164 -0.5895717 -1.6211612 1.7313228 -1.7432889 1.0401834 -0.26486492
1.9014273 -0.4047507 -1.4712718 1.2979863 -1.7141687 0.27949053 0.3357376
0.8606166 -1.408967 -1.4168407 3.520157 -1.691533 1.0154595 -0.2537316
1.5729378 -1.3460454 -1.7082485 2.7747862 -1.5710866 0.3312785 0.278428
0.4675101 -0.33248836 -1.2421291 2.992988 -1.9736775 2.2201583 -0.8301974
0.45373982 -0.27202377 -1.3125317 2.4333932 -1.920202 2.1815884 -0.8232092
0.3970095 -1.3385311 -1.652448 3.042388 -1.7255012 1.0978042 -0.46200967
1.0445691 -1.8922185 -1.6431113 3.790034 -1.6474346 0.58998924 0.07766147
1.6478109 -0.24933022 -0.88889164 2.6237926 -1.6246605 1.263933 -0.12744775
-0.12307884 -1.4223843 -1.9012011 2.4490545 -1.783216 1.2544903 -0.54681605
2.1002982 -0.9446212 -1.9528332 1.7532448 -1.6646186 -0.089962415 0.67491394
0.7590653 -2.001178 -2.0986423 2.9900973 -1.7824568 0.04988558 0.11538212
1.6235837 -0.5411644 -1.0569435 2.8001206 -1.5928203 1.0697385 -0.07431321
2.2994106 0.82245576 -0.23545401 1.959233 -1.9503057 1.7885412 -0.26304471
0.28755188 -1.3429905 -1.7297798 2.8891091 -1.7302521 1.0470364 -0.47263455
1.4278483 0.28645217 -1.0457667 1.210351 -1.8544313 1.3885446 -0.26356843
0.78307873 0.100984335 -1.182249 1.891881 -1.9356997 2.036084 -0.6759629
0.23036309 -1.5892946 -1.8223346 3.1668742 -1.773251 0.9330763 -0.45186725
1.079378 -1.6635377 -1.8152287 2.9927528 -1.6574283 0.31866795 0.089010105
0.87466615 -1.6236372 -1.8635939 2.8843062 -1.7071536 0.34409422 -0.01948842
0.4507283 -1.1703563 -1.6584506 2.732909 -1.6886331 1.0654893 -0.43822116
1.0588291 -0.53256613 -1.0116985 3.5524018 -1.7947059 1.8005282 -0.5237279
1.8186392 -1.3689492 -1.8000785 2.746845 -1.5666345 0.16038364 0.4687488
1.6682644 0.34879985 -0.5198696 3.119497 -1.7921448 2.050547 -0.4896103
1.0999528 -0.49077812 -1.174472 2.5458813 -1.6377847 1.3765826 -0.3370058
0.5759433 -1.1016864 -1.3688987 3.1929653 -1.7703719 1.501886 -0.5404566
0.84177905 -1.5095841 -1.8281925 2.785673 -1.701083 0.41870922 -0.07816881
0.5188696 -1.2362561 -1.6767802 2.7443395 -1.6720419 0.9587725 -0.3807596
1.2210249 -0.43123037 -1.0942001 2.6125581 -1.6334056 1.3977503 -0.2995361
1.005338 -1.0864632 -1.381921 3.110709 -1.6353422 1.0589783 -0.2597318
1.7806776 -0.17349082 -1.160081 1.4897516 -1.6739088 0.75344425 0.087359704
0.5265276 -0.37001377 -1.4255744 1.9666212 -1.8236746 1.6339957 -0.60693234
1.0598555 -0.8722201 -1.6196467 2.250774 -1.625934 0.6832158 -0.15644963
0.74610674 -1.0969652 -1.3078644 3.3393805 -1.7538376 1.4154798 -0.4560812
1.7893019 0.072239935 -0.6947336 2.3265107 -1.6888493 1.3680581 -0.11622146
1.1810508 -0.5803056 -1.0763348 3.0288546 -1.6638423 1.5270082 -0.3694384
1.4404571 -0.01782525 -0.9443529 1.968346 -1.7051421 1.404537 -0.23041435
1.1706636 -1.373842 -1.4349304 3.3871372 -1.609861 0.8210963 -0.07715985
1.0105262 -0.62374556 -1.0773131 3.2141309 -1.7469336 1.721192 -0.49106723
1.6714982 -0.12952101 -0.86064124 2.3611104 -1.645784 1.2672533 -0.11352419
0.60765535 -1.1835489 -1.8161488 2.3908532 -1.6754117 0.6855437 -0.25887197
-0.23170866 -1.714008 -2.0027845 2.672165 -1.8276817 1.1060462 -0.51501477
1.624537 -0.51707804 -1.0030196 2.9863715 -1.6073474 1.144622 -0.11682052
1.3475277 -0.27660072 -0.87345046 2.791693 -1.6921035 1.6869142 -0.3541963
0.27368116 -1.1128339 -1.823199 2.279305 -1.7028567 1.039246 -0.42285925
0.23203923 -0.48512715 -1.511648 2.2629006 -1.8998463 1.9318584 -0.8145252
-0.19470306 -1.4935583 -1.9213048 2.4878824 -1.7958862 1.277579 -0.56096935
1.41323 -0.67714214 -1.1005527 3.088836 -1.6107807 1.2182931 -0.18951885
1.1562102 -1.2571311 -1.7709762 2.5099244 -1.6602576 0.33444947 0.050007377
1.0552644 -1.5166073 -2.240949 1.7798289 -1.8536129 -0.10487699 0.39535502
1.2088146 -1.1551111 -1.3821887 3.155123 -1.6077646 0.8967456 -0.123879716
1.885031 -1.0760965 -1.7790289 2.2447495 -1.5794588 0.096258946 0.45733798
0.86944115 -1.3040224 -1.898202 2.33649 -1.7138267 0.33075386 -0.02248666
0.2420365 -0.7814158 -1.6443205 2.137349 -1.7505275 1.4848713 -0.604983
0.86825794 -0.45273396 -1.1781391 2.558916 -1.7380122 1.7116796 -0.5401572
0.95753556 -0.9220626 -1.2506407 3.205828 -1.690698 1.3512783 -0.38219434
0.06012124 -0.74403745 -1.6685003 2.2314756 -1.8403625 1.7510345 -0.77318746
0.97714746 0.41081193 -0.99958754 1.9239398 -2.0174873 2.330505 -0.7169269
1.4756584 -1.3973229 -2.0885162 2.1401346 -1.7116654 -0.14399236 0.45369676
1.7765598 0.8054443 -0.34545088 2.6149108 -1.9900881 2.2654893 -0.5520536
0.26009673 -1.4738601 -1.6148938 3.4819758 -1.8470043 1.3663336 -0.58546036
1.208713 -1.3243734 -1.9903013 2.1603262 -1.7408003 0.011895008 0.24690051
1.586349 -1.6890974 -2.2220924 2.4435093 -1.6865507 -0.26196063 0.6159114
0.97206587 -1.6159463 -1.3749064 4.6432743 -1.7941924 1.301011 -0.12625471
1.8081646 -0.5180782 -1.1632942 2.2514734 -1.6116213 0.6979081 0.13670827
0.6364644 -0.7673592 -1.6385837 2.1972277 -1.6636101 1.0172685 -0.37175483
1.3450944 -1.3956931 -1.8444047 2.592209 -1.6414496 0.19805461 0.2161323
2.0008757 0.03313875 -0.7425978 2.0264115 -1.6847602 1.1198763 0.062217835
1.1723617 -0.2163325 -1.1143932 2.0667274 -1.6970005 1.421629 -0.32383126
1.0810521 -0.06910819 -1.2831337 1.4309747 -1.7905315 1.2184596 -0.27794886
1.4224786 -0.46020168 -1.057967 2.6983163 -1.6101619 1.2715753 -0.19499977
0.7980874 -1.2787365 -1.3098496 3.7651486 -1.7617115 1.2807974 -0.3644801
1.2684798 0.1129244 -0.8901627 2.0440838 -1.8038119 1.8049144 -0.46009764
1.3292916 -2.0481935 -1.5793155 4.406461 -1.6899321 0.76641387 0.33691883
1.0167713 0.24321139 -0.87612605 2.4052613 -1.966647 2.3798935 -0.72575414
0.89141005 -1.9303828 -1.542945 4.2828984 -1.7252746 0.9686912 -0.038045954
0.3546424 -2.246089 -2.2032204 3.133026 -1.913092 0.20197219 -0.031159092
0.7752076 -1.7315056 -1.7077316 3.353736 -1.696726 0.63091516 -0.12850082
1.4920287 -1.2825843 -1.2744156 3.8010237 -1.549754 0.9212602 0.0979157
0.43136805 -1.356813 -1.5752198 3.2686741 -1.7582535 1.2114357 -0.4882654
0.42882353 -1.1935446 -1.4448463 3.2597742 -1.8061237 1.5184852 -0.58950955
0.75347143 -0.9273458 -1.8313695 1.7152455 -1.732654 0.6698889 -0.12859273
0.6648813 -1.1205422 -1.4872421 2.973963 -1.6748213 1.158023 -0.41227716
0.98796433 -0.38925502 -1.306946 2.0615554 -1.6769545 1.257905 -0.3367805
1.147814 -1.2441947 -1.6305541 2.752549 -1.6230974 0.5794079 -0.041387144
1.7619848 -0.7287848 -1.3876804 2.2875602 -1.5960205 0.4907502 0.18705383
0.58918595 -0.7701702 -1.57299 2.280404 -1.6692829 1.1852083 -0.44805062
1.0084835 -1.4855583 -1.5714506 3.2152817 -1.6426303 0.7064001 -0.0914918
2.4061573 -0.42672378 -1.0983231 2.3700387 -1.5911564 0.5759436 0.40956336
1.0793598 0.008739767 -0.89646417 2.9628146 -1.8940014 2.2069597 -0.63587314
1.6477498 -1.3088108 -1.5739423 2.9713004 -1.530458 0.48990113 0.26115382
1.0867771 -1.3275447 -2.0389688 1.9990151 -1.789698 0.02022297 0.23518363
0.50966454 -0.84594244 -1.527226 2.527678 -1.6923317 1.3753763 -0.53962415
0.9070273 -0.82657605 -1.5145615 2.4237797 -1.617053 0.9812022 -0.27721393
1.982409 0.17032737 -0.60916173 2.268626 -1.7081275 1.3011864 -0.039039124
2.1701171 0.1896317 -0.72856224 1.6889093 -1.7242618 1.1100239 0.12045851
0.65323764 -0.84640086 -1.5685859 2.4148452 -1.649169 1.1102426 -0.40475604
1.9824209 -0.7662991 -1.2534221 2.5858936 -1.5311276 0.5873229 0.26228994
1.2824434 -2.0976212 -2.4457119 2.5878494 -1.7978395 -0.47488505 0.68353146
0.48355985 -2.792842 -2.3252935 3.75687 -1.9413146 0.22954112 0.10233172
1.5237381 -0.8274119 -1.6939934 1.8972304 -1.6868843 0.18411702 0.23609634
2.0516603 0.5141507 -0.32017386 3.2492437 -1.7561771 1.8894097 -0.45892042
0.49259734 -1.1272475 -1.7799026 2.418246 -1.6734369 0.84651667 -0.34802002
1.0145977 -1.8924755 -1.6978756 3.6316278 -1.6494594 0.51002985 0.07509513
1.7398138 -0.31519228 -0.903072 2.7395947 -1.6111207 1.1489542 -0.07863191
0.12171705 -1.4997365 -1.8125304 3.0776172 -1.7864437 1.0612069 -0.5293604
1.5225134 0.4927026 -0.6349264 3.6686194 -1.9194053 2.3506474 -0.6553152
1.6844187 -0.41842777 -0.8873854 3.6984322 -1.5506293 1.3035753 -0.22657405
0.8305859 -1.9224364 -1.8392664 3.3609607 -1.6980788 0.4206856 0.0029883282
0.9529266 -2.0639708 -1.6977347 3.90911 -1.6719795 0.5860781 0.08387353
0.30325496 -0.3401818 -1.3766311 2.6351404 -1.9713678 2.2476993 -0.8720734
1.7306764 -0.470114 -1.1290013 2.2667868 -1.6136347 0.8198727 0.06637558
2.02139 -0.044905607 -0.7239187 2.3569434 -1.6726935 1.0700238 0.0650951
0.5902533 -1.4092519 -1.9106247 2.5017478 -1.7132323 0.5129244 -0.18584271
0.79508376 -0.53396297 -1.3903123 2.1699638 -1.678454 1.3136628 -0.42043248
2.5429633 -1.4053763 -1.6715122 3.2597353 -1.5897915 0.08567376 1.0484964
0.45493144 -0.7568135 -1.4680978 2.5842874 -1.7535746 1.5953656 -0.6376912
1.0695516 -0.79576916 -1.692906 1.9397079 -1.6693553 0.55775136 -0.09360981
1.6995738 -1.1243498 -1.228197 3.7741134 -1.5182474 0.900037 0.15313381
1.2280006 0.1380443 -1.106625 1.3953304 -1.8386444 1.414904 -0.31974718
1.7373054 -0.29639047 -1.3174058 1.3942401 -1.6994208 0.545596 0.1545159
0.8338041 -1.2567942 -1.2839711 3.8598187 -1.7603555 1.2831084 -0.35738894
1.710134 -0.2296567 -1.2296016 1.4714211 -1.6829103 0.69535935 0.081342615
0.6940974 0.35949725 -1.14187 1.9495533 -2.1325235 2.5419774 -0.8498983
0.5143617 -2.084734 -1.9590977 3.4420397 -1.7749925 0.46019357 -0.14095731
0.4481315 -0.89051306 -1.537191 2.5888116 -1.7092458 1.4184033 -0.56953174
1.3897529 -0.5049455 -1.46145 1.732708 -1.6868407 0.584801 0.00252599
0.075337395 -1.623915 -2.1379905 1.935476 -1.8063022 0.74045056 -0.24390315
0.89573604 -1.6077162 -1.9705192 2.6483936 -1.7398974 0.15097731 0.07075122
1.0798867 -0.34938085 -1.446174 1.5953867 -1.7255764 0.9454729 -0.17558633
1.4357119 -0.2226733 -1.0569993 2.1128395 -1.648207 1.2236395 -0.1694448
0.53589547 -2.4951901 -2.3151717 3.2800252 -1.9087096 -0.004793339 0.15354486
0.85588694 -0.6758747 -1.4455365 2.337489 -1.6350257 1.1318084 -0.33832866
0.9357885 -1.791899 -2.1806526 2.5091746 -1.8143626 -0.13422585 0.27257422
1.1919296 -0.30195385 -1.168889 2.112282 -1.6578728 1.270568 -0.2648423
0.22122239 -0.77112496 -1.5323973 2.5441768 -1.828061 1.7577208 -0.7656209
0.7747122 -0.10107732 -1.1699594 2.1717427 -1.869811 1.9951751 -0.6614112
0.77148837 -1.2660679 -1.9626428 2.0589497 -1.7543575 0.3451575 -0.020884741
1.5752511 -1.7670902 -2.372346 2.233456 -1.7628633 -0.40444058 0.75788546
1.2550551 -1.470039 -1.807766 2.7512453 -1.6322532 0.27894777 0.15505034
0.6982524 -2.4302607 -2.0695002 3.7199774 -1.759665 0.2778768 0.08810298
1.8366373 -1.1624873 -1.2513381 3.9513612 -1.5252842 0.8236527 0.29205668
1.5150512 -0.49471474 -1.402197 1.836372 -1.6712282 0.56557655 0.057634417
0.4598679 -2.2281487 -2.343509 2.6733687 -2.0221727 -0.094924025 0.15862851
-0.066439636 -1.5782816 -1.8155142 3.3632636 -1.8982863 1.3626841 -0.6853902
0.9653221 -2.1580267 -1.7339298 3.9976313 -1.682444 0.5672551 0.13740194
1.5281439 -0.624114 -1.0100338 3.4841368 -1.5840708 1.2232108 -0.21243814
2.0245144 -1.60349 -2.0949101 2.6970913 -1.6351644 -0.19179565 0.804208
0.7793698 -0.8262663 -1.2063566 3.1245499 -1.7643796 1.6678147 -0.539179
1.4569128 -1.7127712 -2.437198 1.8637981 -1.8437814 -0.43413216 0.75851864
1.025788 -1.5654646 -1.8717314 2.7659888 -1.6856388 0.24441212 0.07313301
1.0475069 -1.0306957 -1.2706827 3.2712517 -1.6570642 1.1886262 -0.28854457
1.353838 -0.32653344 -1.1502073 2.1492891 -1.6353034 1.1533216 -0.17515548
1.0424511 0.061628457 -0.9209461 2.4178743 -1.8820683 2.1470845 -0.64249223
0.1018371 -1.9442054 -2.224378 2.388367 -1.9103756 0.40517324 -0.16936316
1.5605245 -2.0846798 -2.1716106 3.109312 -1.690854 -0.2948901 0.6876482
0.88213855 -2.3154223 -2.6375966 2.2913108 -2.0073333 -0.5464887 0.641259
0.86633587 -1.7497144 -1.9983376 2.8063786 -1.7449669 0.12140555 0.08504573
1.4754698 0.16418833 -0.6632377 2.7448993 -1.801688 2.0026615 -0.43425038
1.6135831 -0.44102573 -1.0353684 2.636586 -1.59925 1.111801 -0.086293146
1.4582279 -2.0364954 -1.8683827 3.6343446 -1.6317683 0.20216066 0.5010029
1.9595114 -0.24541211 -1.3908027 0.9306997 -1.7793254 0.40002364 0.36457157
1.5703335 -0.3792497 -0.9458811 2.8176029 -1.6240379 1.2988778 -0.16186444
1.210909 0.6814345 -0.73013204 2.496421 -2.101332 2.6471233 -0.75541
0.0296074 -0.99595445 -1.6043142 2.7191272 -1.8585876 1.7463344 -0.8075052
1.4138651 -0.20007217 -1.0547268 2.079149 -1.6550328 1.2509897 -0.18378787
0.889774 -0.5561681 -1.4964364 2.0682461 -1.6619309 1.0343736 -0.29904422
1.4148734 -0.7339399 -1.2924405 2.6306422 -1.5918057 0.9057972 -0.08236259
0.8507107 -0.63227415 -1.4777008 2.232427 -1.6443872 1.0919429 -0.3356626
-0.22937794 -1.4856962 -1.8722554 2.8753397 -1.8246034 1.3930055 -0.71025354
1.2412927 -0.40049207 -1.1218979 2.4651883 -1.6342658 1.3182768 -0.2659276
-0.18891276 -1.6818544 -1.9136449 3.4358141 -1.9235916 1.3952427 -0.7262165
1.1393604 -0.26678044 -1.3951815 1.4766448 -1.7405655 0.9739711 -0.16027899
1.0485549 -0.32366693 -1.093201 2.396783 -1.7112296 1.6044434 -0.44799438
1.2595513 -1.799113 -2.0735593 2.764469 -1.6800109 -0.036400728 0.36552095
0.5085241 -1.3608484 -1.5948781 3.2041755 -1.7164439 1.0804973 -0.4232944
1.7273247 -0.4474633 -0.9668218 3.1158676 -1.5793864 1.1074309 -0.12018256
1.710795 -0.5150241 -1.4673419 1.6466982 -1.6849943 0.34769946 0.2246027
1.1404431 -0.47422713 -1.1220593 2.6245644 -1.640626 1.4328423 -0.34297317
0.67838466 0.37242228 -1.2086321 1.6414814 -2.1439261 2.381575 -0.81337255
0.71473676 -1.2211714 -1.9895179 1.8297849 -1.7653584 0.41563022 -0.036130924
0.5629199 -0.49313834 -1.3133177 2.5130043 -1.8125345 1.8652768 -0.67935866
1.0421501 -1.1147388 -1.4071255 3.086818 -1.6273254 0.98995477 -0.22439007
1.3273231 -0.036413673 -1.0211627 1.8327234 -1.7326881 1.4157681 -0.27678716
0.3458742 -1.2949675 -1.5283805 3.2692497 -1.807145 1.4187949 -0.58149177
0.8469225 -0.87881124 -1.543827 2.4592154 -1.621492 0.9802551 -0.29841197
0.117822096 -0.7167297 -1.6671811 1.9467404 -1.8368454 1.7329255 -0.6504856
1.1981244 -1.3379612 -2.1032097 1.8900042 -1.7902354 -0.07379233 0.34569097
0.8745819 -0.5186811 -1.4019867 2.1549318 -1.6614735 1.2099289 -0.36116546
1.7136185 -0.1688413 -0.809129 2.6915586 -1.6381391 1.3021557 -0.13043393
1.4427979 -0.84315634 -1.8321451 1.4640176 -1.7679626 0.16139019 0.31354862
0.77192205 -1.3697783 -1.3930117 3.5953968 -1.7293675 1.1483358 -0.32997048
0.9739347 -2.4618936 -1.8758655 4.3796396 -1.728197 0.6682282 0.21543902
1.6270711 -0.4559042 -1.1565628 2.2465608 -1.6167002 0.88680273 -0.0026661074
-0.15283464 -0.8089433 -1.6972185 2.4871576 -1.9287764 1.9859446 -0.94005936
0.9516203 -1.0892721 -1.5048776 2.8335025 -1.6177499 0.92689824 -0.23003446
0.8104442 -1.0786839 -1.5426832 2.745962 -1.6276351 0.9696706 -0.299985
0.7508361 -1.6696206 -2.1127176 2.382002 -1.8388015 0.050822444 0.11927774
1.5604674 -0.7418714 -1.3637 2.4357002 -1.5989984 0.6778384 0.0491085
0.3502391 -1.8873073 -2.0475826 2.9314091 -1.8219906 0.39120287 -0.176461
1.8153975 -0.5510552 -1.1243192 2.3900576 -1.5997206 0.75016505 0.12679751
1.9069867 -0.24249321 -0.9173752 2.1983888 -1.6391327 0.93805474 0.10172589
1.7756736 -0.19156677 -0.93572074 2.1223376 -1.6368252 1.0422066 0.0069878446
1.4104906 -1.301237 -1.3671272 3.5207555 -1.5609797 0.8238892 0.038435526
1.7199137 -0.34161547 -0.88394976 3.3456728 -1.5797675 1.2445248 -0.21304755
1.5020399 -0.208238 -0.89551806 2.5872686 -1.6452117 1.4385837 -0.21157992
0.6456103 -1.6910834 -1.5635005 3.7000763 -1.7391585 0.95132846 -0.2829725
0.80563676 -1.2941557 -1.4345216 3.3178809 -1.684178 1.0728315 -0.31312686
2.5090506 -0.99221265 -1.538396 2.866745 -1.5133482 0.29576105 0.7495516
0.4539445 -2.415513 -2.220872 3.3793688 -1.8818412 0.15596157 0.03211007
1.4500155 -0.36078522 -0.85315996 4.2729955 -1.7491274 1.6899773 -0.37722784
0.20192756 -1.2980777 -1.7359713 2.8132453 -1.7431266 1.1468092 -0.5300278
0.68373793 -2.2315855 -2.2134652 3.1104896 -1.8218688 -0.021276288 0.16352455
0.59983605 -0.6754706 -1.4946429 2.2367194 -1.6909297 1.3303825 -0.48773706
0.5547704 -1.7347807 -1.6868385 3.524048 -1.736073 0.83641946 -0.28906363
0.8050955 -1.5542471 -1.904159 2.7130802 -1.7281207 0.30225712 -0.047765512
