1.8293612 0.9932228 0.65183926 2.0561426 0.056970038 -0.22724009 1.1170895
1.9110631 0.60549575 0.89457107 2.1827192 -0.75216514 -0.31144702 1.5809171
1.8582164 0.06250448 2.1299148 -0.09631286 -1.58901 0.74008125 -0.6685902
3.2373652 -1.5450175 2.6165013 0.43375567 -1.4441605 -1.3466455 2.2931845
1.9052166 1.5443544 0.716269 1.0821022 -0.21534021 -0.42582816 0.7348837
2.0243688 1.5891299 1.5631368 0.5577904 -1.0163478 0.2004224 1.267899
1.8468562 0.2724585 2.0751898 -0.19961187 -1.2008251 0.4312653 -0.6773962
1.5774333 1.6552312 1.1781286 0.36463 -2.567875 1.4206328 -0.40364584
2.9699 -1.1430871 2.643271 0.14833686 -2.0273426 -1.1670482 2.6361315
1.9961642 1.0028238 2.0365727 0.578079 -1.6254779 0.26782054 1.9474412
2.2530694 0.00793392 2.2548535 0.80779135 -0.9805084 -0.7386705 2.3811772
1.7261921 1.0312774 0.071133345 0.18329898 0.25828353 0.20002061 -0.04737709
1.7129964 0.54087573 0.38262865 1.4178354 -1.5078989 -0.014041009 1.6203338
1.8515933 1.7572553 0.14534685 -0.04904387 -0.69059783 0.55966336 -1.334491
1.6043805 1.1098487 2.0734563 -0.101209946 -2.7415664 0.45469993 1.4087669
2.8130836 -2.0297291 1.670093 2.2472904 -1.3153783 -0.9540135 2.4905875
1.8122243 1.0401945 0.19010791 1.5837272 -0.18810757 -0.6130101 0.5545112
2.570314 -1.6237819 2.620924 0.95804226 -1.5360943 -1.4306157 3.2071695
2.8967655 -0.41911834 2.0047522 3.2685697e-05 -0.5357457 -0.52407724 -0.17519091
1.599913 0.32789013 0.21707734 1.2831568 -1.6916131 -0.06303865 1.5563914
1.4737753 1.4653201 1.6568549 -0.065155365 -2.8955636 0.9434522 1.152961
2.6317766 -0.09745269 1.9887712 0.55914485 -3.8792236 0.22094423 0.4751214
1.8594073 1.4988325 0.7198286 0.83155113 -0.121364914 -0.40139955 0.80832195
2.1277974 0.37584126 1.394032 0.8095074 -1.8878654 -0.3010921 2.384929
1.3856398 0.99394816 1.064587 1.5131158 -3.216124 1.1752329 -0.24311998
2.1934438 -0.44797695 1.7471098 1.6141099 -0.6195796 -0.7890449 2.1265566
1.4126631 0.98056144 2.6191132 -0.28502104 -2.763999 0.3902387 0.73217547
1.9591843 0.4281761 2.1311173 -0.20210037 -2.2370844 0.8732315 -0.43682846
1.378358 0.99506754 1.4949594 -0.3274506 -1.1354412 -0.27525645 0.1264533
1.8116544 1.0729182 1.4449754 -0.08575199 -0.97037035 -0.3119769 0.80068684
1.0818427 1.1370493 1.8577101 0.6417756 -4.037614 1.0226707 0.28945488
1.9127196 1.2495844 1.6594718 0.096108936 -1.0647742 -0.13307548 1.1706401
1.9312874 0.7902749 0.149587 2.3635182 -2.4099746 0.15877813 0.66329825
1.7246189 0.88555545 -0.2976078 -0.43404564 -1.938819 1.0510085 -1.5328628
1.6120402 1.7246344 1.2204983 -0.02504728 -1.905672 1.1300491 0.10869845
1.5646719 1.6779162 1.5461309 -0.03194449 -2.3127124 1.2315292 0.22835942
1.1989797 1.2855964 1.4976623 0.6502621 -3.3854427 1.0535095 0.3085612
1.495016 0.80952424 2.5256488 -0.12556657 -2.5743349 0.356952 1.1285248
1.8205675 0.19286412 2.3216965 -0.0382962 -2.1045957 0.065935194 0.2501177
2.0442028 0.89357716 1.7033362 1.4748566 -0.93250877 -0.10526031 2.2096817
1.2547727 1.473295 2.053987 -0.31780776 -3.2173097 1.0165123 0.149301
2.9334474 0.3182451 1.2411758 -0.61726475 0.34715775 0.39413643 -1.2705818
1.4376824 1.5680876 1.0637796 -0.1049243 -1.4976394 0.76701057 -0.14652501
1.9832228 1.7047448 0.8308102 0.41396418 -0.42498717 -0.46833277 0.89622605
2.2092495 0.8136651 1.8704543 -0.1461024 -3.1840026 -0.2263307 2.0935833
2.5023773 -0.57216614 -0.19209781 2.0256367 -1.8495053 0.090057194 -0.26099625
2.1539218 0.07186111 0.92239225 2.7511284 -0.22096045 -0.47325325 1.8393856
2.0963652 1.542284 1.0796367 0.57216436 -1.6979585 0.5116981 1.3796415
2.326949 -0.52322894 2.380866 0.0019959435 -1.4267594 -1.1306742 1.5829841
2.088278 1.7874008 0.93004906 -1.003469 -0.069974385 0.3324893 -1.5540373
2.489271 -0.06985264 2.192738 -0.15050867 -2.981764 -0.65541905 2.5040731
1.7660228 0.37835318 -0.3657885 0.660699 -0.06327518 -0.52175254 0.050038446
1.9870373 1.5347912 0.5050616 0.95062345 -0.34537634 -0.462344 0.6008164
2.1162145 1.790308 -0.54650795 -0.024630286 0.50258774 -0.5758047 -0.19135915
1.3959421 1.6222577 1.774466 -0.22937986 -2.394302 1.1079125 0.07196619
2.1682813 -0.5148743 1.5158458 -0.10762272 -0.47050104 -0.880143 0.301047
1.9406191 1.0259407 -0.11919072 0.71548456 0.25338212 0.3063274 1.6417662
1.7248238 1.5732241 1.577887 0.23587546 -2.236268 1.0505261 1.0665728
1.7737254 0.896267 0.007644862 0.63755584 -0.3207172 -0.28358632 0.037979353
1.534726 1.1533973 2.1109486 -0.1765714 -1.7579228 0.24009913 0.81407607
1.8927964 1.3481791 0.38076374 1.7793515 -0.64788634 -0.42475712 0.96794
2.9873405 -1.1307981 2.6690555 0.056000195 -1.9532809 -1.086334 2.3778598
1.0945326 0.8150403 1.732243 1.4927952 -4.0034404 0.9152723 -0.39030328
2.047082 1.0507267 1.6009386 0.77880496 -1.5841773 0.16666645 2.3148878
1.8240579 1.5033444 1.0441679 1.2399751 -1.3550242 0.24632764 1.7357024
1.7764535 0.5520298 1.2480083 -0.66147494 -0.47701582 -0.031191591 -0.38476047
2.246393 -0.3857079 2.6040876 0.43180266 -1.6579584 -0.7322181 2.8695683
2.185165 -0.3790645 2.050234 0.9255183 -0.9034634 -1.0470976 2.1045353
1.2264898 1.0888028 1.9301659 0.4865158 -4.2343154 0.8754683 0.65461314
1.7503238 1.4330395 0.42908797 -0.13846013 0.06483141 0.12919873 -0.33346382
1.4339818 1.0680337 1.0626446 1.5466012 -3.2373974 1.5099522 -1.0010618
1.956445 1.3261411 1.4650844 -0.6504985 -0.47996745 0.6298209 -1.6120642
2.0398905 1.6399403 -0.15268555 0.22730008 -0.7472308 0.058071848 -1.8402785
1.9595932 -0.49843508 -0.06417522 2.7455373 -3.042399 0.40740067 -0.3888143
1.906818 1.5018213 0.9780929 1.5366175 -0.42941388 -0.36662596 1.048844
1.7933246 1.4873388 1.0344186 1.131394 -1.4443009 0.31040877 1.773913
2.2412236 0.2406987 0.41711697 -0.13788459 -2.9787416 -0.7415692 1.6890893
2.4531405 1.4629341 -0.13360277 -0.09861467 0.9226367 -0.35761535 1.8693904
1.6506882 1.2950788 0.513433 1.4834872 0.0007399712 -0.29807562 0.720314
1.6965972 0.7893223 0.91255474 -0.16152105 -0.25019678 -0.08629185 0.016156513
2.0074313 0.3221183 0.7065288 2.593004 -0.030450424 -0.41311848 1.6379467
2.0787103 -0.2575099 -0.26978973 1.2881476 -0.5978578 -0.948371 -0.17433292
1.906893 1.2598382 1.1983153 -1.0234653 -0.38501713 0.25651258 -0.88177276
1.622662 1.167606 2.4349494 -0.54998004 -2.953499 0.71795994 0.110639
1.8237088 -0.079206474 -0.7415726 2.4783392 -1.0204302 -0.011840644 0.636984
1.6846112 0.78130656 1.3065 -0.6271588 -0.60319895 -0.057577793 -0.30749914
2.0961063 0.60062975 0.08126041 1.627304 -2.3034048 1.0157825 -0.7212855
1.903025 1.707274 -0.6210706 0.19103983 -0.28870592 -0.18139613 -1.2718706
2.0536244 1.5386724 1.3210706 1.8006512 -0.2838951 -0.21965426 1.4634751
1.2922158 0.5665962 0.0026360452 1.8460732 0.060455002 0.7093312 1.3714918
1.3800763 0.85976845 0.28806755 2.0577307 0.27984205 0.66553146 1.0358417
4.022962 -1.2008698 2.1591628 -0.11044619 -1.2204244 0.046483453 0.98990667
2.0484407 -0.1264432 -0.015509546 3.0917435 -4.3757863 -1.0392425 -0.5599604
1.321877 1.5406598 1.9711733 -0.31806216 -3.0255888 1.0811613 0.058496553
2.0541804 0.5985058 2.252524 -0.04161931 -3.0340836 -0.12932533 1.8652414
1.8603107 0.8058718 -0.042854697 0.406364 -0.62579685 -0.17791224 -0.33237487
2.1802545 1.5815504 0.9725951 0.8995928 -1.3446596 0.213781 1.2796232
2.5431628 -1.135087 2.4312074 0.28884634 -1.3067739 -1.3727621 1.8458062
2.0134783 0.23424917 0.7277113 1.8400744 -0.13747604 -0.49391085 1.166674
1.7401183 0.28106636 1.5029976 -0.4793894 -0.7131613 -0.36238307 -0.15230618
1.617961 1.5658922 1.7057526 0.10098257 -2.2096786 1.1008449 0.7953396
2.2728183 0.8119343 1.7446942 0.27317432 -2.247 -0.17488009 2.3452733
2.0744164 -0.47988743 1.7101711 -0.050143577 -0.7935843 -1.0525436 0.7210965
1.147926 1.0217142 1.9503546 0.94290876 -4.3411555 0.86341506 0.34927765
2.2460086 0.4778257 -0.009270459 0.90298045 -1.3941537 0.04031902 -0.35787454
1.8557554 0.16001886 2.2632446 0.101865314 -2.149493 0.31987613 0.027761359
2.7353482 0.57038087 1.2615552 -0.689831 0.112179674 0.4627605 -1.3755902
1.8521672 -0.617703 0.26178047 1.7482481 0.36993185 -0.8436437 0.64713717
1.6533315 -0.69939834 -0.07450947 2.6984327 -3.3476298 0.59487325 -0.8585341
1.7573696 0.49347043 0.094689935 1.2927953 0.19651239 -0.30134144 0.49686804
1.6981009 1.4675195 1.0199392 0.34312192 -2.3833306 0.68224156 1.424503
2.1469932 0.25287443 2.482185 0.071076 -3.0985804 -0.3138929 1.7840289
2.5083363 -0.00020032586 2.266376 0.031944536 -3.0874567 0.54714566 0.04115214
2.1270437 0.025610035 -0.43803564 2.661849 -1.5545005 -0.07487661 0.29873112
1.7061697 1.0550885 0.48114392 1.4020785 0.04665009 -0.1377039 0.7136228
2.0096595 0.79399425 1.5162294 1.9954461 -0.55949193 -0.36267322 1.94802
2.2789495 0.6673302 0.08839604 1.4346547 -1.0115119 -0.2947039 0.100383446
1.3792542 1.2178984 1.6116288 -0.50010204 -1.8573059 0.82977384 -0.51970536
1.2845302 1.0257833 1.7723974 -0.513006 -1.4433644 0.19554049 -0.34699985
2.1942134 1.6685952 1.0285468 0.53776175 -1.5192665 0.4824006 0.90336585
2.029185 0.6324467 1.5790362 1.4871203 -1.0812143 -0.18587255 2.2572908
2.097135 0.12180776 0.9043485 1.478549 -0.32383093 -0.6229339 1.2301071
1.6260265 0.39969355 0.15221068 2.6405034 -3.0759692 -0.59616643 0.5572418
2.3480475 -0.15701133 2.4138267 0.12709573 -2.8090816 0.3293255 0.31391826
2.1760592 -0.14042974 1.9499519 1.3936988 -0.67357403 -0.787482 2.300514
1.8978459 1.4561672 1.9641223 0.17595705 -1.5671227 0.45045847 1.4145591
1.439597 1.0882313 0.62602544 2.0378935 0.19024651 0.11849791 0.96147656
2.2187948 -0.71457654 -0.33386877 2.0398004 -2.5222712 0.69293493 -0.6983491
2.9589605 -0.07097208 0.11523947 -1.072129 -3.760445 -0.8064913 2.4678016
1.950901 1.4866657 1.2471782 1.3259536 -0.6358529 -0.19239646 1.1888201
3.5366895 -0.75665027 1.9704251 0.19606021 -0.3763171 -0.9951741 0.48704997
1.3655818 1.507231 0.9041109 -0.2125195 -1.4250149 0.83342135 -0.34055486
2.1782138 0.0028707439 2.5515258 -0.25684676 -1.867152 -0.56723136 1.3767307
2.0095503 1.4961302 0.9670222 1.1510683 -1.3075728 0.22033125 1.3830036
1.0298147 0.15975298 -0.5643046 0.18131307 -2.0331078 0.55624473 1.7247342
1.5830812 1.3944441 1.9887153 -0.16888657 -1.7027678 0.3942415 0.7840047
1.3741109 -0.5680931 0.17585102 2.8928957 -3.8741722 0.20585614 -1.0703244
1.7069854 1.3516455 0.5899941 1.7346584 -1.113087 0.049148437 1.3871199
1.4750063 0.7358002 2.5667863 -0.18236056 -2.8466392 0.22110373 1.0663337
1.9216293 1.3803272 1.1830795 0.7501352 -0.44380865 -0.31428647 1.1946197
1.8608717 -0.5576448 0.47031578 0.88262665 0.6064339 -0.28106982 -0.1743065
2.034623 1.7901325 0.8451929 0.3534238 -0.7600475 -0.11961895 0.7017287
1.8557597 0.42991683 0.5516491 2.4385111 0.057793774 -0.40659565 1.4892447
2.0984135 0.9183782 0.09060046 0.764552 -1.2942213 0.40065473 -0.37356856
1.546227 0.8347823 0.6332098 1.8768495 -3.104721 -0.11986524 0.6787542
2.201098 -0.2648829 0.40157458 1.6992484 -0.5567849 -0.539577 1.5469648
2.464105 1.7591746 1.2144676 -0.64330053 -0.051083647 0.2264216 -2.0685074
1.1781913 1.2596772 1.8711516 0.14038005 -3.8842678 1.0624602 0.61632705
1.7431234 1.0374894 0.558105 1.620597 0.27073732 0.02596378 1.5401577
2.1569517 0.4138894 -0.12849835 2.0307083 -0.9066151 -0.6107345 0.28176227
2.0224948 1.7382745 1.082704 0.26801208 -0.7465144 -0.23171991 0.9147087
1.6239909 0.84347516 0.57748187 1.9362401 -2.7933064 0.24066383 0.62969124
2.5870018 -0.14021474 2.108182 -0.08899579 -2.4247909 0.84110314 -0.6388128
2.367522 -1.4533169 1.1641778 1.3801336 -0.60406786 -1.316564 1.056716
2.2376568 -1.211816 2.434039 1.2789513 -1.5350024 -1.2813578 3.0961027
2.0766652 1.5349476 1.0209215 1.2238225 -0.81343395 -0.17245758 1.1018541
1.4456373 0.6647505 -0.44478586 2.243881 -2.0384624 -0.17945755 1.1211922
1.3252612 1.2181256 1.8441235 0.4858493 -3.7338557 0.97138995 -0.37079224
1.4091519 1.5511508 2.019885 -0.25131664 -2.5546823 1.0471761 0.35889837
1.4444897 0.92259306 2.6067598 -0.29531595 -2.3665407 0.40079468 0.88086796
2.2892501 -0.123252206 -0.11803964 1.1416762 -1.1574172 -0.40334296 -0.32547915
2.7164378 -0.26186925 1.9853194 -0.26562387 -2.9745975 -0.85948676 2.6348886
2.0550323 0.6557854 1.8773721 -0.11161769 -3.6105773 -0.11923021 1.9790616
2.1650805 0.0100466665 2.663907 0.10650542 -1.6952206 -0.41204137 2.248653
2.2634556 -0.10564362 0.8665832 2.8159492 -0.22866304 -0.51318675 1.7298319
1.5474603 1.1764705 1.1687621 1.5841529 -3.3306038 1.1177025 -1.506296
1.3474587 0.4613173 -0.35256007 1.7373451 -0.7436345 0.11666483 1.4912606
1.5330966 1.4994216 1.2900391 0.29229906 -2.6929395 1.1267534 0.8908273
2.4544528 -0.19164163 2.083664 -0.11884866 -2.272037 0.8414294 -0.56018126
2.1779943 1.6464825 0.64184415 0.94537157 -0.65995437 -0.33055186 0.5931654
2.3190582 -0.7411831 2.651061 0.24808702 -1.5400251 -1.0663055 2.2977948
2.0316906 0.5789158 0.004087895 0.8531188 -0.74607736 -0.37577337 -0.21998085
2.5133479 0.9462511 1.4822592 -0.0049127117 0.7538181 -0.59620935 -2.5482888
1.8094516 0.45049304 1.5961113 -0.11976031 -0.96147853 -0.67993337 0.6800677
1.5552399 0.6243438 0.10227856 2.2309117 -2.4607105 -0.3409751 1.0203388
2.8639607 -1.0392507 0.56912243 2.184305 -0.97020084 -0.45658785 1.6343327
1.8575951 1.2472565 2.2406883 -0.62548506 -2.8867216 1.067622 -0.23843859
2.651911 0.32098216 0.83675396 -0.5847873 -3.276218 -1.0797263 1.9953467
1.4173664 1.4468081 1.5623696 -0.20614704 -1.6569192 0.5098683 0.18380232
1.5509467 1.2921915 1.9807098 -0.27414998 -3.6071758 1.166425 -0.32497332
2.0011961 1.5042912 0.6830982 1.1069167 -1.962182 0.7662642 0.7909002
1.8377912 1.3303707 1.1480713 1.0574363 -1.459555 0.21800679 2.0230489
1.976868 1.117224 0.22246489 1.5239685 -0.43743 -0.7192815 0.48996383
1.5974131 1.6776836 1.1292758 -0.06526361 -1.6218911 0.891835 0.0948148
1.9223844 0.21860832 2.287912 -0.15149304 -1.7887539 -0.26034898 0.5007874
1.4392955 1.3623052 1.1751242 1.1566633 -3.006069 1.4686195 -0.3920658
1.6593539 0.9283795 0.7906555 1.8534288 -2.9177542 1.4178962 -0.5921112
2.2801783 0.32012314 2.3658028 -0.030183591 -2.798053 -0.36331934 2.1545904
2.0136573 1.0234452 -0.17508724 2.129401 -2.0426993 0.14685374 0.79885757
1.5024321 1.5227323 1.9482105 -0.2420114 -2.0228224 0.8543008 0.5091611
2.170291 -1.0390737 1.8480554 1.9496715 -1.0306009 -0.9659372 2.6122332
2.154017 0.25660723 1.830962 0.6764695 -0.826335 -0.8429523 1.7323653
1.587749 1.1578836 2.2995281 -0.54606414 -2.3468692 0.6328351 0.10034122
2.4525995 0.013274973 2.3301752 -0.10287265 -2.7874343 -0.55082434 2.4242263
1.7856511 1.1858594 0.21780702 1.238903 -0.16894872 -0.52695197 0.52697873
1.8406962 1.4682573 1.2715142 0.9096508 -1.5403575 0.337265 1.9301414
1.1556284 0.9750457 0.05997035 1.73739 0.47280088 0.6793546 0.7919462
2.0233707 1.6926606 0.7653414 0.5812839 -1.1565074 0.42915767 0.39882898
2.1759188 -0.1649077 1.9109876 1.3478607 -0.6706155 -0.82569236 2.2035973
1.793765 0.80580777 -0.010043651 0.69813013 -0.3360041 -0.371351 0.021731589
1.8765298 1.5286798 1.7351048 -0.6751827 -2.9129672 1.1935863 -0.6126107
1.8227327 1.4885957 1.1571953 1.818802 -0.645891 -0.19434494 1.5241226
2.0402431 1.2970278 0.5672101 1.4693037 -2.0458221 0.79335564 0.46645713
1.5516654 1.3380284 1.0817963 1.0784026 -2.9880064 1.4424605 -0.8101102
1.7980788 0.59526694 0.67841685 1.7244644 -1.0735592 -0.21639478 1.7477102
1.7518842 1.0378001 2.066105 -0.641292 -2.1149035 1.0643045 -0.5867342
2.5588322 -0.20559198 2.1470184 -0.060272 -2.678643 -0.6746407 2.6321564
1.5515527 0.8795168 2.680908 -0.31593737 -2.9641695 0.057431754 0.7031369
2.2040699 0.6015465 2.157007 0.6076801 -1.6070484 0.007032451 2.4412577
1.7516054 0.7901471 2.5810726 -0.30376753 -3.0054712 0.12736791 0.50345576
1.6468375 0.85238713 -0.1796942 0.24339417 -0.20536716 -0.19282824 -0.11633072
1.5122701 1.4903915 1.9966669 -0.23980233 -1.969336 0.77292866 0.5809856
1.9447869 1.0849484 0.92195284 1.1159607 -0.26766357 -0.35414147 1.1016451
1.8992945 -0.039250445 1.2884026 1.7822353 -1.1140767 -0.4655072 2.0990396
2.3585958 0.26458424 2.2823327 -0.20918962 -2.9676347 0.7794432 -0.13255726
1.5116513 0.52492684 1.9037178 -0.32768616 -1.4359059 -0.2613402 0.09178915
1.7378522 1.1363838 -0.0030541718 0.47166422 -0.1454304 -0.0489921 0.21947746
2.2271092 0.8782281 0.16386446 1.1788435 -0.923852 -0.18551451 0.065784164
1.4831111 1.3415713 0.586766 -0.19665346 -1.5981253 1.1454425 -1.0625565
2.0546381 1.1309502 1.9283915 0.9726852 -0.9913724 0.14336044 1.8800088
1.4659406 0.900549 2.2127752 -0.12252907 -3.5669692 0.38377625 1.1397904
1.7945787 1.4105179 0.87731934 1.0527933 -2.2572403 1.051575 0.40968958
1.5706733 0.88653713 2.500999 -0.13027826 -2.2424831 0.35283917 1.2268332
2.0190527 0.9182703 1.2397044 0.44630352 -0.5997103 -0.5228086 1.129455
2.1520584 0.034633223 1.996728 0.9800763 -0.78622276 -0.83660847 2.0906103
1.6565821 0.49825025 -0.50404644 2.4976394 -1.766411 -0.050785366 0.77705544
1.9772583 0.37659258 2.5239112 0.059249602 -3.1477532 -0.15390259 1.5005455
1.8671185 1.3756881 1.7257491 0.46661964 -1.7814265 0.4429732 1.7127781
2.342526 -0.6787229 -0.24084052 1.3539374 -1.4345537 -0.3337353 -0.36527255
2.0912251 0.9874456 0.26849434 2.0732374 -2.1662617 0.4981137 0.49552777
1.825248 1.732837 0.98459804 0.335349 -1.8281176 1.1602874 0.082089804
3.4694538 -1.836721 2.033162 1.7514023 -1.5856508 -1.1378784 3.1802402
1.9862782 0.8122056 1.4342526 -0.014228381 -4.0279956 -0.46774262 1.939604
1.3489593 0.9068666 1.0375011 1.5614125 -3.3187642 0.54171425 0.27840635
1.5489212 -0.37942606 0.22737905 2.5862398 -3.5576003 0.4394477 -0.8395127
2.0573194 0.6908507 0.9144839 0.53454024 -2.175612 -0.28160185 2.036255
2.3271194 1.5577178 0.555014 1.1933233 -1.5671191 0.42871505 0.82097554
1.5893167 1.1506315 1.755125 0.71463513 -4.1380215 0.12408763 1.1905361
1.8960322 0.05833735 -0.7085463 1.7253813 -0.21783502 0.13899529 0.25380054
1.0189017 0.10649974 -0.86687887 1.8728884 -3.553042 -0.40113324 1.009349
1.8125671 1.808476 0.42451856 -0.5119879 0.009535471 0.28387988 -1.2657183
2.113151 0.11877305 2.1374903 1.243967 -0.79985887 -0.6874997 2.498033
2.5185902 -1.4183235 2.4314556 0.5305299 -1.2380409 -1.4510121 2.0353436
2.6800883 0.8117381 1.2890058 -0.67859566 -3.584064 -0.869188 2.2212613
1.6051415 0.9450082 0.21377692 1.0563675 0.10243241 -0.07267159 0.57668686
1.3492569 1.0857334 2.1966007 -0.42636022 -2.0107102 0.28943914 0.24651028
1.4639218 0.87818354 2.0250502 1.5741019 -4.307246 0.444434 -0.4816868
1.4601436 0.84307855 -0.34347752 0.5302031 0.281243 0.13146383 0.4136231
1.7554979 1.5553615 0.28407404 0.15242568 -1.0613378 0.842738 -1.1328512
2.2173579 -0.5687171 1.0014015 2.3173454 -0.37026343 -0.72642297 1.6006414
1.8254328 0.4814654 0.52515936 0.0891582 0.4563593 0.1767264 -0.58403915
2.432859 -1.0524886 -0.33132908 2.3148584 -1.9118248 -8.696597e-05 -0.22294031
1.3438097 0.6261658 0.975875 1.8344278 -3.4795723 1.1122768 -0.45188844
1.9953798 -0.36061984 1.0896306 2.4478462 -0.7728105 -0.7424845 1.7255737
1.723588 1.4552445 1.9540689 0.13644704 -2.116892 0.7852039 1.3017366
1.7235659 0.7412999 2.5730293 -0.20044014 -2.142811 0.14479154 1.3550339
1.4680609 1.5280278 0.93136895 0.03876605 -2.0414948 1.3220406 -0.6831182
1.4428324 1.4050657 1.3049184 -0.1623759 -1.3724645 0.25965047 0.11325171
1.4262207 0.9922361 1.7729232 -0.21833166 -1.5001386 -0.0797922 0.52746606
2.0147893 1.6467252 0.53682876 0.75889075 -0.35388765 -0.3374967 0.5286801
2.1947358 0.82499546 0.11687991 1.5750762 -2.0508423 0.8338466 -0.25431243
1.7825059 1.6283734 0.8341677 0.18350759 -1.0737511 0.45181286 0.27133897
1.839039 1.471388 0.70215976 0.66430676 -2.0447845 0.5262943 1.4727482
1.8573537 0.39443156 0.35962602 2.4275188 0.09034578 -0.6574934 1.6512219
1.7900232 0.9553372 -0.16724434 0.030540131 -1.8163258 0.68617886 -1.0468234
1.6680843 1.5369204 0.7115849 -0.62840796 -0.038389765 0.19933552 -0.85558474
3.4385314 -1.0212362 2.14551 0.036851548 -2.4448807 0.30419952 0.40851608
2.3263814 -0.013389939 -0.14602366 1.7957542 -1.1431295 -0.52116436 -0.030693028
2.129712 1.543933 -0.56117606 0.060363315 0.38932934 -0.6567103 -0.46372002
2.0928664 0.703652 1.6410596 1.8776366 -0.4954749 -0.48104787 2.0265713
1.7898017 1.5505302 0.08590385 -0.16662452 -0.53807193 0.59506214 -0.84554267
3.174563 -0.3889938 1.7534394 0.660434 -3.5751133 -0.42347282 1.5207276
2.0188563 0.9746899 -0.17916635 -0.35082993 -2.141397 0.94025844 -1.8667265
2.0726204 1.8036722 0.8921013 0.538747 -0.5736461 -0.36134243 0.8811616
1.5384576 1.3330543 0.51764655 -0.12303863 -1.6997433 1.182976 -1.1431149
2.016276 -0.19108771 -0.16758063 2.0191212 0.9083037 -1.2494401 0.9508456
1.7884616 1.438318 0.903371 0.9894854 -2.346037 1.2100215 0.11351099
1.4868909 1.7293173 1.4679877 -0.021274067 -2.4447012 1.2876496 -0.07459406
1.6565467 1.4272094 1.2732002 -0.76238036 -0.72388905 0.043825325 -0.76298255
2.0712266 -0.93964607 0.75319946 0.9962708 0.085517086 -0.7987693 0.18166925
3.0899487 -0.48579055 1.9914804 0.020160817 -0.6209912 -0.1878931 -0.27411553
1.4285406 1.0421815 2.3249307 -0.24305317 -2.0279574 0.36078602 0.74549425
2.1502042 -0.05304366 2.4631062 -0.16834125 -1.7986007 -0.5550322 1.0774533
1.9331125 -1.0640354 -0.7607691 1.2730973 -2.257711 0.08454996 -0.77012587
3.2430737 -1.384699 2.2148454 0.4610528 -0.8323584 -1.3452153 1.4638141
1.6078712 0.78408927 1.629337 -0.69717944 -0.9464273 0.06718594 -0.61429024
2.1177008 1.5251496 0.59101534 1.0824451 -2.0162292 1.1112597 -0.21552838
1.432681 0.6979549 0.18567035 1.584386 -2.5792682 -0.6081641 1.333998
2.11948 1.7097571 1.114568 -0.81816936 -0.3261927 0.41984951 -1.6789463
1.8362643 0.5643793 2.6449864 -0.25132492 -2.2291756 0.019753631 1.4451898
1.6995261 1.4689751 0.95860076 0.5047802 -2.6350274 1.2785125 -0.9368821
2.6092377 -0.6153055 2.2927623 0.15482464 -2.4142642 0.30974168 0.23330916
1.9710696 1.7252651 1.3993781 0.05220797 -1.2970098 0.29639792 0.90623504
1.7620838 0.9291831 0.36311492 2.0750153 -2.5005107 0.17474991 0.7611694
2.212867 1.5690347 1.062418 0.60261214 -1.56498 0.42619973 1.2763
1.3912681 0.60371655 0.8167851 2.1145945 -3.3623996 1.5566123 -1.0337213
3.4015453 -1.2850252 2.6153407 0.22704616 -1.9041343 -0.8953448 1.9112941
1.8195024 0.22705859 2.015154 -0.19181404 -1.3555386 -0.24250335 0.07029309
1.6974672 0.9221377 0.61044383 -0.11093459 0.20425312 0.18652022 -0.52767605
1.3839642 0.7918555 1.9035575 -0.4975718 -1.4957756 0.1428414 -0.25429413
