0.7338164 -0.45549196 2.2447658 0.36118403 -1.1882831 0.9176353 -0.5916035
1.6510092 1.0098715 2.1319685 0.32447878 -0.17011793 -0.74887854 -0.21380864
2.3931289 1.3990872 2.065761 -0.16474131 -0.74326044 0.06604588 0.5319507
1.5929458 1.4335206 1.4847778 -0.09164164 -1.0415782 -0.8028917 0.2690202
1.1735976 1.9110466 0.9834349 -0.51215243 -1.3681622 -0.63949007 0.8911894
2.399845 0.7767052 0.41033897 0.17207757 -0.090838395 -0.94349974 -1.1100868
2.2620416 1.285977 -0.662948 -0.432645 -0.3332723 0.44435945 -1.43284
0.33136478 -1.5772395 2.601481 1.5098819 -2.069645 0.8816287 -2.62191
1.0709857 0.78474593 2.3016205 1.5089523 -2.286042 1.6691393 0.2110806
1.4251373 1.5119629 1.1334572 -0.309331 -1.7994487 -0.1804744 0.5756146
1.689794 0.40373045 2.4303021 -0.27310917 -0.95992464 1.0173243 -0.5853995
1.1501628 1.6449138 0.65791523 -0.64894783 -0.55231065 -1.1859809 0.2911617
1.8527309 1.1767426 1.7033148 0.022155903 -1.6073374 0.018940326 0.43614066
1.24137 1.4370201 0.9760871 -0.12567645 -2.2898242 0.26271194 0.714556
2.080038 1.2971894 0.6546124 -0.2814661 -3.188975 0.6379716 -0.9486255
1.7089957 1.0536441 0.7132865 -0.08428044 -0.24866278 -0.6169855 -0.5814251
2.1113563 0.7364474 0.63561106 0.44834206 -0.033785067 -0.9358066 -1.1983985
0.6846746 -0.062299903 2.2189202 0.84391785 -1.2865148 0.74285525 -0.37635443
2.4249756 0.8520345 2.2472482 -0.027169205 -1.6553191 1.4763296 0.41761228
1.7088784 0.7942247 2.388257 1.0010787 -2.9602656 1.6366818 0.14372112
1.1837865 1.7182604 0.48923168 0.13763508 -1.3431472 0.60055375 -0.14521407
1.1297613 1.0410461 1.7105005 1.2242944 -1.877267 1.1949317 -1.0048915
3.1586654 0.8788442 1.7274461 0.17696247 -3.8115826 0.8513789 1.9437867
2.7102041 0.8305573 0.0030737817 -0.31985402 -0.049177013 -0.882431 -0.8186419
1.5823557 1.2422987 1.7256527 0.6702913 -2.9247088 0.6323245 0.6729082
3.0918086 1.7793993 1.608663 -0.3595266 -0.001051506 0.4212516 -1.5869627
3.4283297 0.39406508 0.70501685 -0.1834335 -0.9286552 -0.27643704 -0.6079084
1.0518445 0.3971246 2.3673103 1.1673229 -2.70608 1.3782809 -0.22823249
1.2735696 1.6180322 0.32983062 0.19259474 -1.5996832 1.0578694 -0.58790344
0.5024886 0.24671215 1.9226375 0.8205819 -1.0318 0.34710777 -0.9374221
1.5837144 0.8854925 1.5747375 0.16647235 -0.5385887 -1.073731 -0.2369126
0.9831412 1.0510621 1.5358133 1.3184568 -1.0930673 0.79312485 -1.6739718
1.3247586 0.65456784 1.7763623 0.9390558 -1.2175603 0.31123245 -0.21055959
2.3628724 1.4278473 2.188675 0.11301794 -0.47052798 0.9094246 -1.1291682
1.9410529 1.1850632 1.7010301 -0.10347793 -1.7145027 0.19296473 0.47454077
1.3259447 1.4813776 1.032768 0.24934638 -2.808941 0.60117406 0.3386545
2.5893514 1.2795093 1.1595657 0.9754053 0.002920786 -0.5759899 -0.4656935
1.244458 0.8641852 2.1605825 1.3139532 -2.0750241 1.4047966 0.34427285
1.4173536 1.1652093 1.7916019 0.9545878 -2.3682108 1.0528642 -0.6222571
1.5644199 1.5276561 1.388991 -0.020544894 -0.54104203 -1.1778705 0.08962741
1.5899425 0.91797656 2.205807 0.7972619 -2.2673793 1.7003101 0.42058805
0.5880538 -0.6614527 2.1360455 0.20761994 -1.3763126 0.7971449 -1.0004617
1.7333031 0.95560545 2.3416343 0.06717052 -0.66492873 0.5114547 -0.4893709
1.0972011 1.3004391 1.3164694 1.1306963 -0.70065564 0.39911866 -1.8105313
2.7711823 1.4530413 1.2805313 0.59776425 -0.5584752 -0.16896757 -0.046944123
2.3799796 0.8570078 1.5366416 0.3896365 -4.1778774 0.54930717 1.3666147
1.3726817 1.8183054 1.2111776 -0.3407701 -1.0962242 -0.8088254 0.5389914
1.5013117 0.7788258 1.8879861 0.7652849 -1.4210268 0.3401358 0.11063161
1.7705675 1.0245473 1.82452 0.20719102 -1.6171376 0.25549 0.3900397
3.0609453 0.9196096 1.2043453 0.15318182 -0.7323807 -0.37407303 -0.8234738
2.213526 1.4354734 2.2333143 0.20150879 -0.33169731 0.053773638 -0.03377233
1.9246558 0.6821341 2.3095388 -0.3637292 -0.90062916 1.0449791 -0.7964277
2.0669367 1.0797538 2.2225688 -0.048150398 -0.6575687 0.69233924 -0.7145078
3.098259 0.95438427 0.42128655 0.21535048 -0.19490965 -1.2321658 -0.80199015
2.4462628 1.5467412 1.658129 1.1707038 -0.057494245 -0.65421706 0.11157789
1.3150606 1.6567025 1.030546 -0.3082228 -2.012621 -0.15024489 1.0066872
2.7887223 1.1103963 0.8560382 0.6715738 -0.6264593 -0.34210885 -0.52627814
1.9191304 0.7894022 0.76708806 -0.15546414 0.08711294 -1.0281081 -0.616514
1.4103565 1.1017537 1.3341246 0.37028667 -2.0793939 0.40349996 0.4537893
3.8156426 0.9020435 0.94712055 0.44809288 -1.072359 0.013877687 1.2688546
3.1004918 0.94875234 1.0731369 0.2598677 0.011987606 -0.52155787 -0.85746074
1.1460718 0.92620295 1.6153086 0.7523936 -0.9116722 0.81456643 -1.8901409
1.3951896 0.42841643 2.1919057 0.41797307 -0.95926344 0.20314026 -0.016371112
2.2702582 0.4287129 2.5636764 -0.18782732 -0.9352959 1.1009414 -0.23582695
1.4630942 1.5171165 1.3093865 -0.22724518 -1.0133493 -0.9330399 0.24268778
3.934825 1.8992805 0.4669113 -0.16943797 0.81084555 -0.50844926 -0.83435875
2.1754665 1.4268066 -0.29721436 -0.35744148 -1.098585 1.1352501 -1.2918822
3.254585 0.8344779 2.239472 -0.18474695 -1.8002172 1.6590792 0.41190377
1.6792887 -0.6743911 2.2380023 0.4684731 -2.5531905 1.0994148 -0.68782985
0.93282723 0.46264023 1.952609 0.4626383 -0.806619 0.07948768 -0.7063284
2.0157921 0.6096906 2.2507305 0.33511284 -1.7827939 1.6442034 0.23907389
1.7400396 0.77608424 2.3370838 0.8420713 -2.5817008 1.6942503 0.24863328
2.452638 1.6258689 1.7778105 0.9136403 -0.16483088 -0.58290154 0.12624092
1.1184686 0.6450284 1.414304 0.963615 -0.47888872 -0.073927104 -1.1384374
2.2906482 0.9706133 0.6903455 0.022906266 -0.08119329 -1.3465347 -0.67823017
3.1835022 1.6308209 1.9245945 0.5649799 0.02370433 0.49595356 -1.0482355
2.268172 0.6464717 2.476009 -0.25613388 -0.98243314 0.95108825 0.0625092
1.0420405 1.6965814 -0.048006803 -0.29645795 -1.0345837 0.3185377 -0.24655645
0.6893358 -0.6885949 2.1621294 0.10414948 -1.2946573 0.8090406 -1.0288405
2.6722863 1.6767688 1.4056629 1.2481031 -0.37618813 -0.58553636 0.49981222
2.008199 1.3533533 1.9806148 -0.10715125 -0.7772344 -0.37117714 0.3121628
3.8731377 1.6888933 2.3916223 -0.1773549 0.39609936 0.6221637 -1.3550559
1.9075097 1.1831952 1.7852445 -0.028310217 -1.4036251 -0.057737652 0.3746412
2.7571256 1.2631068 1.3043838 0.5374758 -0.6208269 -0.23160833 -0.5257026
2.2847483 1.5980643 1.8203208 1.0436586 -0.018021306 -0.7726968 -0.02097259
1.1152495 0.7746926 1.9537855 1.363386 -1.9567316 1.0950443 -0.16129212
2.156287 1.3330894 1.7799861 -0.2668778 -1.7137054 0.22439623 0.5679249
3.6170447 1.0868572 -0.0716801 0.5620644 0.07274381 -1.1967945 -1.2791809
0.80220115 0.50847226 1.8881757 1.3925997 -1.404488 0.8299849 -0.51896274
1.4090877 1.4632254 0.94581485 0.025264435 -1.0512494 -0.003609839 -0.16832326
0.5795592 0.37997168 1.8617537 0.8494799 -0.9339225 0.26428235 -0.9614776
1.544871 0.9502359 1.7592636 0.70096815 -2.5865705 0.7807048 -0.46763608
2.138221 0.93851966 1.942655 -0.060505845 -0.45275232 0.62816924 -2.2548485
0.3574225 -0.27982086 2.399014 1.2923247 -2.5603611 1.3921894 -1.786708
1.7671214 1.1808413 2.1806145 0.5067516 -0.08069714 -0.5216021 -0.5668188
1.2257284 1.4399909 0.94566536 -0.032564618 -2.5356436 0.36702484 0.88265747
1.574638 1.0565181 1.508835 1.2056628 -0.45799896 0.50121164 -2.4387484
1.3688854 -0.0027021712 2.5129166 0.4365066 -3.6355577 0.6118637 -1.0631344
1.1758603 0.26801306 2.2940383 0.92331314 -1.8389145 1.5978166 0.06969597
1.9012429 1.3530151 1.4912817 -0.2453593 -1.9767035 0.09463 0.63176334
2.0633738 1.0699892 2.0251946 0.8916511 -4.1148105 0.4978438 -0.2544028
0.81986153 0.35318512 2.2256856 1.3326644 -1.6614869 1.1591469 -0.120429076
2.0607102 0.5697623 2.5551424 -0.2425147 -0.88622636 0.9448888 -0.2891576
2.9197476 0.7838803 2.4456134 -0.3504263 -0.92430574 1.1361225 0.32041505
1.8531215 1.0833426 1.675603 0.58809304 0.052548088 -1.2599372 -0.34912047
0.8204448 0.07605202 2.320961 1.2242275 -2.2807539 1.6398975 -0.07217381
2.7918704 0.63942796 -0.8745657 0.1585736 -1.2764705 0.34372646 -1.8101252
2.4237697 1.5127816 1.9459325 0.42983833 -0.26082096 -0.3182091 0.266162
2.4729302 0.76291376 0.37378165 1.0532492 0.24846308 -0.35571325 -2.2811096
0.5475507 -0.2004354 2.4927597 1.2011873 -2.5660677 1.3229718 -0.7168937
2.9809139 1.6919694 2.1585422 0.012062095 -0.12964435 0.87968194 -1.3271589
1.846277 1.237006 2.1733146 0.16823271 -0.3465229 -0.5623692 0.020294864
1.3930123 1.2393317 1.1382655 0.6376636 -1.5866061 0.6479072 -0.10603929
3.6310475 1.4985306 1.9279324 0.034638934 -1.7800971 0.8314076 1.8652986
2.4315858 1.3970822 1.5856067 1.3060466 0.017073074 -0.66708165 0.16497214
2.048639 1.2595537 -0.19404939 -0.055489816 -0.35011837 0.5059469 -1.5052787
0.9512851 0.07283945 2.3078585 0.97271657 -1.7103019 1.4308997 -0.049620967
1.2501867 1.1255445 2.148944 1.044028 -2.4744534 1.1924423 -0.49076784
2.52388 -0.3620345 1.9749906 0.5850698 -1.6267865 1.1542124 -0.6646457
3.123879 0.93233544 0.20508668 0.014937364 -0.07223376 -1.1953852 -0.27501008
2.4523094 0.8267136 0.15359601 -0.15691307 0.03206352 -0.81830317 -1.0453813
2.972226 1.1509224 1.5380275 -0.01703117 -0.49456617 -0.039976303 0.4509069
2.5612266 0.9746808 1.2886713 1.5073568 0.26425114 -0.8048069 0.05855562
1.9191289 1.3122644 2.0111907 0.34440872 -0.20999487 -0.8202644 0.09449389
1.5140163 1.3819686 1.1667907 -0.0912294 -2.470544 0.19246292 0.90743566
0.5689014 0.7814569 1.7400204 1.2324338 -1.04664 0.858229 -1.6695102
1.7550018 1.4129856 0.86589324 0.7188964 -1.4388397 1.0201359 -1.448921
1.9769195 1.3963631 2.2337337 0.7371152 -0.01034697 -0.39627743 -0.3415948
1.3877133 1.2231114 1.1464562 0.28579322 -1.9273714 0.35191554 0.32826295
0.32550207 0.20367867 2.1465745 1.2205864 -1.6109499 1.084224 -0.70367455
1.1411786 0.17397422 2.2355855 0.57964516 -1.1514941 0.64821017 -0.1269648
1.1853939 1.6973625 0.85438037 -0.5150387 -1.5172731 -0.54250914 0.5629373
1.3150579 1.087018 1.2319828 1.3376383 -0.8945454 0.4861017 -1.5310084
1.3314496 1.0799645 0.0768002 -0.81496745 -0.35668525 -0.88502735 0.18577601
1.3188196 0.5053949 2.2961369 0.22734979 -0.71491 0.21760285 -0.34216526
1.9392874 1.2735883 1.8643808 0.79859006 -3.4847693 0.5838085 0.7055425
1.2098402 1.3486247 0.8019153 0.23998082 -2.4292054 0.95383734 0.07970234
1.6135234 0.80184793 2.067575 0.49255005 -1.417435 0.4753701 0.23984112
1.9223717 1.388933 1.2707996 0.48874053 -0.31674322 -0.9056114 0.5752286
1.7859011 1.2707096 1.5147867 0.6043147 -3.658203 0.34171504 0.8870853
1.639488 1.2085261 2.049579 0.7358831 -3.235325 0.51933855 -0.019224387
1.8358295 1.2358713 1.7253561 0.5007771 -0.014654597 -1.16224 -0.12000368
0.64449155 0.4141131 1.8011814 0.46000686 -1.1684788 0.62515694 -1.2364974
2.8578212 1.3554797 0.56017053 0.9953228 -0.13011487 -0.52814156 -1.7816843
2.483417 1.0421535 1.069678 0.78683925 0.062717356 -1.0433819 -0.29984018
1.8249007 1.686885 1.1450919 0.4649097 -1.3572342 -0.18271014 1.6413711
3.6947966 1.6621335 1.8828089 0.103772365 -1.1620544 0.6978019 1.7228144
2.195579 1.1908884 1.8738996 -0.11443893 -1.9578441 0.5439382 0.6524519
2.7592204 1.694627 1.7052294 0.9728859 -0.09093698 0.08527982 -0.58889747
1.3269364 0.3784383 2.2134433 0.6037607 -1.1818403 0.4836768 0.027524848
2.037649 1.0238124 2.2368433 -0.1050081 -0.7271021 0.7038264 -0.66998684
3.0513294 0.5720455 0.956838 0.012647651 -0.9089199 -0.41722405 -0.43913314
2.7282064 1.250405 2.1334615 -0.18944284 -1.910136 1.5030011 0.6939855
2.2678626 1.2824817 2.2069948 0.24448863 -0.38188848 0.56502384 -0.74974823
1.5680397 0.7443799 2.0999947 0.5221481 -1.3147238 0.4350701 0.19846167
2.3086164 1.2273028 1.4166701 0.56540257 -0.22170039 -0.8906463 -1.0343758
1.3782533 1.7583649 1.1215138 -0.24752554 -1.9650382 -0.17107517 1.1094619
1.5500025 1.4542389 1.252931 -0.21893954 -1.6963929 -0.28016025 0.5021748
1.0550104 0.6239552 1.810868 1.4274632 -1.514124 0.8632869 -0.39159605
3.3958237 1.5411217 2.1849213 0.06024208 -0.2503867 0.5074886 -1.1544654
3.3710496 1.2843465 1.531047 0.068100475 -0.28481516 -0.008538219 -1.0375667
2.7332206 1.493939 1.9774357 0.6535047 -0.12493893 0.43049616 -0.81014824
1.4950522 0.8885146 2.372617 1.1021222 -2.8712044 1.7331791 0.31915298
1.0305653 0.68434685 2.328168 1.4896811 -2.3265398 1.7410262 0.16008253
2.8066986 0.93274075 2.032238 -0.18729362 -0.6787698 0.49008155 -0.5226879
1.1477673 1.4015757 0.74535275 0.27950114 -2.297466 0.9470902 0.17666753
1.6901163 0.7890162 2.2115374 0.19477114 -0.9229087 0.24821669 0.10546812
1.962418 0.6156143 0.8676114 -0.26290444 0.55741745 -1.4702934 0.8940469
1.3633808 0.58826816 2.2980056 0.9169034 -2.036849 1.7554127 0.2262912
2.6943815 1.4538047 2.0008607 -0.23402095 -2.0700088 0.9667619 0.94015527
2.6750402 1.5508698 2.078372 0.34799114 -0.13340576 0.53882307 -1.1181378
1.6901883 1.3688792 1.2128544 0.029681407 -3.2338793 0.32702786 1.2482837
1.0404317 0.43484676 1.6616545 0.8613914 -0.65183526 -0.2314241 -0.7581725
3.2449508 0.224374 2.1817923 0.07830062 -1.2741224 1.3036426 0.08850028
3.2417278 -1.2919227 1.15605 0.03803935 -1.0559603 0.6789539 0.73582566
2.970605 1.5636724 1.8515329 0.7175907 -0.14299233 0.38865304 -0.88411963
1.6412956 0.27000588 2.271752 -0.47794864 -1.0363086 1.1274252 -0.909016
1.3294356 0.8604809 1.7356848 1.1010207 -2.0337565 0.7811753 -0.16953348
1.6094726 0.54606 1.4822302 0.58239734 -0.03603991 -0.9423335 -0.6050038
1.3074169 1.5053792 0.8268156 0.35202163 -1.6331468 0.61190104 0.026268262
0.99890006 -0.8232413 2.2968278 0.3059937 -1.4816169 0.8456158 -0.55616236
1.4246777 1.4800082 1.069661 -0.42164862 -0.93738276 -0.94924414 0.06538262
3.952912 1.6738126 0.3872368 -0.78593624 0.80988604 -0.31593835 -1.3672742
2.683171 1.0833244 1.0128522 1.2305366 -0.39175662 -0.55926496 -0.29301897
1.0510203 0.82880545 1.9096062 1.3015982 -1.9286551 1.1929784 -0.610525
2.3699954 1.2582383 2.0997458 0.2476866 -2.7397685 1.2852408 0.72449803
1.5028034 1.6281141 1.1164316 -0.14074442 -0.39368948 -1.1546668 0.13093735
0.21502799 1.7738795 -0.9461236 -0.09213988 -2.4656916 1.3644931 0.64036137
0.7086437 1.7218535 0.0049463212 -0.68303597 -1.1105902 -0.4836766 0.472405
0.94583964 1.0433412 1.3990653 1.0369759 -0.61744124 0.21849984 -1.4860268
2.3074875 0.5715994 2.2167692 0.16129008 -1.7605101 1.6425235 0.21667804
0.33846465 1.4726479 -0.5598737 -1.1513017 -1.1576687 -0.74468696 1.0239974
0.3116714 0.12947339 2.2086024 1.2458752 -1.7328962 1.2056248 -0.67477715
3.2409723 -0.3410502 0.99456584 0.010834359 -0.8631101 -0.05168802 0.459443
1.8586465 0.95880294 0.4312676 -0.48765728 -0.028404316 -0.80584747 -0.591243
2.6091034 1.6427546 1.7646517 0.90375817 -0.21418257 -0.26654375 0.09796759
1.4848837 1.8186821 1.29859 -0.2511014 -1.1048454 -0.7010474 0.53972185
1.5199996 1.321857 1.1859665 0.043669187 -1.6371835 -0.067448676 0.2704548
1.2913446 1.3352103 0.58398366 -0.60575104 -0.34314176 -1.1401827 0.059907574
2.8904376 1.4841795 1.5415753 1.5501301 -0.0017113294 -0.39100176 -0.07146112
2.0162618 0.79433876 2.2235312 -0.3967758 -0.88983566 1.0189564 -0.9355267
1.8956463 1.1789539 1.7218676 0.6647295 0.0573192 -1.176286 -0.25536916
4.0144773 1.2174934 2.0769098 -0.06126473 -2.4345949 1.5214921 0.8343804
3.062734 1.0751107 0.69495344 0.6968299 -1.0035512 -0.36948597 0.4579101
1.1031542 0.66983134 0.389873 -1.3216397 0.28819874 -1.2332952 1.7957186
2.2264717 0.072560735 2.4459739 -0.1233773 -1.0047195 1.242269 -0.3416365
1.3710018 0.4271202 2.1157706 0.7570051 -3.5233173 0.8414914 -2.2980049
3.2019095 1.0493884 2.312059 -0.37826928 -0.1143622 0.15195256 -2.6064467
0.9598774 -0.8901578 2.3022296 0.30750635 -1.5333484 0.8266225 -0.56951296
0.6375483 0.4408391 2.0982275 1.40031 -1.6555787 1.1114198 -0.5296069
1.6795858 1.519838 1.3090806 0.7166834 -0.52723175 -0.013873699 -1.723979
1.2880726 0.5453828 1.8184853 0.7649479 -1.0043147 -0.028561 -0.27224955
1.5563419 1.0537422 0.9127213 0.9812043 -0.5067144 0.110408425 -1.4887235
1.1846514 0.41157955 2.18408 0.8894375 -1.3746496 0.74620795 0.007822831
0.59097946 0.89281636 1.8251134 1.3462771 -1.2324986 0.98299134 -1.5912759
1.1711035 0.1862449 2.149725 0.386866 -0.7260749 -0.107246935 -0.27840766
3.6413767 0.8093071 1.6380364 -0.3009986 -0.7859098 0.08656436 1.3681592
0.48925403 0.27512473 1.8733466 1.1550927 -1.3063732 0.99500996 -1.8682306
1.6539334 1.2746074 0.7322773 0.3583525 -0.4605194 -0.13855422 -0.91722757
3.1049385 0.7420419 -0.17135444 -0.23830691 -0.1236914 -0.8961186 -0.7830955
0.48839238 0.8236451 1.887394 1.3116689 -1.3529855 1.0497241 -1.483648
1.5753311 0.6072151 1.8593346 0.4996812 -0.057020508 -1.0194427 -0.37353125
2.9501083 0.62248737 1.777711 -0.23993263 -0.6468995 0.049682435 0.037104268
0.9697125 -0.23347116 2.3062594 0.84169877 -2.154995 1.3662891 -0.18785445
2.723445 1.5242107 2.1015415 -0.2962413 -1.0817624 0.793464 0.71212715
3.5716205 1.0985823 -0.11012247 0.537853 0.09877888 -1.071726 -1.2942094
2.797527 1.4369003 1.715694 0.5200998 -1.4483877 0.5698988 1.8012713
2.0036733 1.1869903 -0.39484796 -0.3980411 -2.3756154 0.92571205 -1.080264
4.8180304 0.684518 1.1075616 0.106265716 -1.6322669 -0.02236325 2.4566865
0.95736563 0.13698584 2.1011934 0.15555874 -1.0474706 0.6883261 -0.700122
3.2359092 1.6574069 1.9774995 -0.30937985 -1.3660922 0.94595426 1.0671197
1.4765035 1.0378675 2.0312119 0.6011772 -0.25441906 -0.51827836 -0.7549612
1.1620792 0.77244055 1.7350366 1.3749208 -1.6466123 1.0095704 -0.47774336
1.4815687 1.4781755 1.2126875 -0.2303783 -1.5986897 -0.3509761 0.46599808
1.5575138 0.8440234 2.218957 0.74292874 -2.1019661 1.7461293 0.34261873
0.9851563 0.49114233 1.6137708 0.9685235 -0.75488335 -0.034655515 -0.7857736
1.8377138 0.9975583 2.0570087 0.2042503 -1.3064806 0.30861187 0.26431897
4.449794 0.8948271 1.8727338 -0.024936654 -2.112542 1.3953607 0.3239458
0.5703169 0.29062873 1.8891213 0.9592879 -1.0601615 0.33593643 -0.7549096
3.1376746 1.6383104 2.2451658 -0.072993375 -0.18804558 0.9204563 -1.3574532
3.207871 1.0768049 0.44675002 0.9943458 -0.036918007 -0.9330926 -1.538738
4.0094843 1.5607817 0.87532175 -0.34788284 0.7548893 -0.68682235 -0.9998522
2.4720871 1.5390478 2.1171482 0.5766291 -4.454079 -0.9585536 -1.3935697
3.5815663 1.5611832 2.184826 0.2392866 -3.4187841 1.2319102 0.99610597
2.48422 1.1993754 1.2872322 0.94038063 -0.026295265 -0.72724026 -0.5362712
0.8119606 1.7030418 0.0882065 -0.5001985 -1.033359 -0.2975574 0.34423867
3.9512148 1.8767648 1.6037209 -0.52456796 0.5208275 0.10650104 -1.419629
0.8081405 -0.20319098 2.1914787 0.42535248 -1.0228109 0.5625923 -0.46694466
3.6382272 -0.07098191 0.70079434 -0.00828395 -1.0486399 0.111453325 0.70256925
1.9756709 1.2154855 1.311312 0.520837 -0.07687958 -0.88878167 0.5175564
1.3564612 1.2574562 0.57409334 -0.51513577 -0.36275575 -0.89533174 -0.08867351
1.4130955 1.2365185 1.0773201 0.42886218 -1.0039123 0.158634 -0.465966
2.433925 1.2482704 2.18087 -0.31810507 -0.71147376 1.1328187 -1.405689
2.737917 1.5111979 1.0136653 -0.0718864 -0.16531701 -0.34211636 -1.5224539
2.9465897 1.5657082 2.0507195 0.5232526 -0.080737315 0.6096844 -0.98585224
0.7118896 0.90087944 1.6997312 1.3185757 -1.0922095 0.7406152 -1.3412892
4.34327 -0.776675 1.6703292 -0.18273583 -1.6242973 0.7276718 1.2482543
1.2153771 -0.48148054 2.2621388 -0.050202943 -1.1470408 0.977475 -0.7675668
1.2686232 0.75419223 1.8462187 1.2926689 -1.7266682 0.8382246 0.084194414
0.43463978 0.19048172 1.89033 0.6894251 -1.2230339 0.58085996 -1.1331251
1.5829624 1.2657652 0.5708258 -0.12502754 -0.45632693 -0.41922575 -0.5619141
2.6752005 0.99736995 0.83856094 1.5269294 -0.2955906 -0.6985821 0.015492995
1.8250045 1.2688373 2.1616597 0.48933986 -0.058209978 -0.7909065 -0.05162106
1.546683 1.0777562 1.3619757 0.49460045 -1.6744093 0.19032532 0.14874323
3.0223525 -0.46964234 1.46855 -0.11360607 -0.840869 0.12664002 0.11889114
1.9791785 1.6943586 1.6380379 0.04009209 -1.8754557 0.13180804 1.2294328
2.7153387 1.0421282 0.78643644 1.2121905 -0.58188576 -0.4541505 -0.014743547
1.7661083 1.2412901 1.2792234 0.20556673 -0.059619628 -0.95666784 0.49959865
4.020156 -0.1456874 1.5894002 0.12696257 -0.79680806 0.47852933 -0.49380443
2.8564956 1.1566398 0.80491185 0.96139294 0.021772781 -1.0407691 -0.34674397
1.4929739 -0.065814786 2.2756205 -0.031279065 -3.4439783 0.63961416 -3.1157553
4.18737 1.1872352 1.9891424 0.25229618 -1.9618698 1.045748 1.5375717
3.9822176 1.3462561 2.0227287 0.12685016 -2.09407 0.92533153 1.6456097
1.560635 0.10890026 2.4919724 0.019986413 -1.0242338 0.9804759 -0.27546403
2.4375637 1.1300716 1.1992687 0.9990809 0.014908234 -0.88475394 -0.48068556
1.6792843 1.2880409 1.5337579 0.67198575 -0.47407028 -0.52974427 -1.2314402
1.9971629 0.9581143 0.19542763 -0.30221143 0.059655704 -0.5165004 -1.0223455
1.8363765 1.2835716 2.1858578 0.64364016 -0.015353521 -0.66125226 -0.4327121
0.8613421 1.5728828 0.47363946 0.03358551 -2.4063244 0.4201975 0.9258683
2.1071007 1.2366526 2.144939 0.7413753 -3.6896143 1.3202167 0.18890025
0.5934911 0.26769477 2.2322288 1.3702241 -1.8092202 1.2480502 -0.32525215
3.7114313 1.4541633 1.6618345 0.04022648 -3.9217448 0.9899425 0.37986258
1.833336 0.8751059 -0.010444671 0.37290874 -0.55780524 0.54609257 -2.0966868
1.9873372 0.39374548 2.3687663 -0.026691891 -1.3036585 1.198677 0.03304543
1.7365519 1.467725 -0.3881218 -0.38724446 -0.95460373 0.99168855 -0.99231
1.4951308 0.7141636 1.8265388 0.72053206 -1.2619241 0.15724647 -0.027264874
1.5856518 1.0638638 1.281821 -0.001467146 -0.48584267 -0.99896544 -0.34115914
1.0753328 1.595685 0.77558076 -0.19459084 -2.3966532 0.07711214 1.348435
1.8366854 0.95860404 0.58760834 0.08202448 -0.09364637 -0.51795125 -0.96466947
3.17261 1.2856648 0.9073156 0.10919788 0.03265945 -0.858215 -0.94329935
0.24795571 0.16824704 2.142815 1.173734 -1.8062493 1.3470627 -1.3801261
1.0983242 1.5515695 0.80485225 -0.20224649 -2.3035316 0.093601584 0.96697336
0.99326086 0.37184006 2.1584544 1.1501888 -1.4502927 0.82418704 -0.13077109
1.1951478 1.6447496 0.37225994 0.31267047 -1.737851 1.0092626 -0.42897794
1.379789 1.0576534 1.8315033 1.003037 -2.3262525 0.97475696 -0.4641864
1.4022895 1.8560276 1.017379 -0.20980003 -0.72963077 -0.99012846 0.31229433
1.8433485 1.4143796 1.9124798 0.084147714 -0.58316153 -0.72080076 0.25652674
0.77944994 1.5988755 0.2024419 0.17577547 -2.5234344 0.826194 0.9096113
1.352374 0.58011043 1.9577024 0.91641665 -1.2883145 0.4248529 -0.053587537
2.3220701 1.2258711 1.8719525 0.23247835 -2.9505668 0.7564029 0.90909314
