7818,23988,27068,25508,1472,5553
26263,16099,27979,17473,13393,26637,21828,26028,24872,20637
26034,9444,18180,19544,29709,6489
12186,20412,4397,16277,261
21834,11174,25538,10508,19517,20637
27067,2483,2329,13669,15385,19585,5185,11269,15504,25668,19872,14517
25970,9954,11228,3492,2336,17141
22339,23899,13393,26637,21828,20232,9572,3908,11048,29493
7860,6300,19544,29268,1472,16277,261
26040,1170,2444,23234,4788,18032,4941
3972,24642,23522,29828,3188,7997,24453
27769,7099,18097,3237,9816,11586,8946,1652,24752,7461
10956,5106,22836,1332,17348,23144,18909
5113,19477,24132,9732,23108,10733,27189,3285
18649,5713,1633,27933,10488,24228,25592,3492,621
9618,5418,19782,18012,3152,7232,25677
4411,211,23521,15787,14017,21597,6792,29892,2592,18608,7268,11349
14091,4081,26027,8737,8297,24313,717,24432,11496,7128,17348,21429,25664,4005
1506,11516,17312,10733,27189,8589,18585
9001,145,12795,20089,9924,20088,26172,15512,8352,10341,16137
21597,26952,21596,13028,19112,6021
12183,13303,3307,19477,24132,28332,10872,4788,10584,12389,13545
23497,3113,14929,10849,17989,5185,11269,15504,25668,15008,5832,20637
22105,23665,19585,5185,11269,15504,25668,644,10809
25431,12187,26707,17137,3552,21282,14652,22932,7412,4541,26696,7677
19929,18333,6453,10157,15512,14202
29493,2192,14996,21002,3866,28892,18882,1746,11196,29796,23712
3285,8640,6210,10850,1994,18450
13581,17816,3452,19908,27642
11493,16848,392,23988,18024
4973,23213,24368,11124,18704,5900,4626
7677,26696,20237,1008,24228,10488,27933,1633,22513,1723,9289
27149,3488,28512,22716,18636,24432,717,28513
4005,1080,8660,5580,6854,16578
21461,16821,25677,7232,3152,29828,6728,1218,14154
4005,25664,24068,14072,3852,26952,21597,14017,7387,28177,5377,11461
2669,26384,3074,25668,15504,11269,5185,19585,16219,49
12029,8948,9234,17514,3114,16050
2669,18684,12888,8388,29892,6792,21597,7233,16123,3409,29589
21609,27405,17240,12740,17226
3717,20853,22568,1688,24908,21828,26637,13393,17593,13225,289
11349,16004,1604,3164,7650
21429,17348,21848,4404,10488,27933,1633,14723,6155,6595,2395
21609,15813,18893,653,29892,6792,21597,28837,19113
4941,18032,22532,4802,1722,10458,19314,29820
21461,16821,25677,653,29892,6792,21597,14437,1633,24073,28273
13581,17816,72,2712,6792,21597,8353,28723,14323,17689
21141,16277,5616,9816,3237,22753,24523,14359,4195
19929,8829,7268,21632,5616,9816,3237,26833,499,29569,25201
5553,1472,2592,25812,11412,23292,13128
