27068,25508,1472,7818
26637,21828,17473,16099,24872,26028
26034,6489,9444,18180,19544
12186,16277,20412,4397
25538,10508,19517,21834
15385,5185,2329,14517,25668,15504,27067
25970,9954,3492,2336,11228
29493,26637,21828,23899,3908,20232,22339,11048
1472,29268,6300,7860
2444,1170,18032,4788,26040,23234
7997,23522,24642,3188,29828
27769,3237,8946,9816,18097,7099,11586,7461,24752
5106,23144,10956,17348,22836
9732,19477,10733,23108,24132,27189
10488,27933,25592,1633,24228
18012,5418,25677,19782,3152
23521,6792,29892,2592,14017,4411,21597,7268
8297,21429,26027,7128,24432,8737,24313
8589,18585,17312,1506,27189
26172,20089,9001,8352,15512,9924,10341
21596,6021,13028,26952
12389,19477,13303,13545,24132,3307,10872,10584,28332
5832,5185,10849,14929,17989,25668,15504
5185,23665,10809,19585,15504,644
7412,26696,14652,3552,4541,21282,12187,22932,25431,17137
14202,18333,15512,10157
29493,14996,11196,21002,2192,29796,28892
18450,3285,10850,6210
3452,19908,17816,27642
392,23988,11493,16848
11124,5900,18704,23213,4973
27933,26696,1633,9289,20237,10488,22513
3488,28512,22716
6854,16578,5580,1080
16821,29828,7232,1218
28177,24068,5377,25664,3852,11461,7387,14072
11269,49,26384,3074,19585,25668
9234,8948,3114,12029,17514
29892,12888,16123,18684,7233,3409,21597,2669
17240,12740,21609
17593,26637,3717,22568,21828,13393,20853,1688,24908
7650,3164,11349,16004,1604
27933,1633,21848,6595,4404,10488,6155
18893,19113,653,21597,15813,28837
19314,4802,10458,1722,22532
24073,14437,1633,25677,653
2712,28723,8353,72,17689
14359,5616,24523
7268,29569,26833,19929,499,21632,8829
25812,11412
