27090,6300,10004,24368,8352,14016,21177
2982,17802,17516,3152,5792,25461,21261,6897
14502,20466,8532,9896,8181
8892,10508,14708,17348,5909,7065
18822,23058,21938,10004,24404,2900,21920,2901
13314,29484,1688,19112,14877,9081,11721
17634,16074,23522,29828,28112,23877
14954,23522,2732,11741,8661,6177
10614,16410,20610,8640,25776,17040,18405,1101
6330,6044,26924,21128,3837,12693
4620,11250,12524,3668,13392,11741,12861,16941
20658,17732,24872,16304,14589,10389,19125,23493
15282,2192,15437,8352,14016,6777
6870,20610,21884,19244,6440,1785
16614,2214,14148,4424,19229,16149,1749
27378,8492,4124,27344,27189,3285
6762,29862,16122,26118,29484,14589,16185
11898,1238,27914,24548,18464,16749,25317
3366,13586,56,25796,2696,20496
13446,23666,22392,28397,11808,14733,5997
10386,23036,9506,20012,15932,28868,1413,9849
10386,26402,24752,20552,29408,5693,22829
23850,19364,28100,4880,25704,11493
29286,4262,7628,22028,26397
21330,22640,20000,2709,4424,19229,3213,24717
13809,25248,21168,15372,18012,19782
1101,9669,5909,17348,7128,15732
4041,9837,23213,24368,11124,18704,5900,4626
9981,11696,12852,28868,11124,2268,8274
18405,9669,5909,26733,8168,21258,13692,23702,22086
13152,20237,3933,8168,9324,16484,27144,12780
21609,15813,12888,18972,3452,23682,20316
19497,477,4712,25592,2372,1098
2289,25389,6944,15800,20664,6300,5180,25410
9129,21933,26168,27938,14562,5706
9093,27693,12888,10172,27462,25866
18405,26973,14324,1388,9122,19782,29946
15021,13712,1778,9018,6534
20025,19584,29804,25724,15714,14594,9954
29325,24669,14504,24008,3492,1062
4437,17528,12888,11768,6258
4089,3648,6728,21092,25292,266,19206
14085,11160,24404,11468,1458,21618
11061,16416,6692,29624,6404,12200,1980
12029,1424,23864,7560,15140,15426
4973,4104,21848,23004,27084,8010,12090
22413,4968,28188,19908,27642
6861,18677,5432,28532,14168,18248,25164,4626
11721,20457,941,17397,8793,14589,1940,20826
18117,29997,24068,23234,6098,21618
