10004,8352,21177,6300,24368
2982,21261,17802,5792,6897,25461,17516
8532,9896,20466
10508,7065,5909,17348,14708
2900,23058,24404,21920,21938,18822
13314,14877,19112,11721,1688
28112,29828,23522,17634,16074
11741,14954,23522,8661
20610,25776,16410,18405,8640,17040
3837,12693,21128,6330,6044,26924
12524,12861,11741,11250,4620,13392
17732,16304,10389,19125
15437,2192,6777,8352,14016
19244,21884
16149,14148,4424,2214
8492,27344,27189,4124
29484,26118,14589,6762,16122
27914,18464,11898,25317
3366,56,25796,20496
11808,28397,5997,22392,23666
10386,20012,1413,9506,28868
10386,29408,24752,5693
4880,19364,11493,28100,25704
26397,29286,7628,22028
3213,22640,2709,4424,20000
18012,25248,21168,15372
5909,7128,17348
11124,5900,23213,9837,18704
2268,12852,8274,28868,9981
8168,26733,13692,23702
16484,20237,3933,27144
3452,18972,15813,20316,23682
4712,19497,1098,25592,477,2372
5180,6944,15800,6300,25389,20664
9129,5706,26168,21933,14562,27938
25866,10172,27693,27462
14324,9122,18405,19782
6534,13712,9018,1778
29804,14594,15714,20025
29325,14504,24008,3492,24669
4437,6258,12888,17528,11768
25292,21092,3648,6728,19206,266
1458,24404,11160,14085,21618
29624,6692,16416,12200
23864,15140,1424,7560
27084,21848,4104,8010
27642,19908,22413,28188,4968
4626,14168,18677,28532,25164
1940,8793,17397,941
24068,29997,6098,23234
