27378,29808,21072,28197,2016
19146,27882,14792,24957,29037,2361
11570,12690,13964,29484,18824,27392,23157
27882,3506,5936,9981
138,4338,6978,23148,13424,23589,489
13446,29462,27578,24212,1112,12893,9813
26418,23324,10388,19892,28616,14216,11136
16628,19112,18957,14457
306,6102,11612,24548,20180,22820,19440,1200
14502,27306,26186,14306,11381
6534,450,28400,12384,3648,10773,27909,20769
13446,2786,9416,12056,10341,16137
786,25866,18572,10004,15800,10445,26901
26586,29666,6566,482,25508,1472,1317
13098,17298,10004,15800,8660,1080,4005
16106,4172,14832,22413,16749,13824,25605,5445
27900,11444,15680,6944,2304,14085
15282,14162,17528,27693,23493,1989
2514,18684,17564,1604,29268,29709,6489
374,20534,1514,24824,16088,7232,25677,16821,21461
5034,22338,9248,10368,27504,15624,309
25410,5180,14904,29268,2592,941,24537,3867
17802,15372,25592,13712,13557
19350,25434,23004,21884,8948,12029
7254,11754,24404,11160,5805,11448,23229
1857,6057,16277,17928,14562
29421,20412,7322,9038,23898,19818,28674,14310
11136,14216,8132,10562,26082,2982
22605,18405,26973,14324,1388,9122,19782,29946
22857,24453,7997,3188,6554,11910
10101,29120,16184,11948,19242,13446
11061,15296,21092,4788,18164,16394,90
2901,21920,7520,22325,28904,2228,16628
24285,9480,19490,5090,1724,10292,23346,19146
12432,25808,1224,27900
20337,1317,5517,7232,13028,24908,28274,25194
1881,4752,2696,25796,15512,28602
6201,20565,19200,1589,23688,22532,9596,26186,27306
12432,8352,7196,17802,16646,27306
9849,1413,15813,27693,9248,24053,3992,20162,8346
12333,9408,3933,25592,19796,17156,12956,306
27021,16416,4482,14492,16088,24824,4034,23054
16569,5229,26733,24093,4424,27524,7988,15282
2016,13797,26888,248,6044,4770,11910
26517,22149,27504,26348,18614,11034
16977,21177,11453,12573,21429,17348,17634
4221,1008,27608,19874,16794
4941,18032,4788,10584,12200,22860
21141,26496,12096,13712,23708,14972,15258
1137,3621,2061,8352,24368,15800,26460
