29808,28197,2016,21072
14792,27882,2361
29484,27392,13964,12690
5936,27882,3506
138,13424,23589,6978
29462,27578,1112,12893
14216,23324,28616,10388
14457,19112
20180,19440,1200,6102,11612,22820
11381,27306,14306
450,10773,20769,28400,3648
10341,2786,9416,12056
10004,25866,18572,15800
1472,25508,6566,26586
10004,4005,13098,1080
4172,16106,5445,25605,22413,13824
15680,14085,6944,2304,11444
14162,27693,17528,1989
29709,29268,17564,18684,1604
20534,24824,25677,16821,16088,7232,1514,374
9248,309,27504,22338
2592,25410,3867,24537,14904,941,29268
25592,15372,13557
21884,25434,23004,12029
23229,11754,11160,11448,5805
17928,6057,16277,14562
28674,9038,14310,7322
2982,10562,14216
22605,1388,26973,19782,9122
6554,3188,24453
16184,19242,29120
18164,11061,21092,16394,4788,90
7520,28904,22325
19490,5090,1724,10292,23346,19146,24285
25808,12432,27900
13028,28274,5517
2696,4752,15512,28602
1589,23688,19200,26186,20565,22532
17802,12432,27306,7196
24053,1413,15813,3992,20162
12956,306,17156,12333,3933,19796
14492,16416,4034,4482,23054
7988,27524,5229,15282,24093
4770,26888,13797,248
11034,22149,18614
12573,21177,21429,17634,11453
27608,4221,19874,1008
12200,4941,10584,4788
15258,12096,26496,23708,14972
24368,3621,26460,2061,8352,15800
