8910,19130,13334,7250,5976
19480,2176,11185,27355,4969,27069,28344,5034,954,26694,2319
702,25727,11327,16682,3096,7296,717,24313,23003,15763
13959,18614,14414,5558,16218,26724
10552,9277,27008,19273,1849,15225,26664,13860,19944,1380,8960,19125
11272,21437,20128,11392,4153,8353,18573,23928
9112,2653,26117,12193,20929,4969,27069,12264,22260,24900
27148,3928,2653,26117,12193,20929,14299
24829,24389,9529,18097,3237,9816,18552,20322,29058,20622
6637,9277,21211,22807,1303,22247,8323,28993,20425,11989
24829,17549,11753,15253,9457,7027,28531
3375,17894,1724,22548,9744,25705,29785,4265,12545,13819
2884,400,4480,13489,16073,29449,19725,19284,6348,27228,14292
6637,9277,11861,17657,18097,3237,9816,5616,1416,27156
20574,19418,7538,20628,621
8231,22727,783,3422,8778,19284,19725,29449,16513,14083,12199
400,4480,125,26305,6769,28869,26880
11390,5594,18684,1380,23325,105,13195,3185,7825,1819
8847,3983,1058,21596,26952
24160,22885,16955,9715,145
24870,27300,18564,28729,25363,28003,1417,4057,1627
9112,22048,22049,27979,6475,29785,25705,9744,3948,9954,7524
13720,12445,5165,15385,19585,8925,8484,12564,18360,15876
26055,28926,27770,25130,20930,13770,9570
11509,17593,18089,15505,13075,11515,21019
27832,2653,11717,5921,18571,22771,9681
400,5209,9409,26713,9577,2011
8910,6194,20594,29030,24390,1170,26040
27088,3373,17297,14371,22807
20365,14569,27373,4153,7233,1437,13812,18012,29946,12486
22576,21301,29905,9115,22051,105,23325,1380,13314,29394
22576,21301,29905,5089,19609,2473,21073,2053
3904,18269,3409,28225,27069,5124,17058,4122,21852,15546
22190,12026,90,13026,12090
11509,17593,18089,29905,25705,9744,22548,8028,25772,15552
8224,16793,16297,12097
18832,17557,29491,28007,13643,25459,18179,9169,4969,27069,12264,20964
22048,22049,2875,23665,22105,4969,27069,12264,24044,28244,5144,28740
8224,16793,16297,25033,1437,2712,25812,2592
11968,25213,13432,27832,2653,11717,5921,14371,19027,3507
8413,28133,25703,23273,2329,15265,4605
20608,29617,26747,1723,3493,20784,14700,22280,180
27832,2653,17513,1993,29449,19725,19284,6348,10584,26600,21960,16605
15615,6230,10598,21258,4122,21852
671,28127,25202,21002,13932,996,1437,20953,25153,20083
2430,27014,21218,22988,11108,2372,3492,621
24687,11102,7022,18362,3962,18482,19692,22332
5080,19480,2176,13669,7873,25163,10267,6067
15709,11509,26405,9269,15289,3409,13573
29128,27853,1177,13147,21883,1723,3493,20784,26580,13644,19440
