8910,5976,13334
26694,11185,5034,19480,28344,954,27069,4969,2319
7296,16682,23003,3096,11327,24313,15763
16218,26724,18614,13959,5558
27008,15225,9277,26664,19273,19944,1380
4153,8353,20128,11392,18573
20929,22260,2653,9112,27069,24900,26117,12193
3928,12193,20929
20322,3237,24389,9816,18097,20622,18552,29058
1303,20425,11989,28993,21211,8323
17549,24829,15253,9457,11753,28531
22548,4265,1724,25705,9744,12545,13819,17894
29449,19284,2884,16073,19725,13489,400,27228
11861,18097,1416
19418,621,20628,20574
29449,8231,19284,783,3422,12199,14083,22727
26305,28869,125,6769,400
23325,18684,11390,1819,3185,7825,105
1058,21596,3983
22885,24160,16955,9715
4057,1627,28003,18564,24870,28729,27300,25363,1417
25705,9744,29785,6475,27979,9954,22049,22048
15385,12445,5165,8925,8484,18360,19585
25130,20930,27770,13770
17593,11515,18089,15505
5921,22771
26713,9577,400,5209,9409,2011
1170,24390,6194,20594,26040,29030
17297,3373,22807,14371
4153,27373,12486,1437,29946,18012,7233,14569
29394,9115,21301,29905,13314
5089,19609,21301,29905,2473,21073
3904,21852,15546,5124,28225,3409,17058
90,13026,12090
17593,25772,25705,9744,8028,18089
16297
27069,17557,28007,13643,9169,20964,25459
28244,2875,23665,5144,27069,24044,22105
2712,25812,2592
13432,19027,25213,3507
8413,28133,15265,23273,25703
26747,1723,3493,22280,20784,14700
17513,1993,26600,21960,10584
4122,10598,6230,15615
1437,25153,21002,20083,671,25202,20953,13932
21218,11108,2430,3492,2372
11102,24687,19692,22332,18362
13669,7873,19480
15289,9269,26405,11509
1177,26580,13147,21883,3493,1723,20784,29128
