16479,12398,13554,25434,12630
22048,1664,22049,19619,28475,8755,19129,8965
29128,27853,1177,27931,23731,19531
13230,12074,4934,19298,11718,24962,1652,29106,3366
9112,2653,11717,5633,11563,11123,8539
22792,17437,13237,19321,16891,25627,2407
29092,5872,4597,9953,27683,12823,27475,9655,15451
25117,16549,11909,19489,16123,4243
3928,26368,3149,14929,10849,24073
9112,2653,26117,29617,26747,1723,7729,3649
26591,22511,13502,9302,8028,22548
4144,14309,28673,7729,1723,26593,5803,11767
11439,2430,27014,12614,2450,23954,19874,6498
27832,13432,29888,26368,11717,17737,14867,26683,2647
28022,6518,4088,18488,5112
12244,9760,14569,6209,13489,1673,2113
10552,9277,3257,26477,6757,12841,10411
25213,26368,3149,12005,6209,18859,16375
19480,2176,3451,9115,29905,18089,15163,2227
25839,4334,27644,29450,434,9324,468,21348
21904,16549,22633,3097,16033,17153,2347,25447
4597,9953,24163,26593,4153,14437
15615,2030,25130,22050,10764
14749,349,2779,14659,6055,16051,5545
24160,20365,14569,26539,3319,12055,29875
6422,13052,2732,23522,4788,10584,12389,13545
9760,14569,26539,8675,29059,10039,14275
29615,4590,24975,5594,17564,16290
8703,7142,19946,21596,15512,28602,19746
4144,8224,22589,13525,5089,1435,5635
20574,28154,4934,15098,6242,21762
13959,18614,11034,12630
21904,24389,11299,23233,6097
904,9949,20113,4747,10753,19763,5399,15619
702,25727,27002,3746,18452,3152,24656,22941
26055,8255,14834,9324,17058,10428
5056,19421,20981,28561
702,25727,27002,3782,6266,23402,27756,9516,12882
5596,29632,4453,7379,16675,3739
24253,26837,20987,23417,8557,20437,28457,25531
23823,2318,10598,15084,684,29700
3911,6782,25382,2282,28596,27036,22956
14800,17725,22093,10313,10753,18487,8203
11390,5594,18684,1380,26844,22644
27520,4265,8905,23425,8059,18433,20371
6183,10838,8408,7133,25088,2988
26078,7058,13196,3186,11466,5382,19746
5584,28384,4480,6469,29569,6259,2179,10747
17437,7933,10363,23299,8899,19063
3928,2653,11717,17737,14867,12283,22657
