25434,16479,13554
19129,8755,28475,22049,22048,8965
1177,19531,27931,29128
11718,19298,24962,13230,12074,29106
2653,9112,5633,11123,11717,11563
17437,19321,13237,25627
27475,5872,4597,9655,29092,12823
16549,4243,19489
24073,3928,26368,10849,3149,14929
26747,2653,9112,1723,7729,26117
13502,8028,9302,26591
5803,11767,14309,1723,28673
27014,11439,23954,2450,6498
14867,29888,2647,27832,11717,17737
6518,4088,5112,18488
13489,9760,12244,6209,14569
3257,6757,9277
26368,3149,12005,18859
3451,19480,15163,9115,29905,18089
4334,21348,27644,434,29450,9324
22633,16549,16033,21904,2347
4153,26593,24163
2030,10764,22050,15615
6055,2779,16051,349
26539,29875,12055,20365
23522,12389,6422,2732,13545,10584,4788,13052
14275,9760,29059,14569
29615,17564,5594,24975,16290
28602,7142,19946,21596,15512,19746
5635,5089,22589,13525
6242,4934,28154,20574
11034,18614,13959
24389,23233
9949,904,5399,4747,10753,20113
3746,18452,27002,3152
8255,17058,14834,9324
19421,28561,20981
3782,6266,9516,23402,27756
4453,29632,7379,5596
20987,23417,26837,28457,20437
10598,15084,2318,29700
2282,6782,25382,27036,28596
14800,22093,10753,18487
1380,26844,22644
27520,20371,8059,18433,23425,4265
25088,7133,6183,10838
7058,26078,13196,3186,11466,19746
6469,5584,29569,28384,4480,2179
7933,17437,19063,23299
14867,22657,2653,17737,12283,11717
