6330,6044,248,8948,26372,13568,8913
12906,5612,17492,8924,19584,20025
21618,7254,14834,23690,19490,8676,13485
27378,24012,17928,3717
66,18306,1002,26028,10508,4424,2709,6789
2262,9842,3758,7958,15098,3218,1944,28089
15732,6008,29108,11972,19112,6057,1857
27642,3738,4572,10368,22149,13413,19497
19706,22136,17496,20421,10137
28602,14202,26082,1652,24872,3213,4809
5634,17604,14733
4284,26384,22149,13413,19497
1980,12200,18164,25304,15800,11160,14085
2214,11754,7268,17928,3717
8892,19112,15408,14133
21618,1458,11468,24404,21533,26397
678,26418,23324,1224,4149,27369
19206,266,3632,1917,5997,693,2289
13446,7482,10562,2828,17348,4104,17040,18405,1101
11898,18374,28748,344,189,20064,18909
23130,24404,10004,24368,8352,10341,16137
66,18306,1002,26028,12938,1058,24368,6624,9549
678,10962,23612,27812,4712,477,19497
19542,6012,28112,6453,2253
10098,1530,4910,15570,27540,2669
4377,18741,22941,20952,5432,11228,9954
28800,20064,17348,8834,12200,22860
29757,12312,22532,8168,9324,26460
10101,27405,1224,12872,4172,11466
1989,25704,26978,23612,10236
19689,29973,13824,18464,20025,11289,6480,29700,11100
27369,13005,29309,7364,21764,4034,23054
22829,5693,7344,17564,27938,14562
2637,15728,14168,6588,9018,10614
3225,5109,12249,16749,18464,25704,3704,338
8793,10389,25704,2484,27068,16938,11142
20064,17348,14918,25578,29946
29577,10557,22052,19622,25628,4124,7050,4620
12693,3837,21128,22248,19818,23898
25689,25248,28328,22532,9596,26186
4221,20237,3933,25437,3128,1532,5612,12906
6021,19112,13028,11754,24690,3900
13701,17901,1940,16304,14708,1332,13266
1317,1472,18608,1604,14540,1890
14085,11160,15800,24368,15512,5292,15302,11066
26181,16016,1652,20882,18452,21092,28386,20106
21461,4016,23036,21762,12038,7958,8399,1238,11898
1785,15525,19760,1314
1857,6057,5616,13196,22052,3452,24242,15674,12594
16905,29709,29268,11468,28604,19868,10418
