13568,8948,26372,8913,6330,6044,248
5612,12906,19584,8924
7254,23690,8676
17928,3717
18306,2709,4424,10508,66,26028
15098,9842,28089,1944,3758
19112,29108,6057,15732
13413,4572,10368,27642,3738
17496,19706,10137,22136
14202,1652,24872,3213
14733,17604
26384
11160,18164,12200,14085,15800
17928,11754,3717,7268,2214
14133,19112,8892,15408
26397,11468,21533
4149,23324,678,27369
693,2289,3632,19206,5997,266
17348,10562,2828,17040,7482,18405
344,20064,18374,189,28748
10004,8352,24404,10341,24368
18306,24368,1058,66,6624,26028
23612,19497,10962,4712,477
6453,6012,2253,28112
27540,4910,1530
5432,20952,11228,4377,22941
20064,12200,17348,8834
26460,29757,12312,8168,22532
1224,10101,12872,4172
26978,23612,10236,25704
11100,20025,11289,29973,6480,13824
21764,29309,4034,27369,23054
5693,7344,27938,17564,14562
2637,14168,9018,10614,6588
338,3225,12249,25704,16749,5109,3704
27068,16938,10389,25704
20064,14918,25578,17348
4620,19622,7050,29577,25628,10557,22052
19818,3837,12693,22248,21128
25248,26186,28328,22532
3128,5612,12906,20237,3933,1532
19112,24690,11754
1940,13701,16304,1332,14708
14540,18608,1604
24368,11160,5292,15302,11066,14085,15512,15800
20882,28386,20106,21092,1652,26181
12038,21762,21461,1238,23036,7958
19760,1314,15525
3452,15674,5616,13196,24242
19868,29268,29709,16905,28604
