4861,7345,9865,2845,5365,1725,1605,6400,5685,8205
5661,3945,1515,5001,2571,9291,3495
-1
2006,9146,4946,4232,6752,3112,4828,8482
5798,9878,4082,4796,6226,2860,6500,8930,5564,9764,2744
9018,9578,8422,8828,988,274
2832,2272,9292,5092,8612,2528,2648,6848,1424
1458,2732,1082,8662,4582,8782,502,4702,9631,7111,6670,3030
8445,4245,5961,2881,451,4819,619,179
7922,8858,1838,6038,4322,5378,9578,842,4482
9450,6084,4964,9164,8450,1430,7226,206,9502,9503,2483,4913
1382,3866,6806,5870,2230,9250,8194,9910
2157,5797,5083,4147,6667,871,2587,9307,571,4771
5013,9213,2688,597,3963,3403,9487,5287,646,206,6002,2636,152,4520
4406,6836,9356,3560,6080,4364,8444,4244,5400,4464,9104
-1
-1
3218,5648,1448,5528,3812,2096,3032,3746
6275,359,6155,6001,3571,9367,358,2074,6988
7343,6343,974,7058,3692,3132,2012,4532,452,2882,5402,7052
4403,5678,5183,4183,3742,7942,802,5170,9250,2230,4814,9610,7180,9700,964,2680
7310,9026,6596,5596,1228,8248,4168,6688,2488
7696,3496,9292,5092,8612,2528,9668,3872,792
1055,5255,3539,1955,6155,6001,3571,2857,6497
2915,3475,3595,6961,8521,4153,73,4273,1843,8863
4560,4000,7640,1060,4426,3370,886,5086,8166
8534,4894,5455,8535,801,5001,7485,2845,3901,8269
6400,1045,4411,5566,7282,1212,2332,1396,3112,2672,8588
8025,2229,5869,9069,2985,555,6351,2271,282,402,1612
8992,4792,9028,3232,2672,1672,5192,992
2915,3475,3595,6115,3190,2476
3446,6371,1015,2731,8527,3886,6911,9395,5755,8065,1045
2879,1879,7675,7829,1109
4175,535,8335,4695,1615,5815,2161,9301,8245
9146,5066,2636,1636,5836,3406,5395,2965,6605,4889
2627,5057,1417,4497,2053,9633,9073
8150,1010,7094,7535,3895,9691,1241,5321,953,512
1583,1142,8282,4796,6226,9151,8095,6511,715,4369
5246,5686,3166,3727,4287,3846,9762,6396,3316,5032
8570,3215,7415,1331,9745,5665,8745,177
5726,1646,2087,9107,5587,7303,2662,9682
501,2985,555,6351,2271,282,402,2886,4602
7768,1972,6052,8536,5170,1090,6886
8075,4435,8635,2551,9571,121,9403,5323,1123,1838,8858,8978,6548
-1
7967,3887,9971,8971,1831,9566,9070,9511
1389,7680,1101,3531,2971,8887,1153,5233,97,3617
1648,1768,5968,8488,6772,9292,2272,2152,8236,3426,1270
6381,585,6501,5941,9021,5877
8298,7178,1382,8402,3452,7106,3620,3740,8690
