22140,16290,26420,680,9248,10809
4338,26438,19298,25304,18164,10584,12389,13545
22122,13554,27084,14148,4424,24093,15525,25689
25506,28586,7916,28706,4802,9002,7196,5832,10472,22253,19173
11292,18858,21938,17724,4788,26888,28197
6042,1674,11684,27644,6140,1940,17901,13701
5034,25704,10184,5949,14517
6870,10950,22730,9794,12224,22829
3894,28764,27608,29597,13581,9081,11721
7782,6012,28112,21821,18741,10137
2514,18684,21764,24404,7268,11349
12630,8550,7430,18090,15660,23240,18585
23490,24764,17604,7880,19760,25689,4809
19206,266,9002,5636,10157,28397,25317
3330,19634,20468,12888,18893,21533,26397
14994,13874,10508,19112,6021
12102,1938,10674,23324,16848,11493
22860,18660,3800,434,14834,2900,13064,11349
338,13428,10557,22052,7232,25677
19812,15732,4392,11972,19112,14877,25041
10380,20664,10004,7364,26384,28373,12357
27090,28364,18144,16493,477,19497
11046,12762,4482,14492,16088,10733,27189,4089
20310,28044,12524,4088,17024,20237,26696,7677
10428,17058,21258,8168,17024,27189,3285
16821,25677,8352,7196,1346,10202,8586,19092
11721,29541,8717,5504,11300,8220,29010,23214
25689,19760,18164,8154,16722,2322,12486
10317,18752,17037,21272,2252,7916,28586,25506
26517,29597,2997,7232,21596,3852,8052
29541,25461,8136,20106
5997,1917,3632,4752,12332,27986,17766
20889,26973,6624,24368,14148,13314,9234,5034
21609,27405,19125,25704,5034,954,11174
20889,26973,6624,24368,18893,12888,11768,6258
4941,13797,26733,24093,4424,27524,24444
25677,8352,7196,7482,20418
981,2696,29372,4788,3668,20124,27858
18405,22640,20000,1400,24500,5900,4626
11381,16736,23652,26082,2772,19074
24453,29808,1688,13028,24962,14796,7062
29421,4397,1472,5972,26762,10746
5013,10368,3074,9704,13784,24444
1449,10053,18333,8168,588,3954
21141,26937,29808,20084,28940,16970,2570,3690
18405,26973,25853,8408,10292,7652,19586,12956,306,27606
8793,14589,1940,26370
1989,25704,19908,8028,22602,26802,22566
25041,14877,19112,13028,15458,21254,16614
9549,29997,28877,11741,21906,25986
