9248,26420,22140,16290
12389,19298,25304,26438,13545,10584
27084,15525,4424,13554
4802,5832,7916,9002,22253,7196,25506
21938,17724,26888,18858
27644,11684,6042,6140,1674,17901
10184,5034,14517,25704
10950,12224,9794
29597,13581,9081,27608,28764,11721,3894
21821,6012,10137,28112
21764,24404,7268
18585,8550,18090,23240
4809,19760,17604,25689,23490
9002,28397,266,10157,19206
19634,20468,3330,18893,21533
10508,19112,13874
11493,1938,16848,10674
13064,434,22860,3800,14834
10557,22052,7232,13428
11972,4392,14877,19812
10004,26384,7364,28373,12357
28364,19497,16493,477,18144,27090
27189,11046,16088,10733,4482
12524,26696,20310,4088,20237,7677,28044
10428,8168,17024,21258,27189
19092,10202,1346,8352,7196,8586
29541,8220,23214,11721,8717,11300,5504
18164,12486,8154,19760,25689,16722
21272,18752,25506,2252,7916
21596,29597,7232,3852,2997
20106,25461
27986,3632,12332
26973,24368,13314,20889,14148,9234,6624
954,5034,25704,19125,21609
18893,26973,12888,24368,20889,11768,6258,6624
24444,4424,13797,24093
7196,7482
29372,20124,27858,981,4788
5900,22640,1400,20000
16736,23652,2772,19074
29808,1688,13028,14796,24962
5972,4397,26762,29421
9704,3074,10368,24444
18333,10053,1449
16970,20084,29808,28940,26937,21141
12956,25853,306,10292,8408,7652
1940,14589
19908,22566,22602,26802
21254,13028
28877,29997,21906
