1.072534017151752650e+01
8.539196969137019977e+00
1.037484525732384100e+01
7.052415894210005476e+00
-1.000000000000000000e+00
-1.000000000000000000e+00
1.010425494649390465e+01
-1.000000000000000000e+00
-1.000000000000000000e+00
1.489625147116814929e+01
7.043600369875070655e+00
1.070319492814617490e+01
-1.000000000000000000e+00
1.049172927216650919e+01
7.756236903780795444e+00
-1.000000000000000000e+00
1.016274391496243013e+01
1.048986225701695396e+01
1.196283622598561180e+01
8.835937269502650793e+00
1.411769853353043835e+01
6.715319671808050117e+00
8.526199812064513495e+00
1.483389157738639064e+01
-1.000000000000000000e+00
1.692142754433123741e+01
1.273390299046003271e+01
9.589155926159506294e+00
1.115871407280847905e+01
9.566097066206429744e+00
1.110516436366600246e+01
8.901248915142623730e+00
7.959929624133343928e+00
6.938443534241691246e+00
1.021407662733592048e+01
1.100929474136813013e+01
9.054781623576479532e+00
1.400576080142808166e+01
8.382935788600061500e+00
1.188340583626149183e+01
1.306975376548970402e+01
1.243373795038341534e+01
-1.000000000000000000e+00
-1.000000000000000000e+00
9.825822777112897199e+00
8.347604677567181497e+00
6.904915485871965686e+00
-1.000000000000000000e+00
7.506847553002759632e+00
1.428902084498507108e+01
1.068532295025074674e+01
7.775977500685189447e+00
1.603482789026865873e+01
1.312533136652462140e+01
1.121462122927514216e+01
9.969409260804557249e+00
-1.000000000000000000e+00
1.073075341810578465e+01
1.015929622647166575e+01
9.839449774621046529e+00
7.709054148870733592e+00
7.892324688461053839e+00
1.079242529512312387e+01
7.477240432247753255e+00
8.243228630652865263e+00
8.921508530471012222e+00
9.814386056773880540e+00
8.718408530679099044e+00
5.550814163905970489e+00
8.822872990428336948e+00
6.632508421334287974e+00
9.443679753632126861e+00
9.724522206574819805e+00
-1.000000000000000000e+00
6.892291842155716886e+00
1.057807093685345734e+01
1.019589380534914547e+01
1.778247284896331237e+01
7.287510084403668209e+00
7.604685017007559722e+00
7.161819756406698545e+00
8.302935370557396055e+00
-1.000000000000000000e+00
-1.000000000000000000e+00
1.176685590652130742e+01
6.908267943999585547e+00
8.008057689386086864e+00
1.028768470096761156e+01
8.787337952390656071e+00
-1.000000000000000000e+00
7.298990338922394905e+00
8.451812757393755149e+00
1.167830938145821307e+01
1.061529719025825713e+01
1.210892042776945843e+01
9.826448854828571555e+00
1.073877627993246975e+01
1.193913018628961353e+01
9.923885617059685416e+00
-1.000000000000000000e+00
