8.410934329148686217e+00
7.959372937035531947e+00
9.698052885580530358e+00
7.031012493292945642e+00
-1.000000000000000000e+00
-1.000000000000000000e+00
-1.000000000000000000e+00
-1.000000000000000000e+00
-1.000000000000000000e+00
-1.000000000000000000e+00
6.071747622582924109e+00
1.036654831108279673e+01
-1.000000000000000000e+00
8.990099736901598249e+00
8.043322298843584406e+00
1.620791390090921524e+01
8.872923144796196482e+00
1.107013087838885568e+01
1.057316710170352358e+01
8.515149216095023732e+00
-1.000000000000000000e+00
6.094430598447798886e+00
9.880999914303780329e+00
8.636227082974318847e+00
-1.000000000000000000e+00
-1.000000000000000000e+00
1.103204388813482595e+01
7.589141675309674540e+00
-1.000000000000000000e+00
9.529969914560499689e+00
1.131109289377360483e+01
8.237459098119382261e+00
7.837087217829859398e+00
6.536130476278673385e+00
9.090949479915426679e+00
8.688290303744864218e+00
8.146312203948602004e+00
-1.000000000000000000e+00
1.080472440324787087e+01
1.037478588925808864e+01
1.298122108301707023e+01
1.638656336633905042e+01
-1.000000000000000000e+00
7.575333007115324868e+00
8.125019381564699827e+00
7.917316543534711037e+00
6.064448108793552450e+00
1.020814416247413625e+01
6.800979199601385972e+00
-1.000000000000000000e+00
1.063566163352251692e+01
6.459526846054028937e+00
1.459380357469520817e+01
1.143457648521602366e+01
-1.000000000000000000e+00
9.244366439821556369e+00
-1.000000000000000000e+00
7.313225358278927501e+00
9.867226816849937521e+00
8.396847369489204738e+00
8.521861201952152243e+00
7.435129771658249176e+00
1.155960284915256686e+01
7.235403467060482541e+00
8.260550029053979060e+00
8.648428942761485771e+00
-1.000000000000000000e+00
8.544096271397117803e+00
7.475588786807109365e+00
9.287753673321034853e+00
6.067015841907515750e+00
9.650924459503576358e+00
9.213661855333818096e+00
-1.000000000000000000e+00
8.666562689993382307e+00
1.099465936112071418e+01
9.370043433446086922e+00
1.251262243183190215e+01
6.486926951387605556e+00
7.385626324031903778e+00
6.655830937406895131e+00
7.989386990336837968e+00
-1.000000000000000000e+00
-1.000000000000000000e+00
1.131626691250500905e+01
6.521305545131814263e+00
7.571647551553732924e+00
1.029589057713884337e+01
6.827335987798488048e+00
-1.000000000000000000e+00
8.856814230050371606e+00
7.187933299759126093e+00
-1.000000000000000000e+00
-1.000000000000000000e+00
-1.000000000000000000e+00
9.315386747415184132e+00
9.134098461229909205e+00
1.034293940935837242e+01
8.606266411170835795e+00
-1.000000000000000000e+00
