1.094291342926227273e+01
7.446528792900620530e+00
1.040899300515790493e+01
7.986388104642031749e+00
-1.000000000000000000e+00
-1.000000000000000000e+00
1.144040936195808733e+01
-1.000000000000000000e+00
-1.000000000000000000e+00
1.299958037374321052e+01
5.629482108320289058e+00
1.072011472049075920e+01
1.138360937433473907e+01
8.769617584989370940e+00
9.983853752037276763e+00
1.657852863027651225e+01
1.125881959183221781e+01
1.215878988664847959e+01
1.070747162295081090e+01
8.662453817380562526e+00
1.579696929320850884e+01
5.500068600942364050e+00
6.870986414358258187e+00
8.649681274322329472e+00
-1.000000000000000000e+00
-1.000000000000000000e+00
1.249882121141943614e+01
7.856604778478176065e+00
1.077084738866511060e+01
8.299214820135581760e+00
1.137101552622223366e+01
8.428242018023084370e+00
6.224870691290364633e+00
6.401350654531495543e+00
9.886170395620528240e+00
9.940624140068189618e+00
8.755624899525058069e+00
-1.000000000000000000e+00
-1.000000000000000000e+00
1.202892165785236500e+01
1.357595255520437050e+01
9.429306365051795424e+00
-1.000000000000000000e+00
8.313782246079696847e+00
9.259743581318614858e+00
8.605264982259868134e+00
7.414991645886243710e+00
1.046154880279127930e+01
7.812296191461460815e+00
-1.000000000000000000e+00
1.174704248749994306e+01
7.469024764551445372e+00
1.383856482136779320e+01
1.299043072721161352e+01
1.236786194603353906e+01
9.355883587722857442e+00
-1.000000000000000000e+00
9.853166441240855278e+00
1.077872350506495636e+01
8.501842676522288755e+00
7.636602064945429369e+00
8.861863963189424709e+00
1.043578955625545923e+01
6.383392058439487649e+00
8.151645789615443505e+00
1.044445261633914512e+01
8.467054704642405838e+00
9.258602563718230982e+00
1.324911874125589151e+01
1.117950075975181257e+01
4.988238655628186358e+00
9.221699722792136455e+00
1.078869849907762202e+01
-1.000000000000000000e+00
7.567013060493755106e+00
8.193811896110714699e+00
9.775098619571291891e+00
-1.000000000000000000e+00
7.350117976147606313e+00
7.539533170593219147e+00
6.925558978271788568e+00
8.613256548006770430e+00
-1.000000000000000000e+00
1.351606057385383686e+01
-1.000000000000000000e+00
8.504076445681132412e+00
1.018654217606904488e+01
1.159738582617029579e+01
7.330471802944978243e+00
-1.000000000000000000e+00
8.697931530149499935e+00
8.026533283466415369e+00
1.255003099502591546e+01
1.147003015266527548e+01
1.368713663247868340e+01
9.407245884168887073e+00
1.097793708881584607e+01
1.076826230271712959e+01
1.171245877774005706e+01
9.756791019602182757e+00
