3613,26053,2833,20123,9463
13959,18614,16130,28100,16760,6476
23823,6399,9038,23402,14666,15786
9565,24425,21499,4363,21667,17467,27841
3911,6782,12578,26978,25704,26573,8829
3375,17894,26330,10026,8220
17584,14525,14965,9115,1835,27575,16915
9112,20893,28133,29617,27187,23107,5377,11461
17584,14525,14965,9115,12635,3745
22048,7397,26117,29617,27187,23107,7147,20083
2092,27832,13432,29888,26368,3149,29825,755,6839,5719
16024,14749,349,2779,14659,1723,22513
29632,4453,18817,11083,2347,19483,2179
15791,6782,12578,28748,20048,8168,9324,16484,27144
3613,13337,24677,8507,26747,5803,26473
1575,29030,8660,13469,8829,29808,24453
20111,11102,7022,18362,3962,27558,18822
17464,5584,28384,4480,6469,29569,6259,2179,23683
17053,9773,16064,16505,23785,15505,29035
9949,5749,29213,23857,21427,2407
2543,22718,16922,14492,6912,21717,8913
26608,29533,10304,22525,16064,8329
29128,27853,22057,4921,16891,25627,2407
9318,11034,8604,11684,1674,15260,23540
8847,16142,5922,8352,14016,8661
3613,16549,21905,7009,4369,21505
26591,5087,6242,28188,13824,25605
4383,9038,16178,29268,6048,27993
22000,8944,9385,1105,18409,23273,2329,14299
6183,10838,21938,7538,19418,26658
11968,25213,26368,3149,26369,19075
25213,26368,2653,26117,20033,27313
25839,4334,21638,12938,10508,19112,13757,15696,18336,18777
2653,26117,29483,9323,755,24065,8545,4465
8847,16142,5922,8352,14016,12861
4936,15541,9611,27187,6803,15083,1993
3470,1820,25130,11754,20322,3186
23823,2318,25418,13484,26420,13176,21744
15709,25433,23003,13147,23521
20574,11279,16634,2894,8690,5610
351,14870,470,23690,380,8948,25538
17584,3373,9017,14947,12307
9565,24425,7289,7729,5089,16969,8401,2395
6183,10838,14204,10004,19544,10976,13901
11704,21869,7009,18979,11699,1703,24803,11713
8224,22589,8665,1385,29335
4720,485,6569,4139,13435,17635,21835
3928,21373,7009,25249,6649,2569,29035
11389,1664,22049,4913,2329,23273,17323
11502,10382,22262,19622,25418,2108,9842,14652
