26053,3613,20123
16130,28100,18614,13959,6476
9038,23823,23402,15786,14666
17467,21499,27841,24425,21667
26978,12578,6782,8829,25704
10026,8220,26330,17894
17584,9115,14965,27575
28133,29617,20893,23107,5377
17584,9115,14965
23107,7397,7147,26117,29617
755,29888,6839,2092,29825,3149
2779,14749,349
4453,19483,2347,18817
16484,20048,28748,8168
26747,26473,13337,8507,24677
29808,13469,8660,29030,1575,24453
27558,7022,20111,18362
28384,6469,5584,4480,29569
16064,23785,9773,15505
5749,23857,2407,21427
2543,21717,22718,6912,16922
10304,16064,26608,8329
22057,4921,25627,29128
11034,11684,8604,15260,1674,23540
14016,8352,16142,5922,8847
7009,4369,3613,21905
6242,28188,26591,13824
4383,9038,6048,16178
9385,18409,1105,23273,14299,22000
21938,26658,10838,7538
3149,25213,26369
2653,26117,27313,25213
13757,19112,4334,15696,21638,18336,12938
8545,9323,24065,26117
8352,16142,5922,8847
27187,9611,15083,6803,15541
11754,25130,1820,20322,3186,3470
21744,25418,23823,26420,13484,13176
23521,23003,25433,13147
16634,8690,11279,2894
380,8948,470,14870,351
14947,9017,3373,12307
7729,5089,24425,8401
10004,10976,19544,6183,10838,14204
24803,18979,11699,21869
1385,29335,8224,8665
4139,485,17635
2569,6649,3928,7009,25249,21373
1664,22049,4913
14652,19622,2108,11502,9842,22262,10382
