22000,18205,17765,23785,6209,1723,16123
23044,14440,28960,20105,25901,17045,2185,18355
27088,3373,17584,14525,28889,25963
9112,2653,26117,29483,13963,8167
6638,24878,16022,21818,7398,27900
9112,2653,26117,29483,9323,12689,18709,14629,5929
15160,25325,22400,27889,20609,17683,17153,2347,25447
29615,7670,10100,17240,26285,12909
2655,7310,4230,27540,16101
6183,10838,13554,25434,6834,16844,9264
20893,28133,29617,27187,7027,11227,1217,17233
15791,6782,12578,26978,10388,18824,14184
15997,11797,16033,26539,8675,29059,10039
7070,11151,25670,15660,5000,16493,8913,21717,25797
11272,28717,9697,22753,24523,14359,8275,29065
5482,15646,7078,11887,2942,7582
2543,11279,21938,25304,3800,2525,10260
11439,27455,3551,3110,7310,29750,26879,26438,27558,18822
671,28127,25202,8066,28856,6912,8717,25173
15568,24613,27197,9872,4517,16297,29233,6433,15883
13432,29888,24533,10169,26185,14251,3745
4144,8224,5453,19817,19321,16681,20761,377,14587
6638,20378,21938,17858,7484,6210
26055,8255,14834,11468,17928
9318,11034,23004,14148,24368,6624,9549
3470,1820,22610,20180,20,7160,1076
1575,14,17318,3578,938,25808,9792
11390,15590,18230,5294,29198,6098,8528,11453,21177
14751,11826,29570,22410,27050,8604
27455,28730,5420,12560,15485,1085,20160
671,28127,10991,1982,10838,12434,11160,8676,13485
24808,23533,17737,14867,26683,20833
27455,28730,13910,1535,1094,28604,11300,5504,9549
20452,9112,2653,11717,17737,10457,19313,3793
22048,1664,8125,19565,25585,17851
3375,3530,28400,11109,16905
11509,17593,15163,9367,24227,8707
22000,8944,20725,20285,14489,6469,27259,14323
12244,9760,27205,29429,29869,23785,3401,2245
5482,19846,15478,27358,5854,14863
3949,24893,10033,22003,14723,6155,26945,15451
11727,27743,28238,13874,9828,9333
6422,27092,9788,10908
351,14870,470,23690,380,25250,344,189,13125
6637,9277,3257,3697,1267,25171,2203
20111,11102,938,3578,2268,8274
29128,27853,1177,18481,14281,28681,7177
8224,5453,19817,22247,10753,2017
26368,2653,2213,5425,14435,26251
20574,11279,14204,24368,8352
