23785,18205,1723,17765,6209
23044,14440,25901,2185,28960,20105
17584,3373,28889
2653,13963,9112,26117
6638,24878,27900,16022,7398
2653,12689,18709,9112,26117,9323,5929
25325,27889,15160,17153,20609,17683
29615,26285,10100,12909,17240
7310,27540
25434,16844,6183,10838,13554
28133,29617,20893,7027,1217
26978,12578,18824,15791,10388
26539,16033,15997,11797,29059
5000,25670,7070,16493,8913,21717
28717,9697,29065,14359,24523
11887,15646,7078,2942
21938,2525,25304
26879,29750,3551,7310,11439,27558
8066,25173,671,25202,6912,8717
6433,15568,24613,16297,9872,27197
29888,24533,14251,10169,26185
19321,4144,5453,16681,14587,19817,377,20761
21938,6638,7484,20378
8255,17928,14834
6624,24368,23004,9318
20,7160,3470,1820,20180
17318,938,25808,3578,1575
15590,29198,18230,8528,6098
29570,27050,11826,14751,22410
27455,1085,12560,5420,15485,28730
11160,671,10991,12434,8676,10838
23533,24808,14867,20833,17737,26683
27455,1094,28730,5504,13910,28604
2653,9112,19313,17737,11717,10457
8125,25585,22048,19565
3530,28400,11109
17593,9367,8707
20285,22000,14489,6469
3401,9760,29869,12244,29429
15478,27358
3949,14723,26945,6155,22003,10033
9333,28238,13874,27743,11727,9828
9788,10908,6422,27092
344,14870,380,470,351,25250,189
25171,3257,1267,9277
2268,938,20111,3578
1177,28681,14281,29128
10753,19817
2653,2213,5425,26251
24368,8352,11279,14204
