0.994803 0.017551 1.496698
0.980115 -0.199794 1.450412
0.601542 -0.224557 1.258756
0.578754 -0.015543 1.747428
0.926936 -0.212275 1.435592
0.611736 0.596401 1.256811
0.849694 -0.733364 1.445424
1.039778 -0.499659 1.419751
0.715251 0.131691 1.62911
1.148764 0.026508 1.319849
0.509906 -0.700043 1.551608
0.845069 -0.395653 1.203733
0.789266 0.478103 1.350519
1.110937 0.102251 1.300353
0.554108 0.565377 1.319306
0.475644 -0.107646 1.23009
0.507744 0.349298 1.585376
0.967481 0.24546 1.302209
1.126172 0.111772 1.219811
0.705994 -0.652205 1.598572
0.789792 0.418906 1.34863
0.523391 -0.042747 1.768315
0.754823 -0.203691 1.706468
1.072463 -0.037837 1.345972
0.902049 0.114355 1.431894
0.685041 -0.954444 1.207518
0.45862 0.505974 1.509486
0.724635 -0.865203 1.228427
1.042745 -0.498258 1.247675
0.883128 -0.617159 1.21543
0.703328 -0.157125 1.235433
0.466146 0.054401 1.430331
0.761259 0.331518 1.429684
0.458362 -0.34418 1.238355
1.195294 -0.085833 1.25859
0.73065 0.111919 1.626909
1.055191 -0.115799 1.333407
0.593872 -0.760638 1.5874
0.616235 -0.668993 1.330219
0.685041 -0.954444 1.207518
1.013762 -0.494358 1.345514
0.51127 -0.749373 1.628187
1.013121 -0.568071 1.315419
0.872579 -0.483829 1.358308
0.670744 -0.746359 1.488999
0.688235 0.155746 1.334653
0.607463 0.179887 1.583207
0.863359 0.111998 1.472003
0.435018 -0.568296 1.713194
0.653718 0.363575 1.476611
