0.542979 -0.811819 0.291281
0.862566 0.208046 0.311195
0.765652 -0.680744 0.265021
0.778507 0.312859 0.317529
0.994315 -0.371291 0.375537
0.589084 -0.799609 0.313758
0.549811 -0.420486 0.208281
0.494857 -0.77817 0.279621
0.529087 -0.847333 0.289615
0.729036 -0.642008 0.336906
0.727611 -0.402093 0.195089
0.534178 -0.845158 0.348871
0.706139 -0.705713 0.320996
1.041962 -0.15106 0.371356
0.581018 -0.591405 0.163733
0.695366 -0.339655 0.19284
0.487451 -0.561649 0.364072
0.551021 -0.661764 0.242918
0.582658 -0.582228 0.260924
0.619624 -0.781359 0.377912
0.43014 -0.852079 0.340857
0.632794 -0.719805 0.258062
0.938488 -0.51356 0.315969
0.772082 -0.191903 0.39069
0.845982 -0.269015 0.363588
0.613822 -0.399503 0.282163
0.766929 -0.556052 0.342359
0.867055 -0.555788 0.353039
0.571423 -0.431925 0.248938
0.845982 -0.269015 0.363588
0.841029 -0.586456 0.3703
0.887213 -0.402691 0.244221
0.578669 -0.310016 0.060986
0.619624 -0.781359 0.377912
0.848443 -0.510504 0.398177
0.44877 -0.717011 0.327526
0.596456 -0.282107 0.325343
0.440124 -0.522927 0.340695
0.984087 0.215971 0.382442
0.844629 -0.308452 0.201226
0.895143 -0.098714 0.377057
0.733849 -0.289036 0.16857
0.99461 0.140103 0.361064
0.883341 -0.555639 0.285488
0.845982 -0.269015 0.363588
0.703059 -0.823659 0.345108
0.783899 -0.490962 0.288682
0.915712 -0.018162 0.336395
1.003357 0.089748 0.372123
0.762068 -0.706629 0.312424
