3.294999839999999958e-03
-5.970276170000000045e-08
9.999945709999999988e-01
7.382874076419999598e-01
9.999945709999999988e-01
-5.950636419999999726e-08
-3.294999839999999958e-03
-3.938998135130000189e-01
5.970276170000000045e-08
1.000000000000000000e+00
5.950636419999999726e-08
1.193785280000000082e-07
0.000000000000000000e+00
0.000000000000000000e+00
0.000000000000000000e+00
1.000000000000000000e+00
3.294999839999999958e-03
-5.970276170000000045e-08
9.999945709999999988e-01
9.080608666649999661e-01
9.999945709999999988e-01
-5.950636419999999726e-08
-3.294999839999999958e-03
-7.013268759349999826e-01
5.970276170000000045e-08
1.000000000000000000e+00
5.950636419999999726e-08
8.820756452900000433e-01
0.000000000000000000e+00
0.000000000000000000e+00
0.000000000000000000e+00
1.000000000000000000e+00
