3.294999839999999958e-03
-5.970276170000000045e-08
9.999945709999999988e-01
7.946592318420000467e-01
9.999945709999999988e-01
-5.950636419999999726e-08
-3.294999839999999958e-03
-2.423797089280000094e-01
5.970276170000000045e-08
1.000000000000000000e+00
5.950636419999999726e-08
1.193785280000000082e-07
0.000000000000000000e+00
0.000000000000000000e+00
0.000000000000000000e+00
1.000000000000000000e+00
3.294999839999999958e-03
-5.970276170000000045e-08
9.999945709999999988e-01
9.876524722970000392e-01
9.999945709999999988e-01
-5.950636419999999726e-08
-3.294999839999999958e-03
-8.136964830320000397e-01
5.970276170000000045e-08
1.000000000000000000e+00
5.950636419999999726e-08
8.707346603890000480e-01
0.000000000000000000e+00
0.000000000000000000e+00
0.000000000000000000e+00
1.000000000000000000e+00
