3.294999839999999958e-03
-5.970276170000000045e-08
9.999945709999999988e-01
7.650519757229999884e-01
9.999945709999999988e-01
-5.950636419999999726e-08
-3.294999839999999958e-03
-5.602257275940000225e-01
5.970276170000000045e-08
1.000000000000000000e+00
5.950636419999999726e-08
1.193785280000000082e-07
0.000000000000000000e+00
0.000000000000000000e+00
0.000000000000000000e+00
1.000000000000000000e+00
3.294999839999999958e-03
-5.970276170000000045e-08
9.999945709999999988e-01
9.011029260049999712e-01
9.999945709999999988e-01
-5.950636419999999726e-08
-3.294999839999999958e-03
-7.002743471050000279e-01
5.970276170000000045e-08
1.000000000000000000e+00
5.950636419999999726e-08
9.837960822160000118e-01
0.000000000000000000e+00
0.000000000000000000e+00
0.000000000000000000e+00
1.000000000000000000e+00
