6518,722,162,1436,5090,8676,3440,2320,6520,4090,2815,4531,6961
7766,626,7256,3176,9260,6676,9106
-1
9158,1458,2732,1796,8936,3140,6100,2020,5386,31,591,6387,3307,7387
254,7974,9284,4644,7844,1760,1880,2320,6520,4090,2815,385,6469,4445,1961
2198,2858,428,5378,2012,7436,5940,9020,4940,7370,9526
-1
1149,93,8949,2593,5793,283,3937,2221
-1
3230,3110,5540,1460,5660,4660,8180,9610,3814,8455,3219,6859,5739,5179
7814,6044,1964,7760,3680,40,1756,4186,3471,4627,8707,4507,3077,7157,7037,953
3215,8570,8690,5036,2516,4232,3672,5508,272,1988
2522,9542,7772,1688,5768,7792,1996,1282,1162,7246,4762,562
5757,1557,8697,4497,417,9867,5667,9307,5227
6590,506,1220,7136,7576,436,2866,3802,316,9052
4574,2858,428,4628,3472,988,868,3858,5574,4078,2022
3215,8570,8690,6260,1620,3236,7436,1352,1912,7996
470,7610,3530,4244,5960,1880,2320,6520,4090,2815,385,2969,4805
1766,7002,6716,6836,9356,5276,1636,9490,3406,6486,3615,5331,7761
4223,9018,6588,792,1352,296,7316,7042,7162,8878,583,6667,3013,2573,1573,5773
-1
6167,9038,4838,4124,9548,9668,2528,8512,1492,778,6862,2782,1846,8866
-1
1955,3230,3110,6476,4320,7520,3440,8864,7864,844,4210,8410,2326,6406
-1
2234,2354,5994,3650,6080,6640,8356,4276,5586,6796
9578,5378,428,4628,3472,988,274,9724,8074,6358,6799,2599
5181,1101,165,7305,4785,7215,6655,9526,2386
8534,7974,6854,2214,6260,2180,9320,9880,8944,7384
506,1220,7136,7576,6520,4090,2815,4531,331
-1
5294,1094,9234,7484,9200,8640,7520,3440,2320,6520,4090,2815,4531,331,2761
141,7281,3795,2926,5356,4420,8500
4992,5433,7863,4783,583,8878,3082
8493,5973,1893,9033,8097,2587,5953,6547,8977,7921
9710,2570,5090,8676,7556,3476,9560,3764,3644,4204,2434,4150,1939
7296,8571,9441,1707,5907,4191,8391,1371,6727
191,9695,6770,6210,8640,7520,3440,2320,6520,4090,2815,385,2969,8765,2681,7477
5294,1094,9234,7484,9200,8640,7520,3440,2320,6520,4090,5806,2166,2607,1671,2827,6907,8491
-1
9830,7310,3110,5540,1460,9314,6730,5014,5455,2515,6001,5561,3845,7925,6989,2909,3029
6842,6962,4532,7016,5432,792,3872,728,4468,5624
5846,7002,6716,2516,5456,1376,220,3586,9382,1087,8107,4741,8261,1681
3215,8570,8690,4610,1244,9980,4556,916
9710,2570,5090,1436,6386,2306,7256,3176,2020,5386
9710,9270,8060,920,2756,8840,1700,2260,5626,271,9127,2107,2821
6086,8570,8690,956,1076,20,6530,7244,3724
4502,3566,486,8186,5756,4820,740,4940,5380,9580,130,4330,8410,1270,5910,5350,9430
191,3062,9146,9266,6836,9356,5276,1636,1516,9370,3286,3846,9762
4992,5433,1947,4377,8457,1317,3187,4903
