6086,8570,8690,5036,8676,3440,2320,6520,4090,2815,4531,331
4574,2858,428,5378,2012,6962,5346,5906,2540,6776,1420,706
8102,6386,3020,7256,3176,2020,5386,1306,8326,4686,8767,5842
501,4581,7011,4527,327,7467,6907,7621,8621,4981
2270,4790,8870,7506,5076,3020,5960,1880,2320,6520,4090,2815,826
-1
-1
5726,8870,7506,4140,500,6584,8300,8180,4540,3826,9690,3606,8470,9031,2011
3566,486,5126,7556,8676,3440,7640,1060,7144,6704,3184
9501,4861,7941,1857,2571,9291,8577,777,3921,7561
7526,6966,9396,452,7592,1728,2288
4070,1586,5666,8096,4016,8216,8656,1516,5716,9796,346,2062,6142,4867
6518,9038,9158,5078,3362,8732,7796,656,6640,7640,2776,9796,346
4574,2858,428,5378,2012,4532,2936,7136,7576,6520,4090,2815,4531,2101,1541,3257,2257
-1
501,4581,7011,5295,4735,6010,1930,2644,5584,3064,3184
6086,4370,8856,9536,5456,6016,6952,1528
1919,7310,3110,5540,1460,5660,5780,2140,9994,7564,1480
5181,1101,8121,267,9991,7471,9187,5107,5667,6823,6943,4018
3566,486,8186,5756,4820,6536,4016,8216,8656,1516,9370,7786,5356,9556
2138,9158,5078,3362,8732,2936,7136,7576,436,2866,7066,6351,5910,5350,9430
2445,7680,5469,6589,4224,3729,6039,1839,5919,2994,850,4930
9213,2688,3963,5547,1347,787,8521,6091,2011,9745,5105,9305
7535,7094,8150,5994,8514,2444,4160,8800,6280
-1
-1
7526,506,4586,2970,626,7256,3176,2020,5386,31,5827,1747,1033,8053,7933
2198,4223,9018,6588,792,3872,8072,8512,1492,4978,4042,5758
3998,4118,38,6122,5562,3692,7772,1688,5768,7792,1996,346,2062,6703,907
-1
6589,4224,3729,7809,2859,4575,8655,9370,1516,5716,9796
7751,7310,5594,9234,7484,9200,8640,7520,3440,2320,6520,4090,2815,385,2969,7765,745
7319,2390,2270,4790,8870,7506,5076,3020,5960,6080,3650
8030,9614,3530,4244,5960,7676,4156,6740,3100,5410,1770,4695,3331
-1
3782,9866,2012,4532,2936,7136,7576,6520,4090,2815,4531,331
8495,3566,486,5126,7556,8676,3440,7640,4120,2536,8332,8212,4012
9213,5133,7563,1767,8787,1207,8227,4147,5083
7967,5042,4482,2052,8136,6980,2900,8984,4784,5344,6344,8500,7564,5134,5575
1418,3938,1508,8802,4226,4940,7370,3730,3610,9406,5766,6207,9847,2707
5078,3362,8732,2936,7136,7576,6520,4090,9886,7402,7282,3642,562
1934,6134,7850,7290,5420,1220,7136,7576,3496,1066,2002,8086,8527,2731,5161
1622,7418,3218,3098,7178,3812,2096,9236,3440,7640,1060,3490,3370,5086,5646,3282
-1
501,9069,5925,4365,4485,6915,8631,8511,5586,6796,6236
4070,1586,5666,8096,4896,5456,1376,220,3586,3466,2346,5932
9578,5378,2012,4532,2936,7136,7576,6520,4090,2815,4531,6961,8521,6091
6400,1605,7401,3201,1891,9591,8382,87,6171,4521
2445,7680,9669,2529,759,4959,9039,30,4110,1030,5230,5350,2479,3139,3019
6518,9038,9158,5078,3362,8732,2936,7136,7576,436,2866,5946,7662,7102,5827,8257,6541,7477
