8317,7197,57,177,3817,5653,1573,5773
2654,9794,7484,2844,9410,5330,1844,1690
9782,8066,7352,1996,346,3271,3831,465,7605,3405,1689,1129,8269
470,9326,8270,8390,7676,4156,790,6655,2575,5655,5095
-1
9782,8066,7352,1996,346,7366,3286,7926,2130,2010,4530,3970
7955,6239,3314,5084,7954,814,5455,2515,6595,8311
6191,395,7415,7535,7094,8150,5994,3650,4210
8704,3909,7275,5559,919,9775,5575
6806,9236,9796,5716,5836,3406,6486,3615,3055,9139
7751,6815,8090,5660,5780,1700,2260,5626,271,766,1207,8347,3433,7513,493,4693
9717,5637,1557,8697,843,4483,8718,9874
8711,2627,7982,6266,8696,4616,7576,6520,4090,2815,4531
3230,5660,9314,6730,934,7954
2774,1058,1772,2,4916,836,6820,2740,1090,4170,9306,8031,3390,2830
9830,8114,4034,1604,9304,2284,1844,1690
9263,7274,3908,5492,9572,2552,5036,7466,9986,2252,6452,5452,9652
1838,122,1242,1802,6170,2090,6290,2770,4486
638,9647,3662,3782,9866,7346,52,1052,9620,2600,1444
1766,7002,5882,3452,8402,9116,1316,1436,5076,8156,1016,8716
6806,5090,9290,1556,556
3998,974,7058,3692,3132,2012,4532,452,8306,5876,4876,8956,7186
-1
191,1907,4337,5933,1853,7837,6121,1921,3571
3453,2517,6717,6837,9357,1657,1371,4891
3818,7898,6588,792,1352,1912
4992,2053,283,5233,1033,8053,7613,4093
9614,3530,8444,3650,4210,5926,1846,2287,9582,9022,2938
7022,8738,4658,1292,9146,5066,2636,1426,3910,5494,5935
-1
5078,3362,2052,8136,8696,1556,1996,346,7366,7807,7687,4047,967
6995,4070,7436,3796,4796,5236,3586,1870,2926,7294,9319,2179,6379
-1
4943,2018,9038,4838,4124,9548,8338,4138,58,2983,4699,5413
2270,4790,710,7850,3650,4210,5926,1846,2287,571,1507,9241
5519,8390,810,3890,4450,370,9652,796
-1
5869,9069,5925,4365,4245,3531,2971,2377,1441,8581
5903,9542,7058,4628,8996,4796,3796,7316,9682
3230,5660,4660,8860,1126,6076,6,5802
5726,8870,7506,8066,3866,1382,7466,3266,9196
-1
9933,8997,1857,2571,5001,7485,1689,1129,8269
6400,109,7689,5169,2739,375,8110,9231,9946
2486,4202,4916,836,6820,2740,5170,7690,1894,6535,4819
6167,3242,2682,7596,8156,7220,3140,6100,184
9501,7345,4915,6225,2859,7809,3729,8679,8119,979
4391,1871,7226,3026,4796,3796,7316,7042,22,4222,4783,7863,5433,9073,4873
470,7610,3530,4244,4804,7234,8950,94,5959,3019,3139
-1
