7296,717,4917,6633,2553,6193,8713,8833,1813,5893,6893,3373
-1
8678,6962,3596,3476,9560,7844,4644,1004
6590,9515,8801,3445,4445,1961,7757,6821,7261,8261,4741,8107,967
-1
1550,1055,8075,4709,4829,7349,8405,8285,6569,7505,9989,1849
4893,813,6897,3243,7323,9753,6387,591,31,5386
6086,4370,8856,9536,5456,1376,220,9010,1990,6630,1855,1975,2689,6889
3782,9578,842,3362,9446,2426,4856,9056,4976,3820,3106,1986,3702,3822,742
1622,7418,3218,698,5274,5868,4658,6374,5438,83,9587,17,7157,1241,1681
4672,9312,6112,4396,316,436,7576,6640,6080,5960,3440,7520,8640,9200,7604
9789,9669,2529,759,4959,6675,4035,9390,6310,4540,4660,5660,1460,8600,2804,2684
7814,6044,1964,7760,3680,6200,5044,6760,4276,5586,6796
2819,6185,4601,3545,5261,2741,6821,7877,6721
8992,9928,6288,1648,4168,1738,618,58,1708,6658
2688,3963,5547,1347,787,3307,877,4957,4517,7883,6167,9038,4838,8492,4412
7094,6534,9614,5414,7844,704,1264,2980,460,3826,2110,2551
6167,3683,9107,8171,4531,2101
2445,7680,9669,2529,759,4959,6675,4035,9390,6310,2670,4231,8311,457,4657
7094,6534,2234,9254,8759,2675,5105,9305,2165,6245,5245,877,4021,8221
4128,388,2818,2938,9022,9582,2287,1846
3566,486,5126,7556,1760,1880,7964,6964,6844,5194,4479,8119
6167,7883,9313,3397,7477
1149,93,7233,2283,8367,9487,5287,3571,6001
5798,9878,428,5378,2012,6962,5346,9986,2252,6452
2234,8150,5994,8514,2444,4160,8800,4720,6436,8866
7094,8150,4070,5006,7526,6590,9515,8801,1781,7577,557,6353,2833,4549
8030,2675,8759,9254,2234,8150,1130,7850,7290,5420,3650
2138,2018,9038,6167,7883,4517,4957,877,4021,8221
1653,8793,6363,6483,687,3207,2766,2206,6406
5469,1389,7185,9615,8031,9306,4170,1090,6886,7327,3687,321,3961
5846,7002,6716,2516,9656,5456,1376,220,3586,6666,582,22,5818,8248
5006,4070,9866,2012,5378,9018,7148,7268,8424,3848,3168,824
1437,1317,8457,4971,771,1891,2451,7806,4726,3570,7156,16,7036
4223,9018,5378,2012,9032,8096,4896,5456,1376,220,3586,9382,1087,8107
5181,1101,165,7185,3819,3939,9735,6810,3730,7810,7964,3764,9000,7844,4644,1004
6590,9515,8801,3445,4445,1961,7757,4237,3797,9593,1024,7549
8030,2675,5105,9305,2165,6245,5245,2101,1541,827,2257,7681
9789,9669,8955,7239,4159,1234,5314,3544
8992,9928,6288,1648,4168,8248
506,6590,9515,5435,7865,1285,7081,4561,5561,2977
1766,7002,5882,1242,3398,2243,6443,2923,5849,4133,4013,2297,737,6721
8565,4365,4245,9381,1065,3495,415,3286,7366,346
8493,5973,2949,1233,1947,8577,9291,2151,1095,9390,9510,1810,1930,7726
2688,597,477,4845,6681,4251,2535,1975,8059
2522,9542,5903,4187,6617,8333,4133,5849,2923,5353,9553,6187,9267,2127,6495,2415,9435,5235
9578,5378,2012,9866,4070,8150,2234,9254,8759,2675,5105,9745
6815,3230,3110,4266,1836,8402,5036,956,1076,8370,5940,9020,4940,6370
-1
9263,2123,2243,593,3553,3707,2707,991,4071,4191,7831,6711,5215,9415
