9614,3530,4244,5960,1880,8900,7900,2530
-1
5246,1046,8186,5756,9956,7436,3796,6226,3860,9944
7669,8229,1209,5289,7719,2350,9930,6850,7564,3364,9944,5744
8704,3909,7275,5559,1479,8619,2755,6835,9915,9201,9321,4953,2523,5043,6913
-1
-1
7310,3110,4826,746,4946,866,5066,986,5186,1546,5782,5662,307,7447,1363,4443,8083
3840,6765,681,4321,5377,2571,9291,8577,6147,2067,5707
-1
-1
3215,8570,8690,3740,3026,2090,6290,6730,5014,5455,2515,6001,9641,7157,7037
4223,5498,9578,842,2492,1492,9346,5266,1626,7710,8151,7215,9735
-1
9326,7610,3530,8444,4364,8564,4484,6200,3680
2951,6590,506,1220,3650,4210,5926,9006,711,2307,7662
1934,6134,7850,3650,4210,8410,7135,1219,7575,8695,5055,1975,2689,169,5525,1325,5405,4469,6989,2909
-1
6275,7550,3350,1634,3404,3964,3250,2130,1570,6652,582,4222,4663,463,9199
7262,4742,4028,7668,6548,8978,122,4322,1892,6128,772,4972,4258,2542,7183,6063,199
6589,5469,1101,3531,2971,8887,9447,283,403,1403,2117
8570,8690,4610,1244,970,5170,6106,6666,582,3727,2607
-1
2157,6357,4641,1,3795,7435,6315,231,8835,1695,5775,5334,6454
7535,7094,1010,9290,1436,3152,7352,1996,1282,7366,7807,3727,9811,1671
-1
-1
-1
7526,9956,7436,2012,5378,6092,6532,6412,4762,7687
-1
-1
8678,8558,6842,4412,6128,772,4972,9052,9766,1471,5671,1590,2710
7982,962,8696,4616,5056,2626,6706,1570,2130,3250,2094
7526,9956,7436,2012,5378,6092,6532,6412,3046,7246,7807,8367,2503,3217,9013,9728
-1
-1
-1
5174,974,7058,3692,3132,2012,5378,1892,6128,772,4972,7402,7962,1878
8138,9788,2768,6848,2648,9668,9548,8338,4972,4258,5842,8767,1747,1033,8053,7613,3413
-1
2927,4202,122,4322,1892,6128,772,4972,4258,5842,8767,5127,487
7955,935,9110,2090,6290,3364,7564,5134,9775,3979
-1
-1
9578,5378,2012,5666,9320,2180,8264
1766,5846,1478,918,3348,5868,9068,3272,7472,8408,4328,3208,1492,778,6862,6742,7183,6247
8570,8690,4610,1244,970,5170,7690,1894,6535,7095,7215
3818,1388,5468,9548,8338,4972,7402,9886,3166,3286,9370,9930,6850
8030,9614,3530,4244,5960,3440,9236,2096,1096,7816,3616
8291,1151,710,4790,2306,4076,436,2866,9886,5806,4686,5127,9991,267
