2951,6590,8306,4940,7370,9526,6655,6094,6535,451,331,2761,9341
1583,1142,3662,3782,9578,8642,4562,7082,4156,790,5926,9006,711,2307,7662,5946
-1
-1
2195,4625,7055,6614,5494,5935,9015,2931,6571,7627,8341,8837,9277,3481,281,8576
6590,8306,4940,5380,7810,7690,5170,6886,7327,3687,7767,1683,5763,9843
8711,5786,1586,5666,8096,6512,2312
7814,5330,1844,1690,3406,6486,6927,9411
5510,7226,206,6002,2636,4066,5782,5662,4387,8467,7753,6037,5597,7808,4013
9215,206,86,6170,2090,6290,3860,220,3586,1870,6511,4795,7225,1429,5069,989
8927,8486,6770,7484,3404,3964,3250,2130
2522,5042,2612,2492,1492,778,2767,6967
6589,5469,1101,3531,7611,471,6387,7507
-1
-1
-1
8711,5786,2860,7060,9580,130,4210,5926,4870,8950
2270,4790,7220,4076,556,7576,1780,8360,4160
-1
6239,7955,935,9110,2090,6290,2636,4066,7586,5156,7640
4022,8102,3866,6806,9236,9796,5716,1516,9370,7786,2431,6511
-1
2522,5042,6758,1622,8783,6353,5233,1867,8887,8767,5127,4191
2879,4034,8114,9234,9794,7484,3404,3964,3250,2130,8214,4575,375,5239
974,7058,3692,7892,8332,2536,4120,7640,1556,556,436,8290,150,9159,2019,1459,6099
1487,5687,8171,8291,7577,2221,2816,2101,5245,8765,8885,4805,569,7589,5069,989
2486,8570,8690,4610,8810,7810,7964,1880,164
7955,935,9110,2090,6290,2636,1426,3910,6990
470,7610,3530,4244,5960,3440,3320,5476,3826,2110
4943,863,422,7562,4482,2612,2492,3922,5638,1438,1318,9118,3763,2113
6695,9566,9070,7235,1439,2375,1934,6134,7850,3650,1220,7016,6896,2528,2648,6848,1424
6995,8711,5786,2860,9880
1725,1605,4035,2319,3439,8794,940,5020,4580,2864,5384
206,6002,2636,3076,8432
-1
4250,884,2754,1634,1514,3230,6815,8090,5660,4660,4540,3826,9690
38,6122,5562,3132,2012,5378,1892,6128,772,4972,4258,2542,3102,231,6315
9326,7610,3530,4244,44,484,4684,7114,4594,514,9964,7534
-1
5006,7526,1730,6644,8360,1780,1660,4090,9886,3166,7807
5078,3362,842,2492,1492,778,6862,7303,4222,4783,583,5953,3523,4798
1838,6038,4322,8522,8642,1622,8783,6263,2897,3337,817,103,5899
-1
4727,8927,191,7991,1907,3337,6857,5857,7627,6571,7507,1711,1270,5910
2927,4202,122,4322,5378,9578,842,2492,3922,5638,9838,4483
6590,8306,4940,5380,7810,7690,5170,9370,3286,415,5055,1975
-1
-1
1766,5846,1478,918,3348,5868,9068,4428,4988,1622,8783,2987,2833,4603,3547
2927,2486,8570,8690,4610,8810,5170,9370,7786,766,1207,7003,2923,7123
