5726,8870,7506,4140,4700,620,9476,8476,7420,9190,8070,8511,1491,2611,5977,4261
-1
6815,3230,3350,2790,5990,5276,4220,9016,6740,4156,2506,2386
-1
6086,8570,8690,4610,1244,2960,8756,5116,4402,3246,7327,307,4387,8587,2503,6583,7297,1433,9728,7517,6361
2688,597,7617,5187,2262,1702,7786,4420,4300,3364,9944,4520,5456,9656,7940,1856,8996,4628,8708,1688,92
4526,4646,9596,5956,8440,4360,6076,6,7026,6906,6346,7402,4972,772
7485,7605,5889,9255,8695,7575,7134,3054,2494,3550,5539,8905
9501,4861,7941,7227,3147,8943,8383,2518
-1
-1
-1
4893,813,6897,3243,1473,723,7863,4783,4222,582,6666,7786,4420,8500
4943,2018,9158,5078,3362,8732,7796,656,6640,7576,436,2866,5946,7662,7102,4891
-1
-1
7982,842,3362,8732,7796,656,6640,7576,436,2866,5946,8871,303,8038,7324
758,6842,6962,3596,6026,6740,4156,4276,5586,5466,9546,7062,9987,9427
6239,6119,254,7974,9284,4644,6480,2840,4556,916,1036,6306,9946
3494,1130,8150,4070,5006,7526,6590,9515,5301,1661,4601,7901,4381,8581
9479,6554,2879,4154,1724,1604,8744,176,3816,9612,5972,6092
-1
-1
9830,8114,9234,7484,9200,8640,7520,3440,5960,6080,6640,844,130,4330,2614,3550,5539,1339,4109,4889
6455,5519,1439,1934,6134,9500,5420,1220,506,6590,9515,5301,5861,7577,4057,3121
-1
1437,5637,3153,3867,5583,3063,9147,9267,6187,1987
5174,974,38,6122,5562,3132,2012,6962,5346,5906,2540,6776,1420,706,1266,1146,2202,5842
7094,8150,4070,9866,2012,5378,9018,7148,7268,4208,5924,8948
-1
-1
9710,9215,206,86,6170,2090,440,9944,3364,7444,9964,514,4594,9676
-1
8138,3938,2322,2882,8252,7096,76,2506,2386
4502,3566,486,6570,8726,8570,8690,4610,1244,2960,8756,5116,4402
5798,9878,428,5378,2012,6962,3596,7796,656,6640,7576,436,2866,3802,3922,5638
8711,4070,5006,7526,6590,9515,5301,5861,7577,4057,6641
-1
8565,4485,6201,3771,5487,5367,2287,9307,2587,5953,6667,4147,7513,7393
-1
-1
9263,8822,8262,2466,5546,6602,8186,5756,4820,740,4940,5380,9580,9460
5903,9542,7772,3692,3132,9866,7436,9956,7526,6590,9515,5301,5861,7577,4057,8917,1777,2491
191,3062,9146,9266,1532,1412,6208
8102,6386,3020,5960,6080,6640,7576,436,2866,5386
9501,3705,7905,8619,2535,1975,2689,169,5525,4525,8045,9101,961
9479,6554,2879,4154,1724,3494,9290,9410,6044,1964,7760,3680,40,1756,4186,3471,4627,8707,4507,3077,9161,3365,2365
5078,3362,8732,7796,656,6640,844,130,9580,7060,6940,9370,7786,6070,1870
9263,8822,8262,2466,3740,8690,4610,1244,2960,8756,5116,4402,3246,4182,7822,8383,6667,3013,3949,8149
1766,7002,6716,6836,2756,8840,1700,2260,5626,831,271,7278,6222,2022,1462
