3818,3938,2322,2882,8252,7096,76,7810,7690,1606,5806,5091,9291,8577,6267,5707,8137
2522,9542,5903,4187,6617,8333,4133,3197,7837,3637,1921,3691,7057,9541,91,5041
501,6585,1945,2065,5431,4990,7420,8476,9476,4120,2536,6056,260
7262,5546,9626,8690,4610,1244,530,650,5290,7006,4015,4575,2859,6225,8709,1009,1129,8269
1550,3980,8180,4660,2230,6430,6990,2910,2755,919,5559,3129
7967,5042,2612,8696,1556,7640,1844,1690
5294,2150,9290,5090,1436,162,9612,8492,4412,3292,6658
8030,8150,5994,3650,4210,5926,790,7930,4290,1860,3016
638,9647,3662,3782,2066,3276,5420,1340,4210,5926,9006,711,2307,6387,1747,2683,5113,9193
1934,6134,7850,3650,4210,1690
7885,8445,4365,7851,3651,9006,5926,4210,1690,1844,7640,4120,2536,8332,7892,92
-1
9215,206,326,2756,8620,52
2879,4154,6584,2504,9644,8930,4850,5290,7006,4015,7095,6535,4819
2486,8570,8690,4610,6380,6226,8710,1690,3406,3966,4407,4287,8367,8247,5167,9247,238
7967,5042,962,6332,5396,5276,8930,4850,5290,7006,4015,4575,2739,4609,6259,8689
6167,2087,4958,758,6842,6962,5346,5906,2540,9050,314,7454
6191,6686,6806,5090,9290,9410,6044,1964,6604,9034,3679,7759,5329,1129
4958,758,6842,6962,5346,5906,2540,3100,3814,8455,9015,8895,9831,7311,4231,2515,2395,5881
638,9647,3662,1142,1703,5903,4187,6617,8333,4133,3197,7837,3637,1921
470,6386,5076,8136,4496,6212,7928,2792,2672
1655,7739,3539,5255,614,6530,20,4220,4156,2506,9526,5326,1246,4171
4175,9479,6554,4034,7400,6840,7556,9986,6620,7676,6676,6556,3190,319,7459,7339
1550,3980,9844,3760,800,4880,9080
3998,2843,6497,4133,3197,7837,697,1633,4713,7233,6673,4243,163,7183,6063,5623
1766,7002,5882,3452,1296,3816,2696,5216,1136,1696,1816
6590,8306,4940,7370,9526,6655,6094,6535,451,7471,8527,2731,5161,9241
5726,9431,4790,710,7290,3650,4210,8410,3055,2935,451,4531
3782,9866,2012,5378,1892,3608,4048,5048,1528
9933,8997,1857,2571,5377,4321,681,8481,9195,3331
2879,4154,6584,2504,9644,2484,4914,9434
6542,5078,3362,2052,8136,6980,2900,1844,2284,4714,6430,6310,6751,2551
4022,8102,2306,3020,5450,9650,5570,6010,94,5959,3019
6589,4224,429,6225,3025,3585,6951,1086,5167,9247,358
9717,5637,3153,2593,5673,5113
5510,7226,206,9215,6785,3131,5561,7277,3197,7837,697,1633
9614,3530,4244,4804,7234,4714,6430,5494,5935,7651,4065,5781,5221
8858,9572,3488,7568,5048,1528
9933,8997,1857,2571,6211,7926,6990,6430,4714,2284
9782,8066,7506,4140,500,6584,2504,9644,2484,4914,9434
1934,6134,7850,3650,4210,1690,3406,3966,4407,4287,8367,8247,5167,9247,238
3998,2843,6497,4133,3197,7837,3637,1921,1207,8227,1087
2927,2486,6686,6806,5090,1436,6386,2306,7220,4076
8317,7197,57,177,3817,2697,267,6063,5503
7814,6044,1964,6604,9034,3679,7759,4119,9255,8695,6265,841
5078,3362,932,7016,6896,2696,4412,3292
9830,2810,2930,8300,4660,2230,8314,7039,2175,2890,8686
6400,109,7689,7809,5379,2454,6094,6655,7930,4290,1860,3016
8317,3453,2517,4233,6753,3387,5257,3541
9933,8997,1857,2571,5377,4321,681,561,7701,5545
