-1
3599,4754,8954,8514,7304,4784,6500,2860,3860,220,3586,9382,1087,5167,9247,358,2074
38,6122,7992,8552,7496,3296,7376,5660,4660,4540,3826,5476
-1
1487,2762,3202,836,6820,8536,6106,6666,3586
6167,9038,9158,5078,4022,8102,2186,6946,1996,346,2062,6142,4867
1487,2762,3202,3916,6346,7402,1606,4090,2815,7015,1219,5419,4859,8225
5903,9542,7058,2822,8618,918,4658,6374,5438,83,9587,17,457
7955,6239,7514,5084,9880,2740,5170,6106,6666,582,4222,4342
8318,4103,3662,3782,7982,7487,5003,5443,5323,9403,7687,5971,6091
2879,4154,6584,500,4140,7506,6386,8102,2186,6946
9326,2186,8102,1082,1202,6572,9938,1148,5074,6298,3274
3215,8570,8690,4610,8810,5290,7006,6886,3246,4182,7822,6547,8977
6045,6981,9411,3327,4602,4042,5758
-1
-1
9263,8822,9878,428,4628,3472,8828,7708,3628
2125,5205,9285,3201,771,2046,2607,2166,5806,4090,6520
9278,5078,4022,8102,2186,6946,1996,346,9082,9642,9762
254,7974,9284,2264,6464,2384,1384,5584
1151,215,7595,8377,4891,4177,1747,1033,8053,9053,9493
9566,1151,215,335,6419,5705,3989,4925,9005,8885,2969,5125
7262,1466,1586,5786,2860,3860,220,3586,1870,6511,4027,8977,4777,8297
4742,7172,152,8720,6376,4660,8180,9610,3526,7726
6695,9566,9446,8732,7016,5432,1352,1912,7708,5938
2222,9242,6812,232,9682,7316,3796,6226,8710,8590,415,5055,1975,2689,169,1885
4175,9479,6554,4034,1724,3494,2780,1780,1660,4090,2815,7015,1219,5419,7849,7289
7535,3455,8810,5290,1090,6940,9370,3286,3846,9762
9566,1151,4790,2270,9290,6770,8486,191,1907,2027,9881,6241,7177
-1
6995,4070,5786,2860,2740,5170,6886,3246,4182,7822,5338
3599,4754,8954,1934,1439,5519,8390,7676,4156,4036,1606,2166,3102,7183,6063,5623
-1
1655,719,6515,1601,601,7621,5632,277,2641,8011
926,1046,2762,3202,3916,6346,262,2746,5671,6231,3151,7351,1555
758,6842,2762,3202,3916,6346,7962,822,1383,7467,6907,2707
4943,2018,9158,5078,4022,8102,2186,6946,1996,346,2062,6142,787,8521,4441
6045,1845,5925,789,2505,1945,4101,3541,7621,8621,4981
8318,4103,3662,3782,9866,5786,2860,2740,5170,9370,3286,6211,6331,961,4481
-1
3599,4754,8954,8514,7304,4784,6500,2860,3860,220,3586,5236
7262,1466,1586,5786,2860,7060,9580,130,4330,2614,2494,1219,1779,3529,7729
542,8822,8262,2466,3740,8690,4610,8810,7810,7690,1606,5806,451,331,2761
5519,1439,9734,3650,1220,8360,4720,6436
4391,1466,1586,5666,7436,1352,1912,7996,4342,8983,9697,1403
4943,2018,3074,1424,6848,7288,3922,2492,2338,7708,5938
-1
2951,6590,8306,4940,7370,9526,9406,1671,9811,4441,241,3761,4201
758,6842,6962,3596,7796,656,6640,844,130,4330,2614,7255,5539,9619
7751,6815,8090,2006,4931,7991,1907,3337,2897,467,1403,997,5197
