698,6122,5562,3132,2012,4532,2936,1220,5420
-1
-1
7022,3942,4658,1292,9146,9266,6836,9356,5276,4220,4156,790,6655,7215,7095,4611,8691,9627,177,3817
638,4223,9018,5378,2012,6962,5346,9986,6620,7676,4156,790,6655,6094,6535,4819,5755,8065,4425
9263,8822,8262,122,3762,6962,3596,7796,1712,5912
2198,2858,428,5378,2012,6962,5346,5906,2540,5684,1484,1330,8350
-1
7296,717,4917,8283,6567,483,1603,4033,3097
-1
9069,501,4581,2865,2151,9291,5091,3727,582,6652
1653,8793,4593,4033,5307,6177,2811,1095,4735,94,655,6010,3580,4580,500,4140,7506,5636,7352,3116
3062,9146,8586,6156,2516,6596,9026,7036
5006,4070,9866,2012,6962,3596,7796,1712,5912
-1
638,4223,9018,5378,2012,6962,5346,9986,6620,7676,4156,790,6655,6094,6535,2895,6855,3489,1905
-1
-1
2445,7680,9669,8955,4875,3939,5655,2575,6655,790
638,4223,9018,5378,2012,6962,5346,9986,6620,7676,4156,790,6655,7215,8151,1011,5091,8731,3361,7561
-1
6806,5870,5990,9356,6836,6956,7396
8781,7065,8715,3291,7777
638,4223,9018,5378,428,8996,1856,7940,2276
8759,9254,2234,8150,1130,6044,9410,2844,7484,5000,3284
3215,8570,8690,5036,2516,4232,4112,1528
9263,8822,8262,1242,1802,2516,6596,9026,5506
-1
5519,8390,7830,6620,536,1656,9356,6836,6956,7396
1919,7310,3230,3350,2790,5990,5276,4220,4156,790,6655,7215,8151,8031,2166,3882,3322,9238,2098
8493,9549,7833,4467,1387,231,6315,451,6535,6094,6655,790,4156,7676,5960,3440,8864,5344,6344,260
758,6842,6962,5346,9986,6620,7676,4156,790,6655,6094,8250,7194,2994,1684
5798,9878,428,5378,2012,6962,5346,9986,6620,7676,4156,790,6655,6094,6535,451,2935,7575,555,4195,3601
8138,3938,2322,2882,3596,6026,6740,4156,790,6655,7215,7095,4611,8691,8571,4203,123,4699,5413
1437,1317,8457,4377,1011,8151,7215,6655,790,4156,7676,5960,3440,4376,296,7316
5757,5637,1437,1317,8457,4971,7777
-1
6806,5090,8676,5036,2516,6596,9026
7535,7094,8150,1130,6044,9410,2844,7484,5000,9080
-1
2138,1458,2732,212,6296,2216,9236,7520,8640,9200,7604,3404
8822,8262,122,3762,6962,5346,9986,6620,7676,4156,790,6655,7215,8151,1011,5091,8731,3361
6086,8570,8690,956,3476,7676,4156,790,6655,7215,8931,4731,7041,9471,4542,4983,6103,2022
-1
6518,9038,4838,758,6842,6962,5346,9986,6620,7676,4156,790,6655,7215,9735,4926,9006,8511,5586
1725,1605,7689,7809,3729,8679,8119
3215,8570,8690,956,3476,7676,4156,790,6655,6094,6535,2895,6855,3930,7570,5140
2879,4154,1724,1604,7400,6840,7556,9986,6620,7676,4156,790,6655,7215,9735,3651,7851,3771,9721,1153,8293,5773
5757,1557,3987,2271,2151,1095,4735,94,655,6010,3580,7234,2284,1844,8984,5344,6344,260
6167,3683,758,6842,6962,5346,9986,6620,7676,4156,790,6655,7215,9735,2595,4311,8391,2526,6166
