3.5921726 3.038704 -0.27333358 -1.3491652 -0.47209212 2.4340112 2.717451
3.7333348 2.3099856 -0.1483691 -2.540426 -0.34593377 2.8531964 1.7903124
2.9567628 2.7604542 -0.7627537 0.59706 -0.9337819 2.1845622 3.2449203
2.62596 0.8989027 -0.7150729 -2.580748 0.7123157 4.178975 1.7524012
3.5623934 3.1343982 0.13512811 -0.60549396 -1.28195 2.567709 3.1421013
3.5610125 1.6962426 -0.5249022 -2.7076817 -0.1420284 3.3085103 1.4912856
2.4354813 2.4342666 -0.7579167 1.0309548 -1.1249851 1.9892087 3.1841693
2.9494197 2.2838602 0.85670483 -2.2884686 -0.9542807 3.2852447 1.4039279
2.4995477 2.9137642 -0.33290055 -1.034667 -1.7578129 1.9864535 1.4745448
2.959027 2.2655847 0.67027295 -2.6491868 -0.81375617 3.3104286 1.3573711
2.653864 2.0684538 0.7214545 -2.795275 -0.8611769 3.1623077 1.0479145
2.5954592 2.47142 -1.5558509 -2.0103805 -0.9972021 2.2556574 1.5163779
4.218617 2.9834511 0.23564634 -1.5550698 -0.33287224 2.405047 3.1062396
2.4154503 1.9111857 -0.69782424 -3.5872517 -0.45974597 2.8781013 1.2215117
4.3107553 0.6564078 -1.4057014 -3.4660711 0.31784073 3.1690886 2.6309896
3.622949 2.9712863 -0.045792967 -0.835196 -0.9911912 2.297203 3.4920163
3.7888463 1.152315 -0.9723034 -2.8087525 -0.008137604 3.3741663 1.8924155
3.7523265 3.0434995 -1.1114593 -0.71463 0.17038469 2.214589 3.163506
2.723481 0.24284476 0.41437933 -3.4994857 -0.541245 2.7707822 -0.22335072
3.6447966 2.5697324 -0.13703707 -2.0790014 -0.3760297 2.6738443 2.175814
3.4596026 3.164185 -0.71711314 0.41434184 -1.4548085 2.4141073 3.1364856
1.5743848 1.4876908 -1.4475154 -3.8268466 -1.1688447 1.8110979 0.08420668
1.7446028 -0.37618476 1.0886633 -4.0229697 -0.970148 3.1367958 -0.5678749
2.3519425 2.733134 -0.80128145 0.3972381 -2.0358186 1.8083444 1.6016372
3.5113468 3.8341672 1.3717647 -0.3155643 -2.5508485 2.4210377 2.4563744
3.8432386 2.6824117 0.3051761 -1.8320812 -0.81851214 2.5798326 2.2476623
3.6263463 2.4086912 0.07969639 -2.3339212 -0.6137207 2.881894 1.799878
3.5720773 3.2284636 0.24259517 -0.47148272 -1.4896805 2.7668767 2.9921603
3.9276946 3.6079593 0.6721319 -0.9397479 -1.9509887 2.4539533 3.2910647
3.5659554 3.3416693 0.5874126 -0.07786492 -1.7679739 2.9073894 2.855695
3.7208216 3.03616 -0.51873636 -1.2483982 0.1128029 2.1514702 3.4903986
2.4667873 1.4262573 -2.1753876 1.4202131 -0.114509664 2.3126998 2.2497835
3.4701283 3.80888 1.3352011 -0.33434635 -2.5935535 2.398535 2.76135
1.8494099 1.5201516 -0.5001342 -4.4165998 -0.5574918 2.5754957 0.5499823
3.4757001 1.968899 0.45980868 -2.8108563 -0.86762285 3.2017002 1.2940761
3.145911 3.2560377 -0.04356399 -0.26927358 -1.2639989 2.3131766 3.5695229
3.1670587 0.84466916 -0.975839 -2.7815764 0.5050903 3.9621243 1.6635116
4.7613764 3.5989451 1.0737973 -0.81873107 -2.745227 1.3363315 2.7265873
2.9655511 1.9433022 1.1787307 -1.8696512 -2.479885 1.979425 1.2162315
2.736027 3.326304 -0.78508115 0.10990336 -0.88092625 2.5012016 3.3956866
3.4886215 2.7403328 -0.25678304 -2.0623667 -0.2907026 2.6693962 2.1077952
3.9316065 2.6224499 0.42136845 -2.0566967 -1.0175682 2.3610983 1.9391693
3.391136 2.3470635 0.91110694 -1.7524463 -1.7843691 2.0196893 1.5029314
2.8453465 2.0542634 -1.0550678 0.9730761 -2.799356 1.3413448 1.2779819
1.8602984 2.4457927 -1.4654665 -2.6821656 -1.4951531 1.5980998 0.562891
2.6746385 2.9288387 -0.9415417 0.75446707 -1.6246669 2.6281981 2.5020843
3.4449522 1.0090697 1.568535 -3.0187244 -2.0163684 0.5235682 0.19891234
4.9022803 3.6819468 0.89403415 -0.6359114 -2.3081272 1.7082808 2.9225297
1.9974817 3.2021809 0.77746296 0.46268123 -3.3776765 2.905735 1.7518885
3.6849506 2.7873695 0.0398781 -1.4008646 -0.9637627 2.9347603 2.4096417
1.8432479 0.8217189 1.1272528 -2.806248 -1.9469663 2.6917567 0.54791445
3.7937434 2.7654774 -0.36391822 -1.7130866 0.06743614 2.1772337 2.8229165
3.6362622 3.1010075 -0.14065078 -0.73466647 -0.86481375 2.3301566 3.2741938
2.5886414 2.5895352 0.97336614 -0.993002 -1.6520851 3.3179517 1.6524106
1.6351243 0.78826493 1.135518 -2.9014914 -2.0504572 2.9976504 0.5400957
3.062372 3.1851957 0.026415557 -0.3820293 -1.3781574 2.3464003 3.6703212
5.9459977 1.9973496 -0.112847835 -2.0632231 -1.3379077 2.523798 3.0724957
3.4474595 3.2438157 -0.41160622 -0.78368366 -0.8614689 2.5509295 2.8775144
4.1202607 3.3894167 0.9945015 -0.7606592 -1.9374145 1.7233403 2.4851274
3.5930443 0.9095475 -0.8611162 -2.7353668 0.29088512 3.352204 2.313078
3.0921829 2.9615579 -0.46117 -1.5358306 -0.2907929 2.6217086 2.155325
1.747034 0.42027467 1.287162 -3.6813228 -1.435435 2.4690294 -0.054414432
0.9293766 -0.4362188 0.65044117 -3.1419683 -2.4624844 3.6906784 -0.24973409
5.9858155 2.2432327 0.77876544 -1.96715 -2.0584307 0.5319931 3.1609287
3.1596656 3.4743035 0.2568222 0.22050431 -1.8401933 3.0161304 3.1230009
3.3961616 3.3523984 -0.30128756 -0.46877024 -1.1485218 2.6678271 3.052751
3.2267158 2.9111292 -0.017326385 -2.2588277 -0.8788345 2.9672995 1.9457096
2.712228 2.5707488 -0.37724057 -2.3630853 -1.379742 2.2954936 1.4173785
4.0220466 2.6288958 0.953871 -1.7159628 -2.102841 0.9257311 1.5544696
3.9182904 2.4528165 0.054053515 -2.3020902 -0.29252234 2.5125282 2.041461
3.9261692 3.410558 0.8631135 -0.47857872 -1.7951565 2.4808025 2.8048766
3.5153942 2.0488591 -0.2083619 -3.1108918 -0.19192888 3.588671 1.2829547
3.5996366 3.155971 -0.48143306 -1.1028444 -0.09123965 2.1576734 3.3491778
4.139819 3.012222 -0.3357015 -1.3466258 -0.12271293 2.2585597 3.355579
3.9233062 3.4838638 0.9800029 -0.37598112 -1.8604372 2.475833 2.7281919
2.3338635 2.8127785 -0.52472353 0.4706076 -2.648219 1.6162 1.3289074
1.9631553 1.0734982 1.2110039 -2.5390012 -2.1938992 2.7616773 0.8213745
4.1789184 2.623825 0.6634096 -1.9182631 -1.3972181 1.5861446 1.9231184
3.0321186 1.0671513 -0.04955867 -3.516011 -0.41547912 3.300849 0.4734128
1.89211 2.201548 0.38187394 -1.2675494 -1.940647 1.9464872 1.0310861
1.4510304 -0.19621831 -0.11946371 -4.391513 0.21455638 3.737312 -0.35161805
3.7792828 3.784698 1.2124966 -0.22323647 -2.2328477 2.3887575 2.711289
3.1494787 0.040138427 -1.5114791 -2.949071 0.21928273 4.0328817 0.4898736
3.7220309 2.987224 0.8097764 -1.2597272 -1.4653436 2.7834349 2.1383305
2.7947772 2.867669 -1.0384548 0.19530794 -1.5353773 2.4770467 2.2376504
2.2260919 1.9395163 0.8907112 -2.5715532 -0.9754803 2.8881125 1.0358427
2.10171 2.783286 0.34050414 -0.049503244 -2.8004627 2.3644578 1.2701294
3.8811638 2.531774 0.20058462 -2.14047 -0.5484898 2.5455863 2.1037855
2.8930328 0.07805485 1.6666994 -2.9764454 -3.274488 2.2560556 -0.22538905
2.070134 1.8576415 -2.466551 0.31892648 0.40359333 2.4882317 2.2595537
5.291866 3.161037 0.73097086 -1.1589954 -1.4482019 0.8937437 2.7276306
3.0975358 3.4815993 -0.8054042 -0.27780673 -1.3545073 2.864742 2.7870991
5.769881 2.5629613 0.546293 -2.3971176 -1.6036924 0.65745986 3.0043242
4.8751655 3.1699953 1.1562927 -1.384719 -2.8308158 -0.24272269 1.9663173
3.5436862 3.360277 0.47255 -0.330999 -1.8102295 2.5717223 3.15364
3.5961 2.4859776 -0.11770156 -2.499233 -0.39668527 2.9284143 1.8056203
3.4287827 2.666759 -0.40035012 -1.9257815 -0.08069035 2.6438217 2.1486611
4.1077456 3.0231998 0.32034644 -1.4580511 -0.5031989 2.339318 2.9408708
3.4434192 1.6382818 -0.23741034 -3.3907623 -0.33717754 3.1446445 0.672041
4.3812685 2.7178478 0.41534516 -1.8610429 -0.5935741 2.0901809 2.7613165
2.190923 1.6235057 1.0768179 -2.4180038 -1.4002844 3.0300484 0.8824513
2.1891448 0.43884462 0.5202155 -3.8429773 -0.50193024 3.3122609 0.14967842
3.8429978 3.4747932 0.42102084 -1.0056553 -1.8856438 2.6381152 3.4327345
3.5817733 3.4722447 1.0083016 0.005690716 -2.0415566 2.6804228 2.7176805
6.179153 2.613287 0.74100924 -1.3434442 -2.913701 -0.43494457 2.6014068
3.124982 2.691512 0.72222424 -1.3124408 -1.1844019 3.3886209 1.909664
3.6328316 2.6592417 -0.28494385 -2.0992823 -0.2778059 2.6073973 2.21519
2.4258454 2.2543857 -0.99617934 -2.5316167 -1.0886252 2.2118661 1.2229028
4.714528 3.410616 0.92279756 -0.8681477 -2.457193 0.86963093 2.5564818
4.1124682 3.399395 1.0015223 -0.75297606 -1.8797604 1.8498855 2.5297537
2.6928906 1.1719315 -1.7177677 2.6469235 -2.067286 2.016108 1.3104236
3.7171023 1.3573713 1.0925592 -3.1898115 -1.2532951 0.93336195 0.5635916
2.2164528 3.4552531 1.2592765 -0.2555344 -3.4348726 3.0269399 2.1285138
3.794192 2.4036527 -0.091599256 -2.169715 -0.2540647 2.5633826 2.1535292
3.0551827 2.2087803 0.31867763 -3.6789694 -0.47898337 3.4309597 0.9610578
2.7715757 3.170629 -0.16149154 0.0259796 -1.3145174 2.2120752 3.806744
2.073644 1.1974956 0.8695452 -3.228463 -1.0602801 2.964159 0.7155937
4.590674 3.0937753 1.2986312 -1.3874815 -3.1838577 0.52070636 2.26437
3.7640326 2.3800583 0.0038752258 -2.6795385 -0.53347856 2.9097497 1.5678918
3.261467 0.88764215 -0.8951286 -2.155696 0.7086428 3.464828 2.3892133
2.592273 2.1868331 -0.58909607 -2.7643886 -0.03379079 2.921998 1.5695034
3.5298944 3.1972642 1.2222924 -0.5559308 -2.2545497 2.2512932 1.956887
2.7575696 2.3189616 0.08266303 -4.038833 -0.30357358 3.4174888 1.0011814
4.1270456 1.8912482 -0.45724705 -2.2442622 -0.046138786 2.7943537 2.4878294
2.3970764 2.5484023 -0.8078035 0.8193099 -2.219011 1.8929002 1.6532129
2.50124 2.4823108 -0.8436345 0.95661867 -1.9943796 2.322526 2.0225513
2.4093184 2.1770687 1.0910794 -1.693506 -1.4867315 3.2339983 1.208965
3.0499108 3.0466795 1.0586662 -0.8909272 -1.6837689 3.2188177 1.8718646
3.7459767 1.7371014 -0.5071871 -2.5896232 -0.2196296 2.9038632 1.4217848
2.751279 2.348243 0.27045056 -3.7103863 -0.5651913 3.3151293 1.0585123
3.5587575 2.4130645 0.21005675 -2.8821573 -0.49675283 3.310257 1.467326
2.8988683 1.8719118 -0.11910084 -2.8757231 0.315393 3.393398 1.750197
2.0873022 1.1713891 0.72852325 -3.6298363 -0.79557693 3.0104394 0.61278594
2.5968013 -0.38426787 1.3452055 -3.7971926 -2.6747963 2.7503762 -0.50189877
1.8045846 1.3095853 0.63504887 -3.7585454 -0.6468671 3.0413573 0.497699
2.9946306 2.6174905 0.17117772 -3.2863712 -0.56744015 3.0697947 1.3910903
3.5470793 3.2384079 1.2249118 -0.5142343 -2.536629 1.9188268 2.033383
2.471167 1.2368009 1.2488681 -2.3861735 -2.6685853 2.055011 0.7516413
2.877091 3.55968 1.1474515 0.11883303 -2.4699006 2.9484184 2.4517434
2.708846 3.0367444 -0.552433 0.6496874 -2.0585625 2.6735604 2.4044878
3.8532732 2.6335945 0.39200196 -2.02807 -0.98868066 2.5521293 1.9432181
1.4783195 1.9330084 0.31948754 -0.91437906 -2.788756 2.5039945 0.7228316
3.3411505 1.6944854 1.4269625 -2.109014 -2.7721965 1.0362542 0.88002616
3.602782 1.4383262 -0.6645236 -2.5270433 -0.1053445 3.1028748 1.5982467
2.7553117 3.249527 -0.51019466 0.7187691 -1.940213 2.7922506 2.8127851
2.2949018 2.9744627 0.90887785 0.96372724 -3.3388035 1.6579578 2.4882998
3.1146338 2.916297 -0.3059924 -2.0673313 -0.6160958 2.6927207 1.9093518
3.3878012 3.1259604 -0.4507251 -1.0860945 -0.3980951 2.4621968 2.8788958
3.9408946 3.7278514 0.9344293 -0.92425156 -2.4302926 2.443773 3.2198584
3.468798 3.121712 -0.28922942 -0.57267034 -0.8136676 2.1875668 3.5780349
2.9931326 3.0434458 -0.97549284 -1.6568599 -1.3347522 2.4944353 1.8382413
3.168518 3.455351 -0.40525916 -0.32367244 -1.7061232 2.9668164 2.6967504
2.8404586 1.545624 1.2528352 -2.2099879 -2.3762088 1.7717001 0.91844916
3.7879887 2.4309032 0.037109822 -2.2796223 -0.34083816 2.6176107 2.0464184
3.4689462 2.511518 0.030047864 -2.8387213 -0.23144944 3.2466269 1.6194454
2.416583 1.777242 0.69278705 -3.1827383 -0.85533786 3.0919046 0.83108914
3.2485664 2.4023104 1.441331 -1.5817719 -3.0883048 1.631505 1.6505678
2.1380293 2.8859322 -0.9232092 -1.52133 -2.0333529 1.327663 0.7552513
1.6385659 1.4359208 -0.4191207 -4.5555034 -0.74833053 2.4200647 0.29210576
1.7088906 2.060198 1.0647694 -1.2823577 -3.1368475 3.1397552 1.0790619
3.5547874 3.1349843 -0.38740376 -0.71502864 -0.53580886 2.1536856 3.6654663
2.7972875 3.311627 0.013515681 0.05719366 -1.5866834 2.3630407 3.708237
2.875824 3.0731158 -0.34634224 -1.3877614 -1.5762652 2.5111606 1.8371177
3.5168343 3.1950922 1.065734 -0.8543154 -1.7445765 2.7515564 2.095595
2.8295324 1.85548 -1.6647091 0.38578966 -2.5489485 1.1034331 0.8536471
1.8538631 1.2764442 -0.79392314 -3.9299457 0.27438584 3.0918818 0.7885313
4.688571 3.0733714 0.481837 -0.99688584 -1.424991 2.1513534 3.0516691
2.3025825 3.4772062 1.1471965 0.39815792 -3.0973089 2.7812757 2.4672823
1.6491293 1.865987 0.8874948 -1.6247036 -1.8977544 2.8699052 1.0410794
3.9532034 2.9728398 0.083522886 -1.2140778 -0.52982515 2.3033454 3.0644717
3.7417185 1.9514123 -0.0010974705 -3.2544203 -0.40349767 2.9485652 1.1329776
3.143552 2.8853817 0.021352142 -2.1092758 -1.085716 2.9545856 1.9290696
1.5071226 1.5441451 0.41794106 -3.753582 -0.8313877 2.875943 0.43081352
3.4732 2.7771788 -0.3800489 -1.8658613 -0.14172532 2.5876606 2.2165675
3.9423568 2.4442759 -0.20504168 -2.0060558 -0.073935054 2.50913 2.5115454
3.7821412 2.7227988 0.16547093 -1.4575145 -0.97126263 2.7788754 2.4728222
2.7019775 2.772613 -0.9799583 0.4666309 -1.6837702 2.4012482 2.169663
3.6717198 2.5137203 0.19005534 -2.05972 -0.7474017 2.828113 2.0367703
6.2202086 3.0676126 0.8046254 -1.3650175 -2.632853 -0.86622614 2.4293752
2.8646953 3.285428 0.8169074 -0.11696563 -1.9581507 3.353679 2.2259278
1.3564016 1.1052747 0.8089603 -3.4567986 -1.0952357 2.9855642 0.36930496
2.5269134 2.8834941 -0.00037160516 -1.0224615 -1.7051221 2.6640663 1.8077718
3.8822505 3.1064482 -0.1479465 -1.2141495 -0.32666644 2.1990652 3.1845305
3.771306 2.0921652 0.2025232 -3.0256886 -0.54508287 2.9944801 1.3180673
3.625252 2.3267503 -0.44063702 -2.1865005 -0.08504554 2.6267543 2.305904
3.488313 3.1578255 -0.2572004 -0.8859201 -1.0810472 2.8297954 2.6180263
3.474274 2.6136417 -0.5006515 -1.8579999 0.04946915 2.5393608 2.427321
2.9747162 1.183161 -0.2169092 -3.556125 -0.225533 3.743396 0.6964203
3.061487 1.8005909 -0.09939411 -3.419461 0.23102932 3.8102098 1.5661422
4.679994 1.6402056 -0.18269637 -3.343142 -1.0527879 0.6631817 1.6535102
3.5750358 2.2659168 -0.10339168 -3.0140705 -0.22343542 3.4339004 1.3902074
2.5480268 2.2581265 0.13166103 -2.7553182 -1.112413 2.626191 1.3071667
3.192997 2.96736 -0.29596904 -2.2160866 -0.87025833 2.6522388 1.9003863
2.3991408 3.2907064 0.089273304 0.90999085 -2.2483845 2.276134 3.2309465
3.6258404 2.3062177 0.27157184 -3.0755525 -0.55825955 3.3112001 1.339207
3.2434638 3.4637604 -0.2876481 -0.5769743 -1.5045625 2.9793887 2.6643806
3.5801618 2.8604484 -0.03870645 -1.5138276 -0.809985 2.8800263 2.3490973
2.5539138 3.5016456 0.5161439 0.7856898 -2.194297 3.0869315 2.7374756
3.1609633 3.4232428 -0.74258363 -0.40334126 -1.0779201 2.7982836 2.8824363
1.8784707 1.8147855 0.8759558 -1.9427446 -1.3449515 2.6710598 1.1789222
3.180464 1.4512349 -0.85675883 -1.8797628 0.8347638 3.0820706 2.5988247
2.71004 3.4541874 0.65642273 0.20628086 -2.4447575 2.3470683 3.4821658
2.3995345 3.0120053 0.029275984 -0.4428036 -1.8734326 2.6675215 1.9185802
1.3860028 1.3439755 0.697613 -3.522332 -0.9151415 2.8333442 0.46995065
2.3242967 1.9572916 0.75595987 -2.9150786 -0.8637563 2.9942708 0.898306
2.5889294 1.333153 1.1759834 -2.3539991 -2.0842202 2.011027 0.7856109
3.742132 2.7634635 -1.3756664 0.31206927 0.53413826 2.4152317 2.8150144
2.5133505 0.99320525 1.5786312 -2.721515 -3.0626917 2.0840123 0.3840763
3.6591117 0.86157435 -1.368447 -3.0073576 -0.1057147 3.6869369 1.1408536
2.2886798 2.1336536 1.070355 -1.626858 -1.5652303 3.252013 1.1986983
3.809944 2.7529478 0.782444 -1.4237808 -1.5606314 2.0331328 2.0860295
3.0501947 2.769847 -0.028369337 -2.3841276 -1.144813 2.8103414 1.7355114
3.371352 2.3915179 -0.03185919 -2.9670362 -0.09159853 3.4228172 1.560162
2.3224776 1.4575319 0.7508389 -3.3323436 -0.8839037 3.0261571 0.8044705
4.102552 1.8324832 -0.44137052 -2.5962358 -0.44514433 2.281109 1.7253913
2.2765012 1.1894516 -0.97532976 -1.4709219 1.2924565 3.2228441 2.4230266
3.403076 3.3444567 -0.39116445 -0.49240252 -1.0014169 2.4927785 3.1742852
2.701286 2.1198328 1.2675431 -1.6521416 -2.233522 2.7503917 1.3137528
3.126665 2.5048046 1.0849301 -1.4056782 -1.5955868 3.0099733 1.521619
1.9057218 1.4391037 -2.2480414 0.9071007 0.16118173 2.4355109 1.5860296
2.8501832 3.264388 0.7815256 -0.14070192 -1.8850311 3.3594189 2.2507575
3.799639 3.0307193 -0.056297213 -0.9301344 -0.7748361 2.361989 3.143365
4.0099053 2.6361735 0.33818623 -2.010448 -0.5814833 2.3029537 2.3309555
4.3570523 2.5479097 0.30473706 -2.5618331 -0.9467 1.6648002 1.6951615
3.2905989 3.7023516 1.3323168 -0.27185684 -2.7018433 2.4705908 2.7157233
3.0193431 2.6461103 -0.18738559 -3.06535 -0.7234764 2.7934365 1.5105036
6.2101855 3.1175992 0.9626672 -1.5198032 -2.8749845 -1.0359486 2.2280464
3.39251 3.0199716 -0.86675024 -1.0414594 0.25699607 2.1670845 3.361844
3.6699028 3.037334 -0.5601244 -0.6356636 -0.7418805 2.309979 3.4402306
3.07995 1.6555805 0.53848135 -2.9776144 -0.9600043 2.886286 1.0227847
1.8022964 2.0011804 -2.1415021 -0.2103487 -0.44212803 1.8163979 1.1760762
2.6782777 0.94455546 1.5462914 -2.6731818 -2.8487158 1.6481031 0.36771706
2.9769456 3.228593 -1.1326449 -0.22418228 -1.0744935 2.7475832 2.8215375
2.7556043 2.5436256 0.94207585 -1.3100741 -1.3082309 3.2749605 1.7012048
4.5215816 2.9982412 -0.7388201 -0.95096916 -1.3678287 2.6499867 2.6277008
3.9087126 1.1381222 -0.90909123 -2.8490913 -0.18277653 2.8413634 1.7741479
2.2737062 2.2527843 -1.7693717 -2.3271046 -0.08353492 2.6770682 1.5815088
4.402284 3.0704122 -1.2000381 -0.48983738 -1.1401578 2.4176123 2.732122
3.025986 3.376592 0.5814848 -0.3347112 -2.1415653 2.516798 3.5447898
3.042133 2.5286183 0.97181344 -1.6329082 -1.204508 3.2865734 1.5918318
3.3803537 2.506117 0.0024146736 -2.8377798 -0.1507053 3.2741108 1.6412684
2.376321 2.4758883 -1.2928948 -0.76223 0.76513433 2.432504 3.0097096
4.9217157 2.6969242 0.3713722 -2.6483943 -0.91773754 0.5744955 1.6774415
4.4718833 2.987469 0.583755 -1.3275372 -1.066054 1.8963071 2.8239717
2.2888439 1.0389786 0.1319792 -4.2531557 -0.18704693 3.6441858 0.41876623
3.9839065 3.142977 0.97424924 -0.77881515 -2.0071454 1.637778 2.2116268
3.16065 3.0366366 -0.39203516 -1.7218336 -0.6803876 2.6766906 2.0490713
2.5026839 2.1638107 0.8491926 -1.9298873 -1.0809556 3.055201 1.4719669
3.4658358 3.0704432 1.3564235 -0.9334278 -2.9589248 1.9272096 1.9838058
2.6511805 1.2990816 0.823112 -3.050098 -1.125883 2.5976615 0.72222793
2.3439763 2.0410526 -1.8780642 0.4030361 -0.028328737 2.3854723 2.5861027
4.588976 3.303903 0.7114711 -0.86593235 -1.730327 2.0940404 3.0221515
3.3741148 3.49478 0.8544836 -0.48477608 -2.154178 2.3647008 3.3548236
2.7325566 3.1517758 -1.0265608 0.4922109 -1.3104835 2.69497 2.9026923
2.2094145 1.8569613 -0.37312916 -3.6959805 -1.0231014 2.4855149 0.93054426
2.9992437 1.4934258 -0.47924188 -2.5928023 0.3364841 3.6654625 1.892151
2.756464 3.372779 0.28187653 0.04322683 -2.0625057 2.452126 3.615001
3.1100698 1.8413779 0.7050468 -2.5974386 -1.1551199 2.7045388 1.1967317
4.589577 2.5707445 0.17582247 -2.9635713 -0.77081496 1.0996153 1.3306292
1.7501584 1.7717731 0.1980829 -4.01609 -0.76823527 2.9957266 0.4887842
1.2493299 0.1346268 1.1911638 -3.5374093 -1.8999035 2.8742805 -0.18266185
2.6036003 1.741987 0.80564284 -2.764239 -1.1338224 3.0376227 1.0122001
3.1249301 2.4398344 0.24239227 -3.5185893 -0.35698828 3.4459238 1.204671
1.422985 0.8356276 0.9032663 -3.0708988 -1.4922442 3.1001515 0.31405237
2.2870958 3.4424677 0.8042016 0.83729374 -2.5290482 3.176978 2.4261694
3.7493188 1.6283184 -1.1424264 -2.3554602 0.99968857 2.6790872 2.9932594
4.061242 1.3282533 -0.74514437 -2.7181082 -0.05528029 2.8969994 2.2820425
3.7425277 2.411173 -0.10694936 -2.1875365 -0.2609305 2.5991642 2.1725569
2.889438 2.2282898 -0.7844682 -1.5032213 0.81107855 2.8364058 2.6376054
3.0514126 2.700222 -0.21968153 -2.876162 -0.8301288 2.733448 1.565809
3.3874066 3.369977 0.48210105 -0.56128174 -1.8400851 2.4535964 3.3510542
3.50612 1.9832528 1.0779064 -2.105506 -2.096264 1.2839578 1.0993539
3.5636482 2.8638535 -0.15920225 -1.6311342 -0.6607919 2.6603086 2.3699162
1.5654215 1.7317572 0.5075823 -3.3880076 -1.0782675 2.665155 0.57433105
3.852647 2.7587945 0.28526303 -1.3382591 -1.1107606 2.7705708 2.483362
2.2201478 2.347803 -2.1645606 -1.4164219 -0.46586332 2.404501 1.6553615
2.6085544 3.3659463 0.17317578 0.23642984 -1.9316239 3.1014402 2.4858904
1.9679672 0.6955368 0.66265213 -3.824711 -0.44210654 3.2470407 0.2222236
3.4341116 3.5738714 1.101809 0.026403747 -2.2975338 2.660382 2.692336
4.0734487 2.226778 -0.15582016 -2.5308962 -0.3590909 2.500335 1.8067571
3.3503916 2.647687 -1.3888469 0.6124389 0.05460242 2.3034902 2.8708582
1.1376151 0.5833213 0.221706 -4.539118 -0.9801479 3.4499385 -0.48357278
3.807023 1.2534053 -0.883641 -2.6941934 0.011923948 3.3500135 1.9514586
4.960234 3.2787886 0.9571401 -1.1213032 -2.7609942 0.5013203 2.568149
2.7052553 2.9262688 -0.7046462 0.3714668 -1.909824 2.5037718 2.2318847
4.0186224 2.2908216 0.30669114 -2.7097907 -0.8470519 2.2461686 1.5225619
4.886563 2.2314706 -0.03081134 -2.296403 -0.6980979 2.027418 2.6197877
4.7360163 3.065076 0.6661036 -1.8240825 -1.145058 1.2195951 2.3717098
5.986056 2.7282603 0.636153 -0.71669614 -2.133362 0.5518133 2.882975
3.6570566 3.391399 0.75742185 -0.07503358 -1.8821704 2.6537557 2.8970494
2.7908454 2.695509 0.9301883 -1.0319366 -1.491357 3.3446534 1.7735455
3.2045085 1.1198995 0.30592176 -3.4093938 -0.6164833 2.5449524 0.35841727
3.5229175 2.482216 0.09874746 -2.3300877 -0.5429129 3.1243846 1.7683128
3.223564 1.2939268 -0.6717349 -3.2508798 -0.121397816 3.8164554 0.9321188
4.702191 3.5022411 0.88672674 -0.7730789 -2.2801988 1.3164015 2.6798646
5.116602 3.2244277 0.81161916 -1.3174965 -1.4863809 0.7830469 2.6542735
1.4541564 0.86280125 -0.37457004 -4.9583573 -0.24793716 2.7732656 0.08217051
2.9375942 3.5635982 -0.39857724 0.45729747 -1.6939399 2.8035126 3.2693071
2.3261812 2.4714744 -1.6205747 0.15160236 0.2044038 2.1181474 3.0864494
3.7910857 2.6667886 0.8623462 -1.3540733 -1.9407265 1.5550094 1.8075837
