1.9418306 1.2329456 0.982322 0.13358176 -2.168672 1.0202285 -1.0301669
0.80543244 0.33039045 1.2999932 -0.18383679 -0.6227663 1.4447335 2.4947827
1.7943506 1.4856713 1.8946191 -0.18834656 -0.30290607 -0.86817974 1.407355
1.8469661 -0.77618897 0.977556 -0.13192832 -0.39664236 -0.35472834 1.3251896
2.7372873 1.1328013 1.9953905 0.8668883 -0.8063379 -0.41587925 0.51447046
1.4512362 1.090838 1.6011283 -0.3187267 -2.6819654 1.3082309 -1.3453717
0.549047 1.0471876 0.69007444 -0.36832806 -0.9903113 1.0581616 2.1957102
2.1148925 0.9307919 0.76555073 1.6066641 -0.097205065 -0.2779612 0.47324482
1.9012377 1.5578933 1.3974477 0.6959133 -3.294087 -0.8215912 -0.618843
1.9145197 1.2203413 1.3900654 0.3553296 -2.5877066 0.52117234 -0.94719374
0.22513953 0.23727632 1.1055018 -0.7414682 -1.3430402 0.95241684 2.1486533
1.9083803 0.06333334 0.014764637 2.0596118 -2.716752 0.64467674 -0.3763868
0.11252943 0.7325637 0.5668129 -0.27995548 -1.24064 1.423072 2.2484615
2.734738 1.2115622 1.9031808 0.84142244 -0.7479963 -0.535588 0.66655517
1.2137221 1.6427217 -0.16062197 0.24229887 -0.17132731 0.60959536 1.1941358
2.127985 1.2647376 1.158514 -0.31637552 -1.1702939 0.93274695 0.2991605
1.8118815 1.3208117 1.3939486 0.73004276 -0.7634718 -0.21865681 0.34836605
1.6127862 0.30844092 2.6165664 -0.623748 -1.4470083 0.36432663 -1.1431175
2.2502286 -0.3672582 0.8002398 1.5943841 -0.13969882 -0.673129 0.87938964
1.7446009 -0.61731476 0.9972408 -0.016056463 -0.40591487 -0.5694104 0.93246233
2.228208 1.1869229 2.3740969 -0.012238301 -1.5552377 0.96320677 -0.7130295
1.5923133 1.3217938 0.76441705 0.5545501 -3.1941922 0.059593495 -0.7582726
4.6020613 0.016666716 1.1538837 1.1194805 -1.301978 0.43601888 1.3506777
1.3749515 1.608554 -0.21470994 0.3372366 -1.6285623 -0.1985035 0.6359541
1.9938647 1.3492522 1.8471534 -0.0647101 -0.24754144 -1.1171136 1.301084
1.7140763 1.4062803 1.4002484 1.2247106 -2.82336 0.9837548 -1.4951957
2.2949193 0.24168438 1.0123752 0.766437 -0.8575921 -0.71722525 0.3275825
2.4815292 1.2750516 1.774334 0.78799343 -0.58721757 -0.4697047 0.65448153
2.7011836 1.3865062 2.450372 0.13754609 -1.2286822 0.5717093 0.29002252
1.4659339 0.23769432 0.96591794 3.0506806 -2.048653 0.65507275 -1.201201
1.8096417 1.6347711 0.29893306 1.197169 -0.8611273 -1.2019644 0.4881293
1.3900338 1.5442767 0.57489955 -0.39125395 -1.0411723 0.40248305 1.3215
0.95782435 0.6287065 -0.21954784 0.18985769 -0.01357015 0.063186765 -1.6363937
0.83322656 0.4498393 2.255665 -0.17532408 -0.59778464 -1.073557 -1.7835034
2.0272782 0.9267277 1.072537 -0.18918988 -1.8561323 0.93093604 -0.121442236
1.4260365 1.5072408 0.5662354 0.25381517 -0.10592755 -0.059525494 -0.12573902
2.0360677 -0.38626745 0.8683075 1.1737529 -0.2742034 -0.9812227 1.0284313
2.195646 1.0712464 1.2989669 -0.02113713 -1.452501 1.1018085 -0.14661776
1.534449 1.3959014 0.070694715 0.030013703 -1.90199 0.47643083 0.4058709
2.2150154 -0.42692098 -0.37285534 2.879274 0.1761729 0.5192488 0.9521643
2.171274 1.6372454 1.4166514 0.37715432 -2.4511094 0.16410476 1.8175145
0.8433081 0.99191916 2.118934 -0.07940428 -0.76645905 -0.9865362 -0.8726516
2.4762325 1.5396438 2.3489275 0.85874134 -3.0733452 -0.76306355 -0.18062513
2.163249 1.0482244 2.4231324 0.18190399 -1.1141886 -0.12735707 -0.58896494
1.948706 0.3008944 1.428685 -0.43244785 -0.606402 -1.3116605 1.8933641
1.470018 1.4714692 0.522614 0.11511261 -2.3893797 0.7222136 -1.3930612
0.99103487 -0.0035514182 1.1331618 1.9268049 -2.6575506 0.79605156 -1.2254782
2.2932582 0.986943 1.8010576 -0.24763125 -0.46854207 -1.5197126 1.5357689
2.3510666 1.7114899 2.3046978 0.75292206 -4.0291877 -1.1704383 -0.767894
0.2951325 0.29405183 0.009935468 0.40210667 -1.9222915 1.2394825 2.3194585
1.5214876 1.2226728 1.8320109 0.34332642 -0.72581184 -0.49115568 -0.26658973
1.9868709 1.2035763 0.7081474 1.2943221 -0.08162459 -0.19735312 0.54957545
1.5733544 1.4545759 0.073019415 0.86485684 -2.8653722 0.20822197 -0.8691067
1.9205855 0.5646155 1.8523587 1.1956131 -0.37113371 -1.1580803 -0.2642605
3.0468233 1.6327608 2.4200668 0.070239626 -1.5066551 -0.4227383 1.1661394
2.3214347 1.5861568 2.4464307 -0.26009715 -0.51328045 -0.0859524 1.7264695
1.8027219 1.547318 0.1441975 0.36639702 -1.3424118 -0.052095238 0.5176719
1.4916728 1.1532118 1.5480983 -0.11574153 -2.6697366 1.2096226 -1.3587435
1.2965991 -0.4616812 1.7758801 -1.043141 -1.7785777 0.8602019 -1.3981031
1.4759684 1.5339295 0.874913 0.28989616 -0.526874 0.01717573 1.7239863
1.0263493 0.086552255 1.5305076 -0.8563185 -0.3424333 -0.6379077 1.9788885
3.0593154 1.0371935 2.0173287 0.5948045 -1.212261 -0.49591035 0.83972037
0.9383732 1.2620934 1.7542708 0.15070596 -0.91338426 -0.67261034 -0.5897607
2.1872666 0.2951187 1.0698459 1.1216859 -0.6336739 -0.8284554 0.16693713
1.5591161 1.170954 -0.07355115 0.76751757 0.32899275 0.9086682 -0.3744245
1.7380801 0.8873997 1.9154416 -0.025289796 0.009208599 -0.7230994 1.8698967
1.8782974 1.3550097 0.9230038 0.46768484 -2.3132045 1.0770291 -1.3184584
3.3639786 -0.18472308 2.1219168 1.1469136 -1.5321621 1.0428705 0.13089527
1.4727589 1.5980903 0.78529394 0.12641248 -0.6677466 0.050465938 1.6756626
1.851682 1.2922122 1.6095368 0.88806 -0.6122312 -0.62235636 0.26190415
1.0855592 1.1276484 -1.1428018 0.50717074 0.2796289 1.0070505 -1.0060792
1.9758404 1.4567485 2.0109947 1.1172491 -3.114678 0.3277523 -1.0483103
2.1894152 1.1327312 1.3227975 0.040632375 -1.4713377 1.1312112 -0.36860487
1.1998501 -0.2098208 2.466168 -1.0714996 -1.6966338 0.8594217 -1.4099771
1.4113482 1.4959598 0.75709414 0.71715045 -2.6385932 0.7843432 -1.5369625
2.6049695 -0.5481147 -0.056051403 3.7610278 -1.3264006 0.113759935 0.6245434
2.113521 1.1054449 1.6306509 0.3321014 -2.4546041 0.46140665 -0.7638903
2.013376 1.6615276 1.8615317 0.976371 -3.2816446 -0.81687635 -0.8047776
0.55740964 0.9601828 -0.20569101 0.3635961 -1.2946079 0.68579525 1.9021617
1.9270457 1.2373054 2.4116402 -0.13695541 -1.186046 0.15830219 -0.7321744
2.458401 1.4042065 2.1491642 0.3406411 -0.77802676 0.30158544 0.28933862
1.3770847 1.6968712 0.3246099 0.65695626 -3.8632016 -0.85387164 0.6165899
3.5451334 -0.65097386 1.9919655 1.4524112 -1.5683 1.1564388 0.22666778
1.2593327 -0.061398845 1.8154029 -0.2647083 0.08171234 -0.537273 1.9853481
1.5395967 1.5601742 1.0805109 0.5134337 -2.559307 0.002651033 2.3476446
2.4081178 1.3838382 2.1380253 0.4840291 -0.9776663 0.4273876 -0.24429892
1.7618891 1.1906466 0.18533467 1.5335349 -1.9519955 -0.6270278 -0.61405045
1.2206857 -0.0026400632 0.48340616 0.6698444 -1.0495747 1.6578721 2.279009
1.8644198 1.1994982 0.96970344 0.1886721 -2.4238286 0.7836942 -0.85003126
2.656628 1.5393883 2.158557 -0.13351366 -0.93583065 0.43749166 0.77143013
2.7390118 1.4427087 2.5058289 0.26767996 -0.92021215 0.0019185813 0.62094414
1.103686 1.6180959 0.5084101 -0.086539604 -0.50007135 -0.40983397 -0.42812863
1.3055819 1.3006287 0.84224296 1.7422887 -3.7627096 0.59498984 -1.5622929
2.1631596 1.0603226 1.19196 -0.14245838 -1.4890817 0.9541122 0.32689604
2.0629776 1.4579072 1.3386627 -0.3056724 -0.9265092 0.43853945 0.3146985
1.5465562 1.6407592 -0.21103811 0.6710639 -1.4597036 -0.5439763 0.5847245
1.8834038 1.2696881 1.0663855 -0.032619007 -1.2781564 0.9090964 -0.45019248
2.2457886 1.6259181 2.3601632 -0.254301 -0.24735571 -1.0066123 1.6059252
2.7644637 1.3658729 2.4455543 -0.021101542 -1.4298532 0.65845054 0.17488803
2.3463664 0.8021855 1.4827785 1.1325352 -0.73239326 -0.48971677 0.16657998
0.95003164 0.7248642 2.5208647 -0.92850864 -1.434801 -0.048683915 -1.2902392
1.0363374 1.0210589 1.3319266 -0.7308883 -0.7540807 1.0696955 1.9320581
2.4069016 1.3454558 1.9167387 0.35034606 -0.99102086 0.7309793 -0.028013688
0.7688446 0.45583797 1.4687121 0.083408825 -0.9963191 -0.25919214 -2.4464967
1.6369892 1.5818063 0.16307968 0.287362 -2.206522 0.1860807 -1.0108169
1.5893044 0.19080237 1.6551535 -0.085392796 -0.009647986 -1.0388262 1.6972305
1.8662555 0.9101613 0.7074249 -0.17122337 -1.9587078 0.9158578 -0.37129888
2.2713733 -0.8866169 0.2531651 2.791226 -0.05130648 -0.979206 1.0209316
2.0960033 1.3304868 2.145367 0.39796838 -0.91904354 0.10687211 -0.4660429
1.7486559 1.1825721 1.45741 -0.6774943 -1.5613464 0.98679966 2.008367
2.2012866 0.409284 2.4836848 0.018424295 -1.314241 0.2686781 -0.6220807
1.687041 1.4877921 0.2736775 1.3861443 -2.8984547 0.3916455 -1.1950425
2.5187132 1.4649932 2.091335 -0.03964638 -0.71961886 -1.613806 1.9130327
2.5401 -0.24994951 1.0316116 0.984766 -0.35760817 -0.5492327 0.21093835
1.0513091 -0.29959232 1.6840397 -0.47902447 0.01624004 -0.39601034 2.0430698
1.1544855 0.9465184 1.1816316 -0.613413 -1.9315354 0.90987104 2.505654
2.9091265 1.0279057 1.9788696 0.7450894 -1.0346003 -0.4779643 0.65267897
1.810187 1.8428605 0.64752173 0.5329462 -0.80180997 -0.42803138 1.0721967
0.8522918 1.3536845 1.1081767 -0.11638061 -0.7956283 -0.42625666 -1.1766195
1.4378532 1.3286833 0.22333741 0.50901866 -2.7748547 0.141011 -0.080941774
1.960707 1.2509584 0.88976586 0.010107808 -1.5346669 1.0651172 -0.6181349
2.7799525 1.7150137 2.419448 -0.1842651 -0.9937169 0.06855327 1.623518
0.9497638 0.37976116 1.5539334 -1.0499078 -1.2764648 0.45171022 -2.5075765
2.729403 0.84970003 2.0511177 0.9942931 -0.9761717 -0.13228938 -0.03708647
1.3974441 1.5880996 0.6346978 -0.2682506 -2.0165243 0.41208005 -1.2277405
0.8789786 1.4399365 -0.27126613 0.18992671 -1.1947366 0.17721623 1.5512156
0.8501991 0.986726 1.60323 0.033618353 -2.7584772 1.1588472 -1.7956543
2.7021863 1.3496512 1.963976 -0.027446456 -1.5035349 0.6919588 0.6705833
1.9192224 0.09823955 1.2282237 -0.44580445 -0.39883944 -1.2510719 1.4396061
1.0647769 1.3409739 1.6591516 -0.8741797 -1.3853126 0.4003873 -1.3985513
0.742771 1.0364071 1.2600436 -0.15266082 -0.85252136 -0.39846647 -1.6591245
1.6587126 1.1369876 0.7659658 0.3681527 -2.7787967 -0.02358276 0.1624542
2.6135852 1.6720809 2.4930334 -0.24007133 -0.5760155 -0.52128524 1.3947309
1.881256 -0.4193732 -0.24344173 2.3083413 -2.8063495 1.0154142 -0.400717
3.0448496 -0.46391398 1.7240732 1.2761877 -0.08588096 -0.15054125 -0.38918707
2.3637369 1.7176073 2.0935183 -0.072189905 -1.4801948 0.15328449 2.3976424
0.3931786 0.4730158 2.019662 -0.7223692 -1.1881758 -0.057189647 -2.701456
1.6089034 1.2918384 0.82898474 1.2707261 -1.0232348 -1.3772151 -0.33729908
1.9782346 0.98474365 0.5682299 1.3555633 0.11996142 0.08693689 0.4183958
2.3163784 1.35711 2.0230112 0.6314386 -0.87196237 0.26813588 -0.22805153
1.1808347 1.1676251 1.0708926 1.8301848 -1.6400884 -0.13524479 -1.5036328
1.6279525 1.6235716 -0.14715889 0.68148327 -1.345743 -0.5427595 0.629731
1.5809444 0.7077116 2.076964 0.019048072 -0.7342763 -1.203517 -0.5608045
1.1020926 1.2044166 1.2302926 0.14059773 -0.37474808 -0.63303417 -0.89331305
2.1845129 1.4343244 1.8064556 0.32755163 -0.6779016 -0.07467982 0.23325898
2.6310782 0.7871595 2.5634613 -0.29036316 -3.6716282 0.8000407 -0.64193404
1.0852813 1.0807483 1.6839769 -0.73581636 -2.349363 1.0062538 -1.5614684
2.2456672 1.5415394 1.752728 -0.4218316 -0.66027504 0.28760773 0.9718659
1.5728372 -1.1759869 1.4551553 0.41457838 0.11392573 -0.22978145 2.0787485
2.2034888 0.4646222 1.1698853 1.274346 -0.6029374 -0.8746811 0.30554357
1.1596323 1.2806783 0.019679874 0.701273 -3.7736957 0.29385477 -0.92423075
2.2041488 1.2656102 2.3118618 -0.020367958 -1.6634083 0.9931355 -0.7122431
1.5032498 1.1586415 0.4304407 0.1987389 -2.2993226 0.3099838 0.31215915
0.31238183 0.25079995 2.4218109 -1.0607939 -1.5459386 0.04107922 -1.9554776
1.5793988 1.3992269 1.2547874 0.6758529 -0.10270306 -0.1654846 1.5574168
2.9482775 0.71163297 2.0934377 0.82923675 -1.2207093 0.1599257 0.18381871
2.390984 -0.5388914 2.4050708 -0.0020109192 -1.4152153 0.89039844 -0.6411228
0.8269093 1.2626282 1.6831623 -0.21258739 -0.97236437 -0.5163812 -1.2954196
1.4061852 1.387484 0.89349496 1.2558768 -3.6328926 0.5429037 -1.4303678
2.7202814 1.277391 2.2947123 0.024396561 -1.8789154 0.65491605 0.07164445
1.0507127 0.7387345 -0.7814243 1.259722 -1.5034958 -0.95363116 0.48886138
1.0939375 0.92612123 1.958315 0.33505818 -0.655059 -1.2027051 -0.6517859
2.6390991 1.3156016 2.4699833 0.7525748 -2.8574111 -0.22315538 0.4199398
1.5996757 0.9237046 0.87087584 -0.02234421 -2.019009 0.53985435 0.7368519
2.1397548 1.4337441 1.2892905 -0.46380377 -0.9550538 0.68716824 0.50743246
1.7655622 0.9885699 0.12174377 1.776514 -2.4413733 0.06383449 -0.6687418
1.459165 1.8192079 -0.47840604 0.35529712 -0.20738955 0.4462955 0.6747169
2.1276894 1.6094679 1.8393493 -0.09396926 -0.46652433 -0.8058725 0.8441535
1.8119495 0.43240982 2.3780286 0.34067807 -0.18332006 -1.261419 -1.2677875
1.9103004 1.3498359 1.2105739 1.0639588 -0.32093164 -0.6427501 1.0614744
1.9984428 1.1628821 1.5645299 0.41552368 -2.4513323 0.67347497 -1.0977963
2.4744325 1.3927588 2.2632203 0.42562634 -0.9714524 0.47264993 -0.038579922
1.8334256 0.88465977 1.0703692 -0.17518362 -1.7243869 0.79056644 0.82557726
1.841557 1.284354 1.6304117 0.89344203 -2.7677462 0.8893066 -1.3354064
1.3079056 -0.1389941 -0.98357415 1.5722891 -1.8132809 -0.5043593 0.50761557
2.044952 1.0731181 1.7312211 0.62676036 -0.6759965 -0.71742576 -0.16433857
1.5465746 0.4328099 -0.59305775 0.99137616 -0.70771784 1.2035238 1.5501522
1.7657906 1.0230932 1.2568357 -0.32294378 -1.1878027 1.029391 1.0738845
2.0472126 0.99390376 1.1988748 -0.03692738 -2.1581366 0.4871397 0.2635735
0.7626687 0.96315664 1.1272514 -0.86053354 -1.249922 1.4336011 2.0886018
4.7855296 0.12833244 0.9480511 1.7104635 -1.6499254 0.7199201 1.0592356
2.2811425 1.2085557 2.0416746 -0.13435647 -0.43477008 -1.6446847 1.8671168
3.3406756 0.25333947 2.390276 0.36698952 -2.0901885 1.2015795 0.18628193
2.0456116 1.1326432 1.4783436 0.10947003 -2.1923535 0.8392839 -0.9986792
1.7037886 -0.02353912 2.4115224 -0.29381797 -0.86137366 -0.7014046 -1.0061451
1.5681275 1.3171909 0.781785 1.2117758 -1.2328535 -1.2095131 -0.5990083
1.8750494 1.1088693 1.5908563 0.6034542 -0.3376344 -0.93649095 1.2211798
1.4648457 0.98908645 0.65707684 1.9033582 -1.9227815 -0.24261743 -1.0477962
1.6062962 0.052532617 1.0692554 -0.1885229 -2.3160298 1.0736817 -1.1904776
0.96507466 0.8011734 2.2164018 -1.1463375 -1.9329569 0.7675162 -1.4396614
1.3206264 0.36236733 -0.3639764 1.8385514 -2.4743676 0.88876635 0.032016713
1.9284495 0.9461096 -0.02666834 1.863983 -2.1692884 -0.2857967 -0.3799928
1.1437299 1.5257001 0.87684286 0.0680336 -2.2782803 0.62397474 -1.6098541
1.4589945 1.4696501 -0.019968241 0.6576967 -2.9006405 0.31490391 -0.43640408
1.3358089 0.7825244 0.52470374 0.6670047 -0.08134087 1.0193737 2.142261
1.6849707 1.4102446 1.1404432 0.81643844 -2.5796814 1.0165898 -1.5190614
3.2805314 -0.6985994 1.6891898 2.378137 -1.243864 0.6910346 0.12603857
1.1973661 1.3789539 0.49766168 -0.53748935 -1.1482545 0.63271517 1.4089292
1.5298638 1.4466548 -0.6741661 1.7291019 -1.3104298 -1.2096596 0.46729195
0.7136413 0.5984033 1.3501576 -0.28152785 -0.48231205 1.213454 2.5486112
1.9274281 1.2082825 1.3031576 0.23599681 -2.4965773 0.606729 -0.8995174
2.9834924 -0.7110382 -0.01041916 2.360558 0.4585688 -1.4531026 2.1649623
0.32358 0.20265633 -0.08953825 0.2688562 -1.9725986 1.3321782 2.1641774
1.6402353 1.3962526 0.53392243 -0.18270946 -1.910902 0.6445478 -0.9056112
1.6272916 1.5829219 -0.13773185 0.30936238 -2.358042 -0.006852749 -0.2769688
2.3208184 1.4774184 2.204517 -0.04029391 -1.1838869 -0.9614509 2.100532
2.1049244 1.258317 1.2901077 0.16628188 -1.1108001 0.96354467 -0.23110704
2.441732 1.6759791 2.4965606 -0.22399575 -0.38566002 -0.78288156 1.636775
2.7218986 1.3900737 2.3866274 1.2188106 -3.014477 -0.4106926 1.0408393
1.2405493 1.6365342 0.89231014 0.09320729 -0.47261438 -0.5886008 -0.16271351
1.4380149 1.1155007 0.44622943 -0.122194506 -1.810633 0.68741626 0.6563448
2.1941 1.5786059 2.152678 -0.32250527 -0.3807144 -0.44129604 1.1935837
1.4430228 1.4421692 0.804873 1.672538 -3.0187292 0.86644286 -1.4517242
0.59179664 0.67181396 1.7368054 -0.6834881 -2.5080726 1.1562533 -1.8214825
1.7263544 0.49399054 2.4006839 -0.083923675 -1.0802934 -0.5523421 -0.6938776
0.72608757 0.4402706 1.4959428 -0.26447436 -1.7798582 0.7596444 -2.2895098
2.1859038 1.2298617 1.4623517 1.14787 -0.5294318 -0.6510351 0.45046607
1.6937916 1.0278885 2.5627093 -0.42375085 -1.2296063 -0.10480535 -0.83105934
0.70493174 0.785569 0.76045823 -0.59219956 -1.546504 1.3955133 1.8950357
2.9940515 1.2098993 2.4438343 0.0403701 -2.2623165 0.26332444 0.36180225
1.9954776 1.246947 1.0271324 0.061389618 -1.9996346 1.0817678 -0.9728893
1.6821033 0.12261207 0.55317473 2.7962115 -1.0914747 0.014488396 -1.5073172
1.5978881 0.79847425 0.32279408 1.841917 -3.0986292 0.77032644 -0.9372114
1.3846321 1.4121262 0.16067787 0.3824651 -2.411695 0.23537606 0.35948408
1.0803403 1.2765995 1.0508175 -0.5224052 -0.6876483 0.71228933 1.9656794
1.1198868 0.45134586 1.0638223 2.7209277 -1.4114996 0.45254797 -2.2248068
0.51303995 0.6255918 1.7033119 1.3746892 -1.392527 0.49030417 -2.7044268
2.0771291 0.3200153 0.1337605 2.5519266 -1.0152116 -0.91011304 0.078608
2.9464428 1.2810688 2.2782516 0.07021599 -1.766225 -1.4858048 1.3200154
1.3371619 1.6025617 0.5344908 0.25803384 -2.0673897 0.063299716 -1.285901
0.94898236 1.550592 -0.29622367 0.4171442 -3.277997 -0.14098793 0.7188015
1.1255492 1.2819484 -0.64875007 1.0579978 -1.1491835 -0.82089496 1.0134238
2.038273 1.5721653 1.578827 -0.45670858 -0.6822106 -0.09474987 0.7555347
0.8529031 0.63714844 -0.63764095 0.5835713 -2.4226658 -0.43721735 0.9023314
0.30440095 -0.09707659 0.53488517 -0.17358682 -1.9406146 0.78150874 2.0913477
1.3822173 1.4097278 0.19749294 0.4474837 -2.523912 0.19869709 0.3193545
1.4165783 0.57905877 -0.46291542 1.7251304 -0.29678997 0.061242517 -1.4608324
0.8112401 0.81452703 2.113975 0.24359155 -0.64284086 -1.1632402 -0.96868646
1.6089927 1.512104 0.19713695 0.8051754 -3.0664687 0.3576972 -1.0029165
3.001184 1.2979716 2.36607 0.33537158 -1.1228253 -0.36044973 0.70808613
1.0951194 1.4003386 -0.5371325 0.85535437 -2.9637802 0.39870054 -0.20787041
1.7734764 1.4914734 1.9689105 -0.2112033 -0.25491014 -0.82268786 1.4658493
0.69601595 0.95424664 0.61364436 0.19700673 -1.9553372 0.6386117 1.5587815
1.8694245 -1.2470437 1.2807181 0.73374915 0.1945623 -0.6935157 2.0873175
0.9354632 1.0175743 -0.15968028 0.7329536 -1.1388935 0.91152096 2.1292846
1.002055 0.9584096 -0.90745604 0.8149297 -2.3729522 0.36258477 0.05176978
1.3148721 1.6383436 -1.2886019 1.0627664 -0.49119052 -0.836036 0.8064145
1.4097321 1.4132917 0.9690262 0.15748337 -2.2832336 0.17577213 2.021733
1.6644778 1.4024523 1.917547 -0.17623064 -0.26879445 -0.6886245 1.5376118
0.41075513 0.6803389 0.4558024 -0.46200678 -1.4992312 1.2282888 1.7724627
1.590388 -0.058949884 0.10058501 2.2811074 -3.1872728 1.1996679 -0.6094183
0.9582088 1.0637795 1.9999173 0.18488345 -0.7439047 -0.9691293 -0.5892544
0.2649608 0.43748212 2.3652182 -1.0411885 -1.3245026 -0.2523512 -2.1041179
1.4957019 -0.48770618 1.5498258 0.4754044 0.06483183 -0.6883901 1.8936508
1.7980781 0.5619143 1.5867076 0.0069110543 -0.16645236 -1.202484 1.430282
1.9741606 1.479445 0.31457713 0.32324025 -1.4084415 0.22748435 0.16637702
2.492216 -0.170214 1.0685709 2.2210271 -0.01369979 -0.15934736 0.15693296
1.89919 0.9913723 0.73308694 1.1016897 0.34367839 0.22799987 1.1036879
1.4498188 1.6323494 -0.23444626 0.46225968 -1.4186031 -0.38221312 0.74237436
2.6594312 1.3522283 2.389934 0.071851425 -1.3635944 0.75596046 6.284274e-05
0.83643234 0.6973199 2.3087432 0.000622876 -0.60388696 -1.3091991 -1.2538577
1.0035578 0.10515285 1.4237492 -0.46201792 -0.33938214 1.2489045 2.5875742
2.9706974 -0.25638014 1.4949362 1.5670751 -1.1592592 0.21645346 0.18342401
1.6793007 1.3935592 2.2843976 -0.5230434 -0.38683096 -0.23509312 2.1101563
1.4742466 1.22318 -0.060188502 0.8606507 -0.44286045 -0.49189156 -0.28355923
2.3204134 1.6436739 2.0599098 -0.16889164 -0.5040864 -0.46260053 0.8367798
1.9447249 1.428225 1.2084192 0.66574514 -0.85477424 -0.05659676 0.3772898
0.6299405 0.77533275 1.352768 -0.6625464 -1.3586233 0.99499965 2.4201112
0.9850818 -0.18236607 -0.5648602 0.6658105 -3.7019901 0.39961964 -0.25311843
2.9633691 1.2071782 2.4054513 -0.17474726 -1.9337395 0.97941446 0.04326715
1.5172607 1.3402221 0.273944 -0.41519615 -1.4790293 0.8431681 0.7775595
1.2720045 0.81391305 2.0978675 -0.76170206 -0.19168825 -0.47766137 2.128796
1.1033435 1.7759632 -0.3806602 0.43185538 -0.8423727 -0.10602516 1.3593166
0.9072057 0.9948439 1.215102 -0.22828653 -0.6748509 -0.48666295 -1.5815517
2.0879498 0.99234176 1.1604381 -0.1688286 -1.750302 0.762926 0.5079611
1.9522543 0.72967094 2.4546583 -0.3662614 -1.7050803 1.1224126 -0.92585635
1.9315761 1.4424675 0.25777224 0.26127142 -1.4939696 0.30312288 0.14009543
1.8559006 -0.42101818 -0.19438902 2.6503816 0.47399417 0.4260655 0.83298546
1.7882206 2.101016 -1.0086802 1.1812968 -0.5390765 -0.71324486 0.5224593
1.7209154 1.3574644 0.20487559 1.387068 -1.7607863 -0.9156159 -0.63338554
1.0011741 1.0134091 1.3051481 0.0027638301 -0.14755566 0.60407263 2.3842816
0.81622076 1.2087966 1.2198795 0.06263589 -0.9574267 -0.38533932 -1.4704683
1.2308772 1.2010205 0.65911984 -0.6896758 -1.1870209 0.9471051 1.2926135
0.78819644 1.1081897 0.9804981 -0.39164904 -0.69815534 0.983008 2.277441
0.5788537 0.6094259 0.9170649 -0.44677898 -1.8444252 1.0537305 2.3656445
4.1395354 -0.1031981 1.1864696 2.0934758 -1.6328865 0.72749287 0.641906
1.1488777 1.6295693 -0.28832665 0.46521655 -1.0817069 -0.30120933 1.2959143
1.2836231 1.5214298 -0.0811201 0.6758623 -2.9042206 0.2304526 0.117595516
2.2288678 0.4157821 1.2271572 1.5306222 -0.51923066 -0.8574993 0.30785802
3.1495602 0.42789853 2.4022944 0.06291296 -1.8720827 1.2301079 0.047183294
1.1625963 0.5161914 -0.92623055 1.0612816 -1.3880619 -0.91296285 0.62675154
1.8551532 1.4524319 0.8061106 0.24481806 -1.2990738 0.3685348 -0.12743686
3.0099103 1.8727255 2.3938563 -0.01402507 -0.9886959 -0.49130636 1.5693642
3.4948668 0.48587793 1.5320292 0.12522808 -1.6153795 -0.92667824 1.195243
1.5454185 0.96662676 0.69635284 -0.31945208 -1.5873789 1.0019629 0.79822445
0.99759984 0.70796484 0.074739784 0.98394036 -4.2670093 0.064759076 -1.0950006
1.6721054 1.370985 1.0110343 -0.28229114 -1.9386863 1.0316253 -1.2541295
1.2012136 1.494991 -0.13106659 0.27116236 -1.8184806 0.22513413 0.6602627
1.7063283 1.4402356 1.3420906 0.92392564 -0.71548116 -0.56176275 0.48723093
1.1780369 1.1136055 1.6408107 -0.6377299 -2.3626056 1.0183437 -1.5342349
