2.2220333 2.0642712 -0.2918941 -1.0256435 -2.6592393 1.2729778 -1.8955184
2.379793 2.2204204 -0.4279813 0.11459818 -2.8226523 0.0076692076 -1.4770385
1.9718469 2.7741084 2.2806792 0.41810235 -3.669322 0.03327709 -1.1200842
3.8023818 2.3559976 1.5807565 0.57274246 -2.5658526 1.3088541 -1.5009519
2.6308074 2.5627189 1.021008 -0.3960141 -3.8640723 -0.589356 -1.163019
3.7757099 1.890322 -0.6712351 -0.47453317 -3.4462826 0.27083355 -1.8582729
2.181711 1.8241112 -0.9554641 -0.6545638 -2.7672307 0.69194025 -1.7435478
2.3486192 1.979744 -1.9269409 -0.5716816 -3.4939709 0.6944664 -1.0527562
1.8003811 2.618165 0.08315036 -1.7268573 -2.5920353 2.9525359 -2.3110087
1.9358575 2.4720697 0.23781265 -0.3758442 -3.09411 1.0737436 -1.7244264
3.5063765 1.7559516 0.631529 -0.5678718 -1.5267409 2.690424 -2.2534418
1.9900347 1.9956645 -0.47062007 -1.7510562 -2.2126899 2.6138215 -2.036901
2.8836834 3.0960526 1.9119109 0.1462824 -4.5285563 -0.68604344 -0.7636674
2.221421 2.706574 1.2537742 -0.7110847 -3.3346791 0.09538835 -1.457163
4.1763735 2.020163 0.5044513 0.9540271 -3.5333629 0.861635 -1.2974166
2.6338837 2.0093875 -0.6679301 -0.6747922 -2.2485917 0.43858403 -1.8820482
2.0252812 1.7191908 -2.031075 -2.742487 -2.8286598 2.1911738 -1.9058579
2.3794305 2.3529727 -0.7016063 0.013897501 -3.067936 -0.47719246 -1.3538023
2.3581545 2.341929 -0.587163 0.22504714 -2.7694004 0.09042883 -1.3638697
1.8773144 1.7586126 -2.2090464 -2.372404 -3.420695 1.633654 -1.3649806
3.372093 2.2962873 0.87648857 -0.2796696 -2.2917128 1.9341909 -1.750399
2.3333058 1.9481025 -2.442186 -3.437934 -3.0432048 1.9041224 -2.0963397
2.326115 2.0076985 -0.41741207 -0.08773471 -2.796529 0.5299687 -1.7195352
2.0832977 2.3363063 1.1383233 0.7048111 -3.2657504 -0.5498608 -1.1277539
0.8255491 2.7073696 0.70561326 -1.1716536 -3.1030555 3.6908715 -2.361871
2.2129586 2.1622171 -0.0454897 -0.48950368 -2.869366 0.6833847 -1.8998458
2.0974925 2.5844817 1.2544837 -0.46217695 -3.4009633 -0.14587897 -1.4349766
2.398517 2.6049912 -0.65360093 -0.6262858 -3.4429438 -0.9145103 -1.1978809
2.2603486 1.7681036 -1.0163236 -0.8464278 -2.951234 0.68826824 -1.8574625
4.2855077 1.9895669 1.0768411 1.3351253 -2.9092536 0.60641676 -1.1567767
2.3298419 1.9525654 -1.3322895 -0.28108928 -3.0177848 -0.5071491 -1.351761
0.656423 2.1190612 1.9512014 -1.9676117 -2.9992762 4.5893464 -3.3102973
1.0391735 2.6813388 -1.9032909 -3.63723 -3.100374 2.7571425 -2.5675893
2.442086 2.0363982 -0.6567341 -0.8236064 -4.453933 -1.5801103 -1.0132929
1.0177846 2.8965726 -0.816097 -3.1034007 -2.574995 3.660626 -2.8249362
2.6806118 0.98512405 -2.335562 -0.021125846 -2.022758 -0.11526102 -0.7379292
2.7007518 1.7425759 -1.0958159 -1.8341223 -0.9630862 2.0696754 -2.0780902
2.150405 2.489676 1.6371266 0.012627505 -3.663831 -0.71758837 -1.085733
3.4554338 2.5558197 1.4622502 0.25500497 -3.1240191 0.34845752 -1.2094325
2.6710398 2.085969 -0.68178797 -0.56103134 -4.464126 -1.2624185 -1.2279578
3.354165 1.7291179 -1.6101935 0.13739172 -1.7057277 0.057695564 -1.2576618
2.1891134 1.968814 -0.7096902 -0.7962713 -2.552929 0.85974056 -1.8048873
2.1643481 2.270273 -0.5467458 -0.60925627 -3.3121817 -1.3086188 -1.0729814
1.3348789 1.8428513 2.7066367 -1.2591816 -3.372528 3.3938286 -2.87258
2.2575195 2.0419328 -1.1241099 -0.8403081 -2.6093044 0.17416996 -1.643159
1.8989402 2.2231927 0.19854018 -0.2986271 -2.7206647 1.2925391 -1.6024748
2.6728032 2.1758776 -0.4183769 -0.7924721 -2.5781655 0.2100541 -1.7599126
2.2647777 1.7388232 -1.5438035 -0.32287815 -3.1144738 0.39865834 -1.3804809
3.9365833 1.7930094 0.97701705 0.14146632 -1.6121769 0.41524327 -1.955213
1.9942964 1.3857476 -1.6281216 -0.99454826 -3.18915 1.0471959 -1.4699322
3.8934066 2.1043298 1.9380368 0.41850832 -2.9125452 1.0742905 -1.4805386
1.529024 2.2199254 -0.2518119 -2.7601686 -1.851506 4.0623627 -2.7453413
1.9935671 0.90476507 -2.1304824 -0.85509765 -2.7477715 -0.5415458 -0.16846554
2.149643 1.2001996 -1.4601953 -1.226533 -2.40795 1.2985868 -1.5305672
4.0094733 2.4178853 1.6499305 1.132937 -2.9361544 0.40816158 -1.1670866
2.4396422 3.0700712 1.8166547 0.036598526 -4.825418 -1.233174 -0.25901458
2.820966 2.47659 0.62721384 -0.6259287 -2.8383448 0.8536608 -1.6236008
2.1519475 2.4445586 0.5873858 -1.1372224 -2.4681182 2.5792606 -1.9027318
1.730669 1.7273766 0.34947726 -2.4593287 -1.7676393 4.341511 -2.9331613
3.5344532 1.6826177 -3.2838256 -3.9690735 0.17931716 0.56895214 -3.1844244
2.1224582 2.2591949 1.0577915 -0.016315497 -3.578897 -0.92780024 -1.0944871
2.1610687 2.6561594 1.452102 0.5528836 -3.3010845 -0.026543561 -1.2079846
3.1116302 1.8707936 -1.1471231 -0.40878627 -4.0590415 -0.8870837 -1.5696533
1.0897863 2.0235877 -0.29957154 -2.769506 -1.4709748 3.1987567 -3.2383733
0.83386767 2.6795464 1.7803489 -1.1291178 -2.9287136 3.5059962 -2.3546705
3.1263762 1.3244283 -1.7956276 -0.36658925 -3.7761116 -1.5239522 -1.3646716
2.6409519 2.4675534 0.8517748 -0.7340316 -2.5442445 1.7591629 -1.659921
2.3125114 2.969201 2.8745513 0.17477217 -3.4242196 1.7716379 -1.9346503
2.4132562 1.2880868 -1.9389465 -0.3766913 -2.2703085 -0.003890994 -0.8528643
3.1647623 2.4981458 2.1742916 0.2916862 -2.5285482 1.8677951 -1.6464335
2.8930178 1.554312 -1.5994208 -1.2572795 -1.1559383 1.215095 -1.8744725
2.3939617 2.1718965 -0.63512063 -1.0126508 -2.720694 0.15893102 -1.8238848
2.2883744 2.1980116 -0.4803871 -0.9190024 -2.6976302 0.59579927 -1.8735799
2.2666337 2.4600859 0.20426312 -0.49990004 -3.5624685 -1.0811385 -1.0960451
2.1663592 2.240458 0.42765972 -1.848296 -2.0369573 3.7738662 -2.5054243
2.1582804 2.4420536 0.3913615 -0.7803571 -3.9272895 -1.2957784 -1.1895831
3.962671 1.5374205 1.1463537 -0.1961753 -1.4978017 2.2772017 -2.1599882
2.7457888 1.9620084 -0.6737139 -1.4107704 -0.8577822 1.729784 -2.361073
2.320377 1.7687604 -0.74106514 -1.0009359 -2.2724953 0.7237567 -1.9206601
2.300002 2.3390627 -0.29236907 -0.6510427 -2.9768562 0.029198583 -1.7632006
2.3129323 2.0731902 -0.67910886 -0.6017375 -2.8883553 0.44011712 -1.8448563
2.5631099 2.5729764 0.9374759 -0.83495057 -2.2923272 2.4621117 -1.757043
1.9710629 2.0572424 -0.20043758 -1.5836712 -2.274254 2.6643376 -2.0120478
2.2839816 1.0022559 -2.2754934 -0.49756226 -2.7093005 -0.30045265 -0.33812842
2.7135074 1.8063074 0.0306153 -1.1180506 -1.8277406 2.936185 -2.2277966
3.836541 1.6718206 1.1619165 -0.10576592 -1.7241659 2.655612 -2.1385455
1.7715961 2.5214553 1.0861535 -0.5903113 -2.6409307 2.5249004 -1.9306185
2.255691 2.4400325 0.93417656 -0.2153503 -3.3708844 -0.38703734 -1.4053068
2.282616 3.21248 2.467016 0.0979337 -3.929836 -0.4002077 -0.8794593
2.3050752 2.1728077 -0.6559671 -0.5242196 -2.8458908 0.7075122 -1.5292896
1.8359933 1.873623 -1.0578952 -1.9775656 -2.447919 2.5621443 -1.8888396
2.0840704 1.1903296 -1.8416977 -0.6647852 -2.847111 1.1719834 -1.1659062
2.118689 2.7150156 1.1568868 -1.0076176 -2.534642 2.7625158 -1.9214798
2.2504318 2.4090915 0.9532982 -0.08153651 -3.2520456 -0.09088045 -1.5082355
3.1052318 2.456606 1.0843015 -0.6439322 -2.017916 2.681127 -2.0204117
2.4139845 2.2392783 -0.55454576 -0.02306024 -2.9687276 -0.3992898 -1.3748035
2.3749983 1.3445194 -0.89797676 -1.121485 -1.878106 1.2935408 -1.8171288
3.726146 1.7788928 -1.893109 0.12046357 -1.5165855 0.10808504 -1.2974997
2.2566783 2.338173 0.67600286 -0.78091085 -2.740924 1.2635375 -1.7411144
3.029988 1.9455531 0.15274951 -0.42805842 -1.0540456 2.0292566 -2.286539
2.6233792 1.4253223 -2.2316737 -0.77745384 -3.1509364 -0.61543125 -0.7817112
2.0023544 2.4504244 0.74167717 0.046529673 -2.8300538 0.56175715 -1.4848515
3.658301 1.5643051 1.0123713 -0.7280815 -1.672774 3.0362577 -2.3843045
3.1079578 1.9614205 -1.9565393 -2.4557614 -1.0233899 0.8790638 -1.748202
4.4193306 1.3967414 -0.559896 1.1214374 -4.4978533 1.4151821 -1.3525174
3.7844007 1.7705803 1.1603544 -0.107593395 -1.726284 2.644675 -2.1112425
3.5583398 1.568659 0.559062 -0.5744461 -1.3592092 2.7027857 -2.3560774
2.2507167 1.3423579 1.0812674 -2.421969 -2.015998 4.1395283 -3.516767
3.8106356 2.361011 1.1453879 0.58010995 -3.486969 0.19289261 -1.0609328
2.6909497 2.5419836 0.83971655 -0.7182646 -2.971098 0.7181113 -1.5885315
2.2327878 2.2837903 0.55835617 0.03680923 -3.0240128 0.31045222 -1.6266236
2.6505358 1.5209383 -1.2838949 -0.9393502 -1.9188884 0.82991964 -1.6489153
4.500569 1.3935008 0.6635983 1.2302105 -2.3714051 0.5360907 -0.83827627
2.16285 2.6720762 1.5336589 -0.16720387 -3.7542505 -0.7120916 -1.0352697
2.7118714 3.328281 2.8917108 0.5090914 -3.6854331 0.77982575 -1.3989824
3.0673897 3.3011003 2.9005022 0.30810323 -4.2388616 0.53084284 -1.3298792
4.0651217 2.078262 1.4323478 0.9442134 -2.4565144 1.101459 -1.3424373
2.7098057 1.8478254 0.15635917 -1.4964277 -1.8592972 3.4300408 -2.3918023
2.1883628 1.9225693 -1.2843642 -2.3160934 -1.746641 3.0104818 -2.1368823
3.1517 1.4363736 -1.5579913 -0.33967805 -4.036237 -1.1869798 -1.590923
2.2260356 1.8906546 -0.54689825 -1.5743402 -1.8471307 2.9294105 -2.2770693
2.1675994 2.347724 0.70129335 -0.6234199 -2.9140048 0.9591375 -1.7621402
2.4824095 2.125703 -0.21107498 -1.038472 -2.644463 0.5965257 -1.9116865
2.1527379 2.7776053 1.3980064 -0.26000544 -4.696055 -1.4432731 -0.4336032
2.2089555 2.0222845 -0.33159563 -1.288127 -2.5042622 1.7876964 -1.8494692
1.3021915 2.550776 0.71264076 -2.2872598 -2.3522372 4.109165 -3.0555868
2.0805542 2.1122282 -0.5899879 -2.9735203 -1.1727222 2.8790336 -2.5734568
1.8848879 2.0449777 -0.6944741 -1.8821396 -2.3807817 2.5801897 -1.9591073
2.2815142 2.0047812 0.31707928 -1.9344355 -1.8773586 3.8922658 -2.6430912
2.4242523 2.1601653 -0.22961272 0.18154314 -2.8490033 0.111490905 -1.5435477
4.4477644 1.4708354 0.9046799 0.6910448 -1.8362163 1.5846937 -1.5286672
1.7431773 1.5325238 -1.6839067 -1.8149593 -3.2256682 1.5414175 -1.2991086
2.3803966 2.3145213 0.35711476 -1.0302509 -2.8776093 0.7139527 -1.8242632
2.305056 2.3173215 -0.419206 0.14999714 -2.7293591 0.18976802 -1.4146676
1.921829 3.2354493 2.6403933 0.45232412 -3.7668202 0.98151046 -1.5500168
2.130606 2.5210824 1.0582969 -0.6378548 -2.6934352 1.9705749 -1.777978
1.8310683 1.6147598 -1.0147351 -1.4018701 -2.9754798 1.6026807 -1.5079627
2.3509502 2.3820043 -0.2515733 -0.8712214 -3.3852181 -1.0178285 -1.4491383
1.5353862 2.600296 -0.8271767 -2.8485126 -2.2800896 3.377169 -2.6101303
3.3398244 2.503828 1.2544535 0.20385906 -3.4654894 -0.008984032 -1.1290563
2.0396888 2.6100988 0.7430618 -1.2764857 -2.4404528 3.0168514 -2.0757146
2.8672116 2.0355191 -1.0545954 -0.78183043 -0.8836737 1.0202386 -2.3333879
4.846626 1.5323141 1.2571537 0.5836903 -2.5988324 1.235988 -1.6178213
2.9972298 2.3102055 -1.0463133 -0.4055682 -1.4208409 0.91185397 -2.289459
2.132198 1.3586626 -1.6299074 -1.0285484 -2.726657 1.097168 -1.4172026
1.6893932 2.2615402 -0.41797736 -2.5366077 -2.001687 3.7025876 -2.5511713
1.9091426 3.0209029 2.352406 -0.5019655 -2.7525728 2.7859507 -2.1494105
3.0796196 2.921892 1.7014654 -0.21286371 -2.815852 1.1995423 -1.5082351
2.3015718 1.784355 -1.6166213 -0.33018896 -3.0894487 -0.49023265 -1.3192129
2.244216 2.2342072 0.17614844 -0.76379013 -2.8599787 0.7657065 -1.8288478
2.2205465 2.1158028 0.52544224 -1.9831014 -1.9619156 3.9741755 -2.7578325
2.8633296 3.1573303 2.1760025 -0.1295872 -2.971197 1.0599847 -1.4428302
1.6320307 2.5335817 1.031642 -0.17578849 -2.7623813 1.6156955 -1.6530384
2.6529796 2.5480437 0.8715389 -0.958941 -2.1517355 2.7736478 -1.9015968
2.0977137 1.7128339 -0.6790447 -1.0723766 -2.5132616 1.4251765 -1.8614986
3.4707704 2.3371758 0.2568576 0.37315902 -4.9240265 -0.4606095 -0.7593652
2.019376 2.6568737 1.5915301 0.16423205 -3.2263532 0.46736318 -1.4374474
2.2645104 2.743803 0.36440572 0.41749492 -3.055808 0.07436818 -1.2547717
2.8661368 3.380511 2.4699957 0.14336929 -3.8584917 -0.022983495 -0.9846858
2.3633635 2.230441 -0.6496695 0.021609508 -2.9089425 -0.3417408 -1.3675307
2.3078191 2.448543 -0.89271986 -0.6206174 -3.0175257 -0.2833783 -1.5691129
2.088746 2.1529284 -0.31810245 -0.6347142 -2.7620099 0.88028616 -1.5993851
2.130925 2.0138035 -0.07616612 -0.9445312 -2.6342535 1.7069416 -1.8538641
3.2826807 2.3378975 0.6709074 -0.08905313 -2.2982516 1.5984715 -1.6732602
2.8072517 1.7079697 -1.359027 -0.75540125 -1.9777995 0.5870113 -1.6273863
2.1257522 1.9593921 -0.47345433 -1.3457716 -2.7799034 1.5991042 -1.8670877
1.8986769 1.7200058 -0.96703184 -1.6797205 -2.320761 2.2886317 -1.7886056
2.8951304 1.7385564 0.26338622 -0.5193244 -1.6080171 2.513411 -2.089444
3.302292 3.0215976 2.2122993 0.4898661 -3.2167473 0.38759762 -1.1793321
2.1825476 2.6010513 1.1021417 -0.7008468 -3.5531921 -0.39940304 -1.4061798
2.110285 2.3988035 0.48613122 -1.2069228 -2.4564145 2.6014984 -1.9069439
2.2896805 3.1364439 -0.8091496 0.056336902 -3.099688 -0.33547264 -1.3360474
2.4723532 3.0793657 1.7244825 -0.046663396 -4.667853 -1.1724902 -0.60159063
3.2154908 2.154786 0.2694249 0.050389506 -1.5629413 1.2232797 -2.2060823
2.7326412 2.378556 -1.0905479 -0.6589953 -3.425867 -1.59993 -1.0389663
2.1251915 2.853975 1.8713049 -0.13840324 -3.6394806 -0.343548 -1.081249
2.259773 1.7438312 -0.37753645 -1.1342188 -1.7329637 2.0639062 -2.0184793
3.4648218 3.1923056 2.6842299 0.124141835 -4.445538 0.16505772 -1.086836
2.343301 2.489592 -1.3353741 -0.52943885 -3.1587374 -0.952661 -1.0772742
3.533717 2.4110374 2.1189728 0.6444633 -2.6895118 1.262134 -1.3494153
2.174466 2.3448904 0.3737339 0.12632254 -2.8199794 0.44148672 -1.5657159
2.3811882 1.8928516 -0.94501245 -0.1647737 -2.9370894 0.10767251 -1.6678896
1.9663163 2.5991812 0.7444521 -1.2673842 -2.478096 3.0247679 -2.1409466
1.1470685 2.7234607 -1.0434597 -2.747055 -2.8176842 3.181498 -2.464417
2.9819782 2.3646278 0.90110266 -0.5944985 -2.205042 2.3947954 -1.8252131
1.9908057 2.1636348 1.2120345 0.09536537 -3.770486 -0.8251254 -1.0087454
3.0829904 2.0525293 0.5364181 -0.21232161 -1.9739012 2.1417823 -1.8216528
2.2888713 1.8250213 -1.5557451 -0.24309698 -3.0634143 -0.3802473 -1.3324332
3.5750277 1.619177 0.31310782 -1.447323 -0.54841715 0.72322893 -2.4337564
2.1738002 1.6950846 -0.73998404 -1.4567332 -1.713144 2.7139246 -2.162651
2.096554 2.5505955 1.0670449 -0.4713744 -2.9327872 1.237354 -1.7374202
1.9738107 2.3232625 0.35627434 -0.91052353 -2.53656 2.3397539 -1.8960818
2.1597893 1.8376813 -1.237563 -0.53625643 -2.8692935 0.4322428 -1.6076232
2.8647592 1.8354079 -0.11952475 -1.0895638 -1.0678033 2.4661717 -2.4671254
2.6484935 1.6668975 -0.2278885 -1.3908368 -1.6570244 3.0435002 -2.3708982
3.4586728 1.9286692 -2.3556702 -0.48102227 -2.7323391 -0.871836 -1.3722969
2.3745036 2.0391138 -0.90583026 -0.32002276 -3.009766 0.020306882 -1.7161342
2.2305977 2.2827942 0.40243235 0.17460504 -2.8739862 0.45173228 -1.5969476
4.3637624 1.6702666 1.0942471 0.59671664 -1.575006 1.4260695 -1.7777308
2.3364146 2.640533 -0.02504085 0.14402261 -2.931415 0.33118445 -1.3817446
3.4254076 2.183026 -0.19167319 -0.048014358 -2.2469916 1.0727565 -2.0357306
3.3687394 2.4621325 0.78207433 -0.19340509 -2.6323214 1.1188765 -1.5227926
3.7088544 2.2717335 -1.9834162 -0.413548 -1.5970958 0.21463811 -1.8073072
2.2911751 2.6967738 0.7683716 -0.3624261 -4.799023 -1.3710576 -0.72264785
0.550346 3.2924905 2.2752807 -1.2101758 -3.4417107 4.419232 -2.8754292
3.382885 2.9270768 2.1012788 0.39911333 -2.9782119 0.70881766 -1.3073792
2.1246245 2.3472052 0.8599701 -0.4690782 -3.0349426 0.5931343 -1.6990258
3.4486737 1.9810907 -0.80752075 -0.3560076 -4.1339507 -0.052323166 -1.5610173
3.4235504 2.417335 -0.56795967 -0.1666308 -2.1424437 0.6936403 -1.8452762
2.2653797 2.210869 0.2453342 0.1587086 -2.8481612 0.45187438 -1.6283981
2.36838 2.4518979 -0.5952958 -0.6515491 -3.1929915 -0.63618296 -1.5288639
3.1892064 2.1414428 0.31928167 -0.042245217 -1.1036791 1.21035 -2.1822672
2.1363242 1.4980364 -0.71896744 -1.4315947 -1.8131434 2.065811 -1.9557285
2.3752418 1.9320378 -0.202225 -1.0968634 -2.2603893 1.281204 -1.9972887
2.6450117 1.4032056 -0.5621811 -1.9535073 -1.2375983 2.902113 -2.4776783
2.918719 2.2194574 0.3604276 -0.37866285 -2.3179584 1.5456324 -1.736615
4.354609 2.015212 0.30306837 1.1325955 -3.9829879 0.8637782 -1.2974203
1.0854384 2.713634 -0.1290622 -1.5690929 -3.041502 3.4826372 -2.2421038
2.2425787 2.4063344 0.56162715 -1.1210574 -2.3992112 2.57407 -1.8395998
2.1993861 2.428679 0.7950976 -0.316116 -3.208985 0.10791594 -1.572385
2.2956595 2.2250063 0.43254003 0.10093679 -3.0132847 0.19372219 -1.5848871
2.2778482 2.09738 -1.0642343 -0.19717154 -3.0321758 -0.120746136 -1.6103176
1.9532199 3.1660628 2.45226 0.4544094 -3.613811 0.6686184 -1.3609363
2.7337763 2.8457308 1.4387527 -0.73548806 -2.4152267 2.1881168 -1.7356371
1.6204947 2.9576917 3.111288 0.008541368 -3.749042 2.1101315 -2.3035727
1.4992958 2.6353889 1.4341359 -0.17714438 -2.8478456 1.8396194 -1.7493387
2.3268597 3.1032624 2.379158 0.20277017 -4.176307 -0.63034934 -0.5996903
2.19511 1.923456 -1.0162336 -0.57145184 -2.8039255 0.5103692 -1.6835319
2.1025083 2.1254592 0.28573784 -0.11814729 -2.8170638 0.84365636 -1.7660366
2.2492108 1.7536442 -1.709919 -0.75726795 -3.2923105 0.74856395 -1.3240215
2.3508575 1.9699787 -1.3085604 -0.15649137 -2.964226 -0.02562571 -1.3962456
3.2580507 2.3607533 0.9783007 -0.38654622 -2.2527196 2.1765997 -1.8330506
2.9367044 3.3325083 2.3798244 0.12327679 -4.76818 -0.6698443 -0.2540097
2.7536385 2.1336763 -0.29630396 -0.6803205 -2.4360788 0.46579736 -1.7810951
2.0933318 1.5912597 -1.6038872 -0.55348 -3.2091002 0.6990455 -1.4611231
1.8735381 2.0115528 -0.80604494 -1.8923072 -2.423964 2.5545874 -1.912155
4.4791617 1.7497137 1.3001506 1.444351 -2.4919014 0.43418843 -0.76566136
2.2579114 2.5102606 0.33517256 0.58227456 -3.0608168 -0.27734846 -1.2326721
3.3365161 1.7978626 0.39190397 -1.4208025 -0.60508114 1.3405081 -2.56213
4.036265 1.6169009 1.4762197 -0.13182864 -2.3795652 2.501236 -2.3375137
2.3229387 2.626903 1.0672984 -0.7441814 -3.4619148 -0.18055624 -1.4359096
2.6731002 2.0879438 -2.0955434 -0.508485 -3.4194689 -0.22154248 -0.7033124
1.7979937 2.5795274 -0.16386786 -1.7524915 -2.6385226 2.8043766 -2.2175043
2.7995465 2.1377325 -0.9283234 -0.6117662 -1.0753719 1.1170038 -2.1604047
1.8027729 2.188242 -0.34231666 -0.925082 -2.7900088 1.6384906 -1.6897845
2.613782 2.4336183 0.22105476 -0.9813542 -2.9170055 0.24584532 -1.7019428
2.3987248 2.1477861 -1.4533265 -0.7037326 -3.1582985 -1.0543054 -1.0330596
2.2859006 2.727425 1.4185817 -0.34980536 -4.039853 -0.7558041 -1.0726401
4.217993 1.8843772 1.2056128 0.61492217 -1.2890254 1.2928925 -1.9412308
3.3128822 2.610787 -1.4287896 -0.29704285 -2.0800874 0.1109702 -1.723391
1.6843488 1.6514349 0.6770965 -2.4651997 -1.848468 4.267081 -3.2171996
2.1736221 2.5566092 1.0616243 -1.6031841 -2.1946712 3.6359673 -2.6246424
1.7991616 1.3438601 -3.1576858 -2.4426918 -2.4814563 2.083984 -0.7646822
1.7212654 2.5756385 0.17088404 -1.1569906 -2.6479235 2.7188761 -2.0543365
2.5524 2.4622164 0.34392962 -0.5121307 -4.283122 -1.1496187 -1.0766265
4.2157 1.6423702 0.9497415 0.3346615 -1.7228354 0.22895658 -1.8615603
2.1103206 1.5280304 -2.2004366 -1.276583 -3.5407155 0.8789718 -1.2093117
4.0932827 0.64857835 -0.10514274 -0.8449559 -2.307029 0.5480243 -1.3972498
2.2048209 2.1741288 -0.32294455 -0.0122224465 -2.7261744 0.50912637 -1.4684184
1.4684918 2.5792222 2.346961 -1.2514858 -2.6005821 3.393977 -2.8141923
2.199766 1.1623931 -1.8701345 -1.4075431 -2.799948 1.599093 -1.3514317
3.4826076 2.0703096 -1.657795 -0.77798665 -3.4077125 -0.8567659 -1.6384552
1.8042397 2.7362683 2.011125 0.4209443 -3.3476148 0.58716756 -1.3308729
3.9146233 2.2202022 1.1782972 0.29989645 -2.307792 1.6585109 -1.6449883
2.564458 1.7643899 -0.68585074 -0.6622318 -4.786504 -1.1859396 -1.160298
2.1993725 2.4185357 0.56479394 -1.076271 -2.487411 2.4470572 -1.8863758
2.035178 1.9318529 -0.28043818 -0.24364614 -2.7399952 0.99568075 -1.6979355
1.9134539 2.589646 1.2277038 -0.5015668 -2.7524223 2.145566 -1.8600236
3.706636 1.6693025 1.1729965 -0.32021913 -1.7960125 2.7786844 -2.2504497
2.3840177 2.8124745 1.6492693 -0.22173825 -4.037351 -0.64272326 -1.0485274
2.3717248 2.3276901 -0.91379344 -0.9388702 -2.9733338 -0.38773865 -1.617266
2.5387414 2.0558136 0.124732584 -0.87439793 -2.1189845 1.6510429 -1.9299785
2.2596595 2.2320085 -1.3882748 -0.28981116 -3.0033424 -0.64231265 -1.1597785
2.41695 2.5407066 0.68395436 -1.1320245 -2.2605615 3.0065866 -1.9660727
2.4517086 2.3210378 0.16082188 -1.0483505 -2.9012942 0.32157588 -1.8224746
2.900287 2.2525263 -1.4661018 -0.33424827 -2.2795706 -0.004761043 -1.5326927
2.2416556 1.5762247 -0.5805687 -1.1006342 -2.104564 1.5373338 -1.9196833
2.814432 3.4888656 2.4163744 0.11113986 -4.2504416 -0.47401804 -0.73807555
0.9493927 1.8715827 2.2378616 -1.9463804 -3.051374 4.1514797 -3.2293282
2.1754825 2.5011415 1.4260596 -0.16566658 -3.729284 -0.79355544 -1.0484701
2.2803543 1.8790424 -0.71760094 -0.92733586 -2.8430295 0.85704726 -1.9041326
2.0401888 1.5853763 -2.10139 -1.9943262 -3.2825508 1.5604718 -1.088596
0.6872535 2.7965798 0.55778396 -1.9541398 -2.8030014 4.169736 -2.6764305
2.297842 1.6963036 -0.45167562 -1.1165693 -2.0907524 1.4586737 -1.9792545
1.0390186 2.7440658 1.5683925 -1.0901139 -2.8004353 3.4142022 -2.3340392
2.2822328 3.115167 2.3265545 0.12687668 -4.0560374 -0.61627215 -0.71140647
2.2486837 2.95079 1.6307116 -0.16346648 -4.337257 -0.98481625 -0.7923801
2.8712943 2.1532974 0.66561747 -1.3317775 -2.0041955 3.4630158 -2.4638617
2.2912362 2.2114348 -1.3062118 -1.0741698 -3.2889729 -1.4481537 -1.0491576
2.1862805 2.343344 0.5071802 -0.57728493 -3.1002421 0.32608825 -1.6940323
2.3558323 2.0302176 -1.5286708 -0.45958415 -3.085109 -0.824966 -1.1704569
1.8707916 2.5892296 0.70815647 -1.1616236 -2.5224876 2.9987512 -2.1909018
3.961287 1.9081124 0.9958935 0.37428215 -1.3482169 1.405587 -1.8386935
2.2266047 3.0736127 2.6635616 0.031882785 -2.925889 2.1963215 -1.9115376
1.7073257 2.7409263 1.5838332 0.08148553 -3.043534 0.8439539 -1.4967334
2.0793626 2.2039976 -0.3204187 -0.63311154 -3.3851137 -1.3398261 -1.0276421
2.295911 2.2775097 0.34069476 -0.8958304 -2.8760285 0.7695461 -1.8274711
1.9229513 2.4479184 0.4069278 -0.38392702 -2.7773025 0.8582074 -1.531257
2.035477 1.5195853 -0.87303376 -1.3467222 -2.40984 1.7790722 -1.7712649
2.218436 2.0058513 -1.4171022 -0.24903515 -3.0075152 -0.40606898 -1.291661
