2.8133085 1.0496421 1.2879944 0.5572993 -1.3752538 -0.81602293 0.8536437
1.1275532 -0.0065884534 -0.7163855 1.2384031 -1.6758076 0.1995886 0.88048214
1.072843 0.3204371 0.40958527 0.7253351 -0.1800781 0.8216864 1.1634645
1.9602013 0.3044032 0.7637212 0.76803374 -0.5696958 -1.1915487 0.097874545
1.5410427 0.28031868 -0.4131029 1.0082486 -1.0061177 0.67367417 0.35594574
2.6625092 -0.30826947 0.30159345 1.6485463 0.32383385 -0.7077752 -0.0777987
1.925692 0.8757271 0.95317996 0.14392123 0.8381998 0.73895943 1.2002121
2.0539548 -0.46574855 0.790115 0.38777855 -0.76716834 -1.2867893 -0.43323264
0.48926815 1.3666222 -2.6932402 -0.15140632 -0.6392446 0.32339436 1.4038149
1.9716077 0.7104922 0.6142136 -0.52582 -1.5817319 1.2892574 0.97303826
2.4091954 1.4217626 1.2406116 0.25120297 -1.2375373 -0.23531955 0.94299406
1.570779 0.87588423 -0.16640984 0.5273042 0.14388792 -0.03463042 -0.5374426
1.9380153 0.06773973 -0.5635761 -0.2979509 -0.45959553 1.1792027 -0.29488948
1.5830547 1.4844581 0.6868117 0.077980064 -0.1192468 -0.07091528 -0.06959561
2.7339232 0.52062947 -0.46248028 1.225571 0.17334215 -0.21313077 0.87687385
2.5542586 1.2778261 0.22769396 0.42615125 0.018865744 0.87225455 0.08013531
1.9757389 1.4211984 0.6552925 0.25030372 0.1805319 0.50412494 0.13759698
2.7368174 0.76965266 1.1360712 0.623739 -1.0629373 -0.819797 0.7106484
1.6322436 -0.15255368 -0.6866368 0.38114807 0.029429832 -0.01487762 -1.12798
3.0219815 0.7617775 1.9547467 0.14835766 -1.8987739 -0.637186 1.3177837
1.5117381 0.6626694 0.15719706 -0.024510898 -0.24576361 0.2491898 -0.31365272
2.1800675 -1.176772 0.4947428 0.95660454 -0.71465045 -1.5058042 -0.33797452
2.8901665 -0.028841669 -0.013891518 -0.7379268 -0.26522073 0.6321252 1.2664535
1.7054801 1.3021603 0.8985504 0.37024727 -0.54216236 0.5002157 0.72303027
2.1728415 -1.001828 0.8947538 0.5215744 -1.2066905 -1.1610489 -0.22848473
1.4388012 -0.96289605 -1.0492676 0.6112511 -0.43955573 0.85056615 -1.3498453
1.2545981 0.36224407 -0.21661827 1.3901817 -1.2576553 0.28647536 0.6399637
2.6921716 -0.32872045 0.49169907 1.3302469 0.0785226 -1.0342637 -0.1864935
1.7130405 0.44073713 0.9063256 0.07195129 -0.61929184 0.46773714 -0.9244593
1.5024313 1.3241329 0.9474592 0.26185426 0.050560154 -0.25044316 0.01933517
1.7613343 0.94968694 0.5494455 -0.43425527 -1.2723365 1.1766622 0.9696475
1.359971 -0.14432874 -0.12001938 1.0904503 0.0060629044 0.9953583 1.0894849
1.5985588 1.071721 0.9217572 0.37585995 0.21907465 -0.24388939 0.08190658
2.0328104 1.34895 1.1451744 0.3775656 0.33841243 -0.11689347 1.1924467
1.9361743 1.5767571 1.341014 0.7410102 -0.49592897 -0.16454381 1.0327389
1.8378961 1.4728389 1.274852 0.7879109 -0.26706466 -0.077799976 0.87083685
1.7280298 0.3751775 -0.30875325 -0.110166706 -0.30997762 0.94070905 -0.24186938
2.955374 0.6870919 1.4484311 0.8150648 0.59834665 0.19887304 -0.4127632
2.5689857 0.25085914 0.79816604 0.29449385 -0.3332778 -0.044741694 1.0997077
3.2396746 0.30777353 0.13895163 -0.33982417 -2.4199147 -1.2250042 1.163442
1.9319024 0.12859446 -0.9487692 1.7816106 -0.3362759 1.8320386 -0.06058727
2.0679314 0.85323465 0.2692183 0.55888206 -0.14707454 0.90048224 0.30025402
1.3308958 0.76935416 0.08820018 0.87022185 -1.3577994 0.31642967 0.7883464
1.1715413 -0.25512373 -0.18421887 0.8213678 -0.033705078 1.0893432 1.2425952
2.477917 1.2241046 0.4534379 0.46140197 0.039402403 0.7847468 0.31822792
1.5283209 0.70784324 0.547225 -0.0019446388 -0.2452174 -0.13682193 -0.08630172
1.8588563 -0.348997 0.12589344 -0.558288 -0.8595703 1.327136 -0.36039072
1.4095229 0.41110116 -1.2630194 0.96642256 -0.33403048 1.0198258 1.9498352
2.4242952 0.67387086 0.87267697 0.43649074 -0.34468803 -0.25511318 1.0407053
1.1743579 1.6507621 0.819262 0.12764749 -1.8844162 0.49156195 1.5835319
1.8028271 1.2950809 1.1398156 -0.10543398 0.4438204 0.44902498 0.84897757
1.7661446 0.19043982 0.5930152 0.8393164 -0.2532805 -1.1949282 -0.013115029
1.569463 1.3800116 1.1947308 0.58016634 -0.035891615 0.15818876 0.7288464
1.638718 1.1296116 0.26650912 -0.008738972 -0.19611104 0.05441528 -0.2488607
1.9429952 0.711956 -0.45797092 0.25315562 -0.28851518 0.64573604 -0.3878568
2.4926264 -0.549093 -0.6629324 -0.50703526 -0.8259261 0.012565908 1.2354349
2.9331667 -1.4342448 0.7349993 0.26166835 -0.6319242 -0.23696268 0.48330298
1.9063615 0.8433396 -0.26940563 -0.10003153 -0.27161035 0.6426117 -0.28967676
2.5328982 0.072139926 -0.7778443 2.3290975 -0.26930174 0.5068493 -0.22894923
2.1429472 -0.08873149 0.7946676 0.08348181 -1.0260773 -0.73406094 -0.16601638
3.2742922 0.89424217 2.1979957 0.14475074 -2.1463637 -0.15145415 1.5753247
3.0259957 -0.03500658 1.3177419 0.05471959 -2.825334 -0.15079421 2.09983
1.7230788 1.259496 1.249112 0.09437417 0.26349774 0.22652769 1.338025
1.902407 -0.74639314 0.22192696 1.0159756 -0.5200532 -1.6060932 -0.19487332
2.1342628 0.2567813 0.65577793 0.7396493 -0.340314 -0.7842654 0.54618263
1.7751285 0.29066586 0.67198503 0.19674578 -0.44628772 -0.5758373 -0.19615708
2.0120068 0.45130926 1.0330038 -0.31353933 -0.42763194 0.20743233 1.9593215
1.5548775 0.71295124 -0.005706519 0.14717665 -1.4857424 0.6105667 0.92837936
2.181757 1.7290503 1.411337 0.2540252 -1.336729 -0.5045548 1.2437514
1.732669 1.1819129 0.4494732 0.15959975 -0.28371271 0.29061443 0.04071935
1.8461057 0.47380322 0.379599 -0.49038115 -1.3362089 1.4462719 0.78370786
1.8973174 0.80740696 0.4641989 -0.67282116 0.7967369 0.9917397 2.3250766
1.6923497 -0.043520387 -0.7868414 1.3012606 -0.51845866 1.3262427 -0.032894205
2.04052 -0.52289194 0.17764065 1.1877966 -0.22583683 -1.2939208 -0.0042048497
1.5808098 -0.13800919 0.3290278 -0.31288514 -0.68990403 1.1823641 -0.30357745
1.9812127 1.6550199 1.1935638 0.62392527 -0.48897192 0.12128109 0.9418972
1.6607176 1.4541583 1.2069812 0.4806308 -0.13627036 -0.24621052 0.4133027
1.6098148 1.4895734 1.1309178 0.22867858 0.06391398 -0.11346871 0.28899673
2.2404256 1.1502032 1.0828847 -0.31129616 -1.1399168 -0.26291412 1.9006554
2.363327 -0.082014374 -0.61129355 0.24918756 -1.0339676 0.6294413 -0.008205841
1.4318868 0.607294 1.2091075 -0.538949 -1.0812322 1.0372647 -0.6366366
1.9550523 0.7634317 0.15505591 1.3854676 0.5622212 0.42117196 0.14613976
1.2980422 0.6223178 0.64331853 -0.039495505 -0.13961942 0.49580532 2.067052
2.3439248 -1.0408726 0.46133527 1.2405803 -0.41069135 -1.4220624 -0.21513365
1.5167278 0.014447158 0.9015111 -0.51047343 -1.1822406 1.3375434 0.3715823
1.516586 0.047500554 1.0439034 -0.62347054 -1.3807122 1.3896614 0.41186085
2.9652684 -0.064666145 0.010503881 1.8345004 0.7412624 0.30966437 -0.061875205
3.831158 0.82735693 2.343638 0.8052976 0.50469846 -0.5060429 -0.84851146
1.2676921 1.2974741 0.66002846 -0.14127675 -1.160886 0.7631952 1.1943871
2.3152683 0.81749517 0.028871305 0.8513144 -0.21519597 1.0718367 0.08352306
2.7940366 -0.13995868 1.4584808 -0.050677754 -2.2206163 1.4101391 0.0966294
1.1389712 0.3460899 0.66600823 -0.19977209 0.13381736 0.72538525 2.066142
2.5268319 -0.009232933 0.034766972 0.6779468 -0.45192847 -0.37643683 0.7694
2.2496448 0.26984876 1.7344142 -0.5948522 -1.4674168 0.7398378 -0.3667036
1.9378811 0.6983999 1.1447515 -0.5707396 0.7917339 0.8653368 1.9748712
1.39779 -1.0390728 -0.576702 0.7064072 -0.7080975 0.047669765 -2.1896963
1.6353377 0.20631891 0.48801997 -0.4535888 -1.0612525 1.4994878 0.52033967
2.3406088 1.3764251 1.4026783 0.5723418 -1.0188969 -0.62533635 0.97587276
2.0397558 0.2883072 1.0128026 -0.5538645 -1.3495015 0.88558286 0.47874895
3.2728093 0.69296527 -0.51083016 0.48382637 -0.4369963 0.37159753 1.0098497
1.8878478 0.5415796 0.2575681 0.6843748 0.52501434 0.22140604 -0.2522739
2.529095 0.24111986 0.283062 0.566424 -0.30350718 -0.3731284 0.8778784
2.1999795 1.6840923 1.3653343 0.19264606 -1.463689 -0.4323079 1.242408
2.1416042 1.2304131 1.1377388 0.54028267 -0.39768228 -0.19926661 1.0355853
1.3974622 1.1815727 0.42027023 0.14008775 0.0024511013 -0.18822795 -0.27810255
2.4481566 0.97353375 0.57788134 0.9312142 0.47732726 0.04276174 1.3662523
2.219424 0.73221916 -0.23118846 1.0349013 0.6186897 0.7572213 -0.2505724
3.2288923 -0.46678948 1.1574447 0.1985021 -1.0152446 -0.52087224 1.1126357
1.7787404 0.34034318 1.1766003 -0.14757821 -0.4326857 -0.043173853 -0.5467418
2.1911812 0.2757809 0.07700458 -0.3766251 -0.8227368 0.027488288 1.7724451
2.516798 -1.1770886 0.0887914 0.7751879 -1.1053857 -0.79452693 0.22423197
1.4556192 -0.71910614 -0.9933063 0.57396114 -0.24109991 0.6550235 -1.21098
2.5396135 0.710424 0.32754293 0.78111565 0.06463186 -0.21276069 1.0484067
1.8968086 -0.12586632 1.455873 -0.43833444 -1.535144 0.79068214 0.33512393
1.9176449 1.2562718 0.001306206 0.6426424 -0.022358498 0.24789399 -0.3445612
2.041901 0.09045983 -1.041455 2.1867898 -0.5454765 0.75541526 -0.5429566
2.1619728 2.0726702 1.1576252 -0.38634458 -1.3808837 -0.44530028 2.0118277
2.5878546 -1.7035266 0.051455885 0.6322211 -0.7623432 -0.28138465 0.22227968
1.7625102 1.0750456 -0.021211073 0.03438326 -0.2355295 0.21814042 -0.32049766
2.0317557 -0.39949292 0.5244398 0.5970439 -0.50953084 -1.4466964 -0.4676182
1.5990473 0.35507143 -0.30631134 0.9541648 -0.8568266 0.7139507 0.38869956
1.9809881 1.0552859 0.82157326 0.3639386 -0.52028733 -0.21490842 0.36425397
1.4292748 0.91683775 1.1726602 -0.07365117 0.21047156 0.43357807 1.5218624
2.511748 0.05015758 1.1479359 -0.1204432 -1.6516955 -0.28684837 0.3697892
2.7080574 0.5817831 0.17586544 -0.22097749 -1.6011046 -0.9267102 1.5312614
1.6658968 0.7847422 0.011906803 0.49888518 -0.45720443 0.8371909 0.274439
1.6379049 0.9447002 0.22318834 0.045206927 -0.24264129 0.12261242 -0.22286741
2.6128335 1.318045 1.0685756 -0.09214697 -1.6231109 0.10360938 1.0016905
2.565395 0.76292294 -1.0191088 0.92819244 -0.3029643 0.014937219 -0.57198304
1.6818229 1.1527376 0.9837475 0.48395744 -0.09574779 -0.5259344 0.22886671
2.0816207 1.1949911 1.0639353 0.45090827 -0.15468056 -0.12292278 1.1117823
2.5765574 0.5420422 1.054975 0.8260176 -1.0304493 -1.0616896 0.4689624
1.574046 0.5988944 0.5886104 0.054583333 -0.10365995 -0.18571252 -0.27137563
1.1866574 0.35473794 0.37600678 0.6160175 -0.005301079 0.92887 0.9352476
1.3423243 1.6551837 0.622103 0.19131914 -1.0220853 0.06572443 1.9042994
1.7927365 0.7332626 0.82843447 0.71161777 -0.24045046 -0.8863822 0.14354981
1.5157417 1.0941621 0.76485145 0.43756977 -0.12830432 0.36482912 0.52086675
1.1229371 -0.14232603 -0.59266007 1.2059296 -0.80455476 0.800463 0.83508766
1.4123806 1.2283753 0.2325667 0.3261862 0.13724129 -0.035577063 -0.3222172
1.9300941 1.6660697 1.2768772 0.57608944 -0.7447774 -0.05942053 1.1286222
1.0163337 -0.2817152 -0.21291968 0.59969115 -0.14648493 1.227705 1.2841126
3.006014 0.43471652 -0.25365153 1.7650852 0.2429022 1.1162251 0.69072783
1.521317 0.78396124 0.11907622 0.729308 -1.0355433 0.5627411 0.6536413
2.3814602 0.19494382 0.982087 0.3934783 -0.051654898 -0.7383633 -0.4027079
1.9784857 -0.25076208 0.24133034 1.1873163 0.0011762772 -1.0547582 0.025190372
2.7053826 -0.20801988 1.3088497 0.76537323 -0.025844892 -0.63342696 -0.0816612
2.1188297 -1.0524036 -0.6165252 0.1894981 -1.1779541 -0.11748272 -1.4250367
2.6311119 0.8281743 0.41254827 1.321864 0.51136154 0.11827254 1.3656362
1.0718344 1.2316715 0.5633534 0.82485956 -1.0996857 0.23987061 1.1129415
2.393093 1.3570728 0.24021211 0.4754534 0.11154357 0.85576075 -0.042980295
1.8915684 1.290571 1.1363845 0.7035593 -0.25064215 -0.47318518 0.5134945
2.1802115 0.5339615 0.3385412 0.6725095 0.670989 -0.006856325 -0.7844569
1.7665011 -0.037001308 -0.43591416 -0.2587802 -0.4298528 1.203611 -0.26289597
2.9362633 0.70353645 -0.22047284 1.5232204 0.18291037 0.9039245 0.763024
1.5196254 1.1768905 0.68592346 0.7180733 -0.4270037 0.31784117 0.5102587
2.2081337 -0.18983024 -0.5057311 -0.2333537 -0.8914233 0.9746222 -0.023682486
2.078796 2.1078577 1.0984395 -0.33135197 -1.7691885 -0.39672393 2.043302
1.7965604 0.14888161 0.57803714 0.09412136 -0.46286187 0.40905708 -0.5966201
2.9418755 0.8944896 1.9273702 0.9021518 0.8126945 0.8149689 -0.8836887
3.6586716 0.84195536 0.9741895 0.6499034 0.66011685 0.59749085 -0.56012154
3.3614523 -1.0334458 1.4074938 0.8488582 -1.44369 -0.7436804 1.7891785
2.3049865 0.4371593 1.2125976 -0.0063175038 -0.69171053 0.032701906 1.5864294
1.7200048 0.09035779 0.48648533 0.20432857 -0.48857626 0.41545695 -0.87127
1.7447331 1.3480397 0.92565846 -0.062336423 0.081226744 0.46819717 0.4731746
2.79824 -0.0457662 1.0382342 0.20555937 -0.7707146 -0.1819362 1.1498972
1.4323422 0.7789108 0.5872369 0.11740687 -0.011202415 -0.42055112 -0.36473796
1.420189 -0.07883232 -0.38335302 -0.5162865 -0.42889532 0.54050833 1.9672498
2.457334 -0.29849106 -0.6521164 1.6869736 0.5031099 0.104013145 0.19141366
1.3633538 -0.0416235 -0.34227198 0.96536493 -0.4353324 1.1768948 0.6256064
1.5782775 1.2655871 1.1785696 0.13209185 0.18749778 0.3942917 0.86328995
1.9882265 -0.15651426 0.27654332 1.1447453 0.09947745 -0.94595546 -0.055189233
3.9800737 0.67947423 0.86382043 0.70572716 0.37580767 -1.2067026 -0.11846266
1.7077442 1.0106937 0.042085573 -0.015982307 -0.22838505 0.14708918 -0.31121704
2.4567733 1.938877 2.1779718 -0.4422162 -2.1244998 -0.7870073 2.224495
2.8944511 -0.044370767 0.70897853 0.19246724 -0.53245884 0.20947021 1.3338124
3.2156217 -0.1967847 1.0712184 0.3090184 -0.9972835 -0.7206387 0.9975922
2.6586843 1.4726311 1.6116754 0.0474182 -1.744931 -0.739927 1.347197
2.2077668 0.26026464 0.8384328 -0.536488 0.6422948 1.0259328 2.1497786
2.165006 0.49827322 1.0748243 -0.066823505 0.18280642 0.5790482 1.6305672
2.9269006 -0.13245553 -0.64630234 0.58644193 -0.12251695 -0.68306315 0.6317589
1.952379 1.2868178 1.0081965 0.6899571 -0.35578594 -0.3811509 0.4221525
1.9567949 -0.05029505 0.42496857 -0.8022481 0.44576016 1.0955493 2.1004896
2.41072 0.8792789 1.1929106 0.7035245 -0.6992269 -0.70572203 0.75700325
2.4524372 1.5286357 -2.005294 -0.47410747 -0.43049774 0.48553807 3.2326348
2.6945784 1.1604307 1.3815801 0.24076381 -1.70768 -0.48198873 1.0359051
2.1081727 -1.0123087 0.21838304 1.2141724 -0.49685082 -1.5989801 -0.25562295
1.0000743 0.2272932 0.4832495 -0.50189096 0.2776455 0.9898642 2.1249504
1.5939227 0.757969 0.16409044 -0.061248697 -0.26724324 0.3598444 -0.23871557
1.9363596 -0.1719105 0.9645263 -0.050035097 -0.9374859 -0.6918799 -0.3282977
2.3136656 0.9211537 0.46756175 0.4241253 0.9260711 0.7713476 1.8505453
2.7356787 -0.4052848 0.40185085 -0.26067817 -1.405028 -0.65350455 0.9833972
2.2834723 1.164264 1.2646563 0.748519 -0.6334302 -0.756028 0.7206912
1.1013385 0.32536978 -0.8182224 0.14080927 -0.1072491 1.2036555 2.0868378
2.7262182 0.16997921 0.82025814 0.46002722 -0.5801857 -0.3879406 0.87902266
1.8476311 -0.6190857 -0.11915049 -0.4196764 -0.8584996 0.6835471 -0.9297617
1.8040605 -0.06788721 1.1352696 -0.27514657 -0.9739831 -0.17278534 -0.24291335
1.7957768 0.18808481 0.4247585 0.4060196 -0.056190096 -0.49188668 -0.6783315
2.4846833 -1.442773 -0.14100978 1.4892989 -0.6492372 -1.0650297 -0.074184395
2.0124035 0.88076997 0.72893333 -0.31764457 0.9593565 0.81094986 1.9713942
2.720255 0.94939345 1.0566688 0.21776989 -1.4207438 -0.38937587 0.66047055
2.412044 -0.1971963 -0.72974837 0.13425842 -1.1124138 0.5699452 -0.2971728
1.775413 1.4440038 1.0946909 0.08357253 0.30651847 0.18098241 0.50266683
1.1105716 0.019074386 0.4176286 -0.6265191 0.51556534 1.0769677 2.3682504
1.8155229 0.38387087 0.53071666 0.4735612 0.11813203 -0.80395466 -0.17584954
2.5983264 0.90590876 1.2234131 0.31224206 -0.84104604 -0.54990095 1.1738805
2.4045444 -0.45579386 -0.028771669 -0.5139319 -2.1070013 1.018204 0.09812244
3.0979605 -0.08803361 -0.21580139 1.6479808 0.591041 0.42112875 0.099190615
1.051598 0.32863757 -1.073921 0.26033667 -0.88222927 1.0554397 1.957272
1.6867838 0.721317 0.69976425 0.29924068 0.33646336 -0.43208712 -0.16145287
2.338325 -0.5486309 -0.5610889 1.6013839 -1.9728638 -0.14178652 -0.17061816
1.3141158 0.81592286 0.10803583 0.5166874 -1.5261549 0.46751386 0.9220735
1.5857612 1.0424292 0.42334494 0.513032 -0.40418753 0.54171485 0.35569444
1.6643256 0.4154495 -0.15006825 1.018128 -1.1706353 0.26381892 0.5112385
2.0236504 0.93168706 -0.26605633 0.5701346 -0.2819775 0.47373682 -0.34723988
2.1192489 0.5843001 -0.026848808 1.7908725 0.5468015 0.18687719 0.34667066
3.2004726 -0.40603 -0.4870318 -0.11631153 0.21004383 -1.0381949 0.56564295
1.6858295 -0.38025326 -0.02074942 -0.2735885 -0.71579367 0.7896187 -0.766531
2.0053458 -0.4689874 0.4427276 1.4131752 -0.12099417 0.49390948 -2.2390246
1.0504451 -0.3417822 -0.88622093 1.0956475 -0.3487216 1.5307388 1.521863
2.7682467 1.6164644 1.509156 -0.5033925 -2.3928401 -0.6727757 2.3701901
2.0299919 0.16314036 -0.24876842 -0.18264809 -0.93709594 1.209336 0.3856521
1.4373702 0.79520464 -0.66592824 -0.6176099 0.33279553 1.0361288 2.8069673
2.50162 -1.3367369 -0.465498 1.0622349 -0.76865274 -0.55625874 0.13270308
2.5604937 0.10448048 0.023754388 0.7889358 0.20914452 -0.29589194 -1.4579026
3.1196554 -0.13670117 -0.46570307 0.13311008 -0.95077425 0.57983655 0.74806195
2.0442832 0.23892656 -0.80878377 1.5515976 -0.13330396 0.0008621784 -0.65788674
2.562816 0.39531118 0.7685627 -0.06592319 -1.3610034 -0.2613508 0.316564
2.0277581 -0.3642972 0.35810474 1.0078526 -0.46507177 -1.2006347 0.2736477
2.04279 0.5531256 -0.79809964 0.32877383 -0.39134917 1.0815072 -0.40725383
1.2441553 0.9797451 0.7620022 0.30609134 -0.44019327 0.2646379 1.7185557
2.115982 1.2800461 1.0696393 0.67376465 -0.51482946 -0.41662604 0.5251642
1.9411008 1.0632088 0.06950159 0.08408209 -0.28793034 0.7158261 -0.15896009
1.7490599 0.33373114 0.6705358 0.24556628 -0.002723774 -0.36244625 -0.42228332
1.4740679 1.2536978 0.6338024 0.1856539 -0.090934835 -0.29965407 -0.1302977
2.8996954 -0.10037904 -0.7854055 0.7709124 0.03427116 -0.67393553 0.48932114
2.347138 -0.7283877 1.1257055 0.3597397 -1.5201008 -1.1601129 -0.074605204
1.771854 0.6602189 -0.012453735 -0.10850779 -0.34327206 0.8984496 -0.00027064525
1.8833022 0.8878811 -0.08826965 -0.099881984 -0.31944928 0.6257363 -0.09186194
1.4452045 1.1648327 1.1780311 0.55007935 -0.1642433 0.16822821 1.2817599
3.3111217 0.707303 -0.5322509 1.6735233 0.12682025 1.001406 0.71047187
1.777072 1.8183693 1.2384853 -0.17441311 -1.904962 -0.14704722 1.5930456
1.9627403 -0.10469236 0.76671827 0.1525828 -0.7799974 -0.8700761 -0.31271133
1.794129 0.5602245 0.4933917 0.5565456 0.48265424 -0.11141986 -0.3174642
3.3792536 0.29090303 0.064288825 0.6792775 1.1370066 -1.4272407 0.2058344
1.867314 0.11360095 0.50997245 0.9365594 0.038266815 -1.028044 0.11041572
1.9392387 1.0710912 -0.13819093 0.70963746 0.4979798 0.7018071 -0.24818455
1.7679518 -0.15179992 0.39957365 0.8388424 -0.37012514 -1.4300499 -0.19140492
3.0120528 -0.7937159 0.9021735 0.27768973 -1.0366626 -0.4256733 0.88382375
2.5378897 0.08822403 -0.78914475 2.0587358 -0.18884857 1.0899348 -0.14399062
1.7486683 0.9542542 0.7766793 0.85556674 0.3760914 -0.14331442 0.35955456
1.792432 -0.31061167 0.25585958 0.251012 -0.58587414 0.35819525 -1.1368502
1.5555998 0.94088507 0.8706989 0.07205584 -0.276481 0.2535494 2.012149
2.0782156 0.24079555 0.19757283 0.6276393 0.24035065 -0.5233776 -1.1166475
3.1861944 -0.46181148 1.5370795 -0.25910792 -1.3027235 0.0046465965 -0.69414556
2.7183948 0.12972486 0.4699007 -0.5604571 0.16459934 0.8416647 1.6011204
2.2319472 0.968744 1.0444074 0.2653698 -0.17905624 0.052628454 1.3055001
2.64769 -1.1599541 -0.56864 0.4685029 -1.7957307 0.34131902 -1.0733371
2.476699 1.0484773 0.10223391 1.6215256 0.79703754 0.463454 0.9783165
2.2739522 2.1414728 1.3843964 -0.37478617 -1.7353865 -0.6103079 1.886143
1.9361945 0.19547719 0.3917076 0.8578817 0.34713665 -0.53220135 -0.14363407
1.8190739 -0.19060126 0.4393351 0.9036366 -0.32167897 -1.3476005 -0.040536862
1.7144119 1.5363518 0.9503691 0.15036532 -0.0790964 0.17943412 0.259042
1.6040608 1.4347947 1.2886115 0.73253375 -0.13964374 0.028913315 0.7531364
2.4487667 1.3741109 1.3210847 0.26018658 -1.5755063 -0.4451123 1.0614412
2.5190637 0.8374344 -0.78055894 0.81938046 0.08348242 0.26545328 -0.48863348
0.7813822 0.35846776 -0.063664675 -0.33577392 0.101377405 1.0551891 2.0087075
2.7987115 -0.78648335 1.3001678 0.70445484 -1.6451449 -1.0007327 0.47969452
2.260318 0.1541245 -0.8941575 0.53849804 -1.1962014 0.64314044 -0.07332108
2.5360906 -0.7395283 -0.53753984 0.89694846 -1.655491 0.12128097 -0.5736307
1.8119093 0.52765524 0.7050592 0.7255387 -0.3635629 -1.0456376 0.039610643
2.979653 0.28044528 -1.2911536 1.2836043 0.98006433 -0.7550241 0.72160614
2.6927216 0.44654462 -0.63120973 1.4813749 -0.08454379 0.9144344 -0.16014956
1.4289007 1.2520145 0.84123766 0.8083044 -0.69305617 0.27467543 0.8116557
2.0650942 0.38314867 -0.89197826 -0.96360767 -0.08196386 0.72460836 2.2177682
1.9701221 1.1995144 0.82336617 0.34676352 -0.49730286 -0.03872687 0.4450902
2.302158 -0.43141586 1.423712 1.5417844 0.82669824 0.35271877 -2.0706072
1.048873 0.3012932 -0.3143033 1.5540615 -1.560289 0.0374456 0.875919
1.6257473 1.4529983 0.8889086 -0.16358498 -1.2016053 0.53685933 1.1945349
1.3019124 0.9691953 1.0313381 0.610606 -0.23176773 0.2881685 1.3778671
1.5408036 1.0644593 0.4567124 0.112786494 -0.17808278 -0.14324957 -0.17532586
1.9470541 0.27401024 0.61147165 0.36220315 0.13630883 -0.68741804 -0.36568138
1.7502475 1.4661908 1.2891344 0.7502343 -0.38787588 0.047809657 1.1404847
1.9747547 1.427839 1.2307776 0.47116098 -0.297438 0.14479941 1.4772892
2.236006 1.4611468 1.1670074 0.5222771 -0.6963907 -0.12764734 0.834206
1.7523061 0.7570058 0.056175202 0.038734578 -0.6840382 1.0834895 0.49262908
1.7928829 1.4001191 0.97301555 0.5399447 -0.3997701 0.09412104 0.5268773
3.0865192 -0.54203266 0.519765 1.844661 0.38929883 -0.41906172 0.17291225
2.9313064 0.5801561 1.793689 0.10660472 -1.3612655 -1.2180741 1.3986899
1.4486767 1.1246123 1.1982123 0.1382536 0.08483759 0.2963345 1.3648871
2.7541811 0.6611231 1.6534526 0.7337246 0.6409454 0.42518955 -0.8820615
2.8838964 -0.9691113 0.21997473 1.8535345 -0.041539036 -0.8907588 0.0342138
2.3843682 -0.22453707 -0.39964262 1.7899879 0.58764714 0.079571664 0.14855172
2.0071223 2.3013818 1.7853823 -0.51798433 -2.1939774 -0.42891854 2.1249013
1.012986 1.0928636 0.35807994 0.9293344 -1.2048974 0.20281869 1.1413857
1.9699494 0.877177 -0.43344852 0.9421851 0.39296404 0.8767563 1.6720929
2.5165305 -1.4952103 0.54039705 1.261391 -0.54238707 -0.94289064 -0.04024754
1.6052805 0.16680014 -0.84613466 -0.6840203 -0.097738825 0.85883313 2.255073
3.9782317 -1.3442427 -0.0332326 0.6507499 -2.8900485 -1.2643968 1.347823
2.3179638 0.2719856 1.0501823 -0.02124057 -0.09890326 0.5563073 1.5384268
2.957516 -1.2224873 0.5442959 -0.4651493 -0.27223977 -0.35069448 0.7506577
