2.2258933 1.4641614 -0.015951663 0.9654557 0.2747605 0.6651345 1.6721256
1.4118437 0.66525644 1.6109722 -0.46122077 -0.9614704 1.1517934 1.391532
1.3765491 0.47181112 0.9866967 -0.9764987 -2.141834 0.25164062 2.3448772
1.7559329 1.5774062 1.1450229 0.30437008 -0.96187955 -0.30224663 0.794077
4.376152 0.26831156 1.6898911 0.84485185 -2.9655104 0.39121872 0.889629
1.9464892 1.4756131 -0.061629146 -0.0821012 -2.8193305 -0.84358484 1.5842692
2.9968092 -1.0808674 1.2065198 1.1792687 -2.423923 0.9869581 1.8585396
1.2356689 0.91424865 0.45682344 0.6016618 -1.0158958 1.2537175 -2.5405796
0.6187593 1.1416726 0.033975206 -0.3715709 -1.0263648 0.40552837 2.0272467
1.6803596 -0.32636297 1.0724506 1.9872273 -0.366124 0.95362073 2.3438425
0.37196696 0.59557956 -0.262444 0.004893087 -1.4256849 0.55254465 2.0780678
1.4594752 1.486436 1.1859735 -0.21708468 0.48077944 0.41501504 2.3874884
2.0078685 1.4029429 1.2613162 0.52847856 -3.080897 -0.53455085 0.9519389
1.8377572 1.2617619 1.6285292 -0.49592802 -1.0739943 -0.10287613 0.7318892
1.2544018 0.6678514 0.23925906 -0.0388458 -0.65089446 -0.199969 1.9929038
3.333472 0.12515277 2.1265574 0.6627524 0.67313236 0.8452278 2.154889
2.0638878 0.8640954 1.7684886 -0.7775562 -1.732237 0.9590743 1.9292862
2.5913725 -0.05766463 1.7542435 2.0018494 0.24267338 1.2227612 2.442007
1.6164871 -0.30118722 1.0472385 0.02916161 -2.2284844 0.9237278 2.2782412
1.8078853 0.34355193 1.7520864 -0.29758736 -0.50502187 1.4137607 2.2731695
1.8776296 0.4754724 1.2475088 -0.11702732 -2.1261756 1.1259027 -0.28146192
1.0310429 0.816139 -0.2655674 0.6615574 -1.1674246 0.41008002 1.7210965
1.9975609 1.6031271 0.05855429 -0.17431471 0.96340317 1.2390563 0.06607767
1.1018822 0.31131154 1.2134957 -0.95705014 -1.5204078 0.7895716 2.4304836
2.046737 1.5438952 2.1338983 -0.20433101 -0.58878803 -0.35162872 0.74144053
1.9100472 0.633632 1.6399944 -0.8554971 -1.6065023 1.0345943 1.6113306
0.96761286 0.9670636 1.0569081 -1.1697178 -1.5536593 0.5252002 2.4334233
1.852986 1.0560315 2.1159449 -0.6583715 -2.6461334 0.6392973 1.8804302
1.76537 0.9403134 2.013043 -1.1651579 -2.6219263 0.5815044 1.6319736
1.0298479 0.8016694 1.6990832 -0.6675356 -0.5628802 1.0677807 2.2901006
1.0029498 0.62181 -0.27092087 0.077991985 -1.3026092 -0.25383466 1.7344027
1.0702037 -0.30722588 0.82942486 0.61121476 -0.7317243 0.7642825 2.2603736
0.92962146 0.7502546 1.0174379 -0.74360037 -1.7203115 1.1825341 1.1832504
1.3001791 0.89214724 1.4892459 -0.71759087 -1.0054213 0.8653353 1.5680848
1.5843052 1.4686713 0.28602555 -0.27428362 -2.2800865 -0.17944211 1.2599167
1.3496456 1.1565864 -0.32378364 0.14254096 -2.31488 -0.2979095 1.1411086
0.6193948 1.170416 0.10504399 -0.20734847 -1.0045437 0.5872989 1.5039679
1.0856537 0.52740794 0.99437284 -0.3354242 -1.6297555 1.1309443 0.81289095
2.1299326 1.6260545 0.344816 -0.23584256 -3.2630992 -1.3040897 0.6382267
1.7506628 1.5714226 1.9257542 -0.6966847 -0.75409406 -0.079539716 1.5044955
1.9228042 1.6541762 1.7549846 -0.5276689 -0.43028167 -1.1130141 1.2964984
1.2261298 0.9925776 0.95043874 0.36925784 -1.5426685 1.2033516 -0.09297005
1.3537898 1.4651389 0.7426549 1.2272896 -1.1842332 0.69883734 -0.9722182
1.8770096 0.9415267 1.9783576 -0.67159754 -2.2136655 0.5972944 2.3191085
1.502488 -0.65122527 1.1108962 0.39799488 -1.8071128 1.1082819 2.2014375
1.5110987 0.4723177 -1.071717 0.8917849 -2.169892 0.47397715 2.3204093
2.3070831 1.1799933 2.474438 0.46442106 0.37318274 -0.12472218 1.5691334
1.784696 1.1691484 1.9040303 -0.41434368 -2.692678 -0.0048262505 0.78646815
1.4471906 1.431382 1.5249561 1.0520902 -2.8679142 -0.502803 -0.58172524
2.4928894 0.09347994 1.8959495 0.504442 0.093381085 1.5375793 2.362381
1.1314851 0.89340395 1.8319682 -0.4446503 -0.39859673 0.901902 2.324266
1.4268463 -0.057999905 0.25618565 0.64772224 -2.4948616 -0.38238996 1.7519044
3.4016275 -0.20928591 2.1134617 1.1133054 0.3410947 1.0752809 2.3280897
1.5239961 1.2420442 -0.25195685 0.17458847 -2.3455236 -0.08916074 2.0050762
1.9084532 0.90828615 1.7891552 -0.93297577 -1.7664056 0.80356175 2.209095
2.4338996 0.55579287 1.8498175 -0.539156 -2.230835 0.7025812 0.6401519
0.66294646 1.0003264 1.130292 -1.1266717 -1.0912675 1.0824802 1.7456537
1.4374096 1.33506 0.2882203 0.2688202 -2.1777139 0.017375883 2.0056562
2.0345178 0.4222203 1.5890683 1.5897055 0.37251502 0.59615666 2.5248837
1.6024324 1.581553 0.15582922 -0.20976263 -0.34022436 0.3136397 1.953575
0.9989978 0.7737693 -0.2591947 0.60855734 -1.2460985 0.30666953 1.7793671
1.367128 1.042728 1.4283841 0.47230676 -2.4204412 0.7227574 0.10940354
1.7332462 1.484783 1.580031 0.15453926 0.55121684 0.13138205 2.3684201
1.4965491 0.848516 0.36924607 0.030010961 -2.1603696 -0.0010995297 1.9621533
2.4287536 0.80887455 2.33751 0.08229145 -2.265354 0.84350306 1.6587554
1.4253297 1.0006365 1.7175366 -1.5059342 -2.1199975 0.4110511 2.2762532
2.6298184 0.3270175 -0.94430614 -0.08592004 -1.4766675 -0.21854204 1.3642145
2.1836574 0.89230007 2.0134454 1.1082572 0.82539934 0.3898545 2.3338158
0.48250046 0.7889946 -0.21680462 0.31558076 -1.7376322 0.82455295 1.8840257
1.9063022 0.12035865 0.58270824 -0.053710915 -1.0721495 1.6865618 -0.84056586
1.8472728 0.64143056 1.6380961 -0.06853209 -0.5239776 1.2554097 1.3748127
1.9429241 0.8105467 2.185875 0.54276675 0.078093566 0.9031561 2.3319845
1.7237065 1.5370709 1.4731766 -0.13477692 -1.012297 -0.6447926 -0.053680938
1.6915178 -0.100077264 1.13449 -0.82134676 0.6797012 -0.45933694 0.61075956
2.5292401 0.8914408 1.9361265 -0.73163843 -2.5207102 0.47838217 -0.045431655
2.3277268 1.1500165 2.3486626 0.4910461 0.17852674 0.15958887 1.507862
1.0273861 1.0745237 1.0868539 -1.0011753 -1.6070731 0.45512468 2.4116483
1.2001799 1.1189733 0.96065915 0.05316802 -2.1005573 0.94316995 0.7173482
1.7831523 1.0100456 1.5465785 -0.35501143 -1.0146066 0.40899998 0.6398446
2.0393648 0.6420947 1.5608444 -0.3920841 -0.6995557 1.4230781 1.5351495
0.9639436 0.63964254 1.0330976 -0.59337676 -1.7437314 1.207203 1.0494508
1.0507244 1.0014943 1.7095039 -0.60548383 -0.39488867 0.8418978 2.332682
2.7266576 0.85479814 -0.59212077 1.8114239 -1.2327057 -0.6041855 0.8541382
1.137191 0.99530375 0.56320024 0.5519732 -1.416709 1.1665993 0.5364047
2.54973 1.0825001 0.05433117 0.58507574 -0.83363765 -0.8777303 1.8205627
2.8501496 0.90321904 2.4600732 -0.3007976 -3.00477 0.8738728 -0.11275587
1.0637069 0.71120137 1.1823567 -0.7953969 -1.332581 1.0239736 1.3306473
3.7011783 0.035606805 2.0189924 0.4536715 -2.0476952 0.83080965 1.3589667
1.5033871 1.3383319 1.9434407 -0.44088152 -0.5307548 0.30338293 1.9137743
2.2198236 1.4231455 1.2562957 1.3534576 -0.051596783 -0.3616256 1.1623001
1.6798453 1.3395959 0.7158108 1.0299424 -0.84050447 0.08535701 0.8876084
1.7013217 0.69344753 1.8705932 -1.1657733 -2.057166 0.7822922 1.5933132
2.6577098 0.013851678 -0.22341833 1.0789825 0.49849024 -0.13539165 1.1170024
2.8282988 0.16480714 0.9221777 -0.3607696 -1.9608948 2.0598629 -0.6989373
1.312352 0.7099295 0.73060715 -0.81559205 -1.9346585 0.18466502 2.3020048
1.7131749 1.195095 1.3816323 -0.49363118 -1.2014469 0.03861576 0.6537195
1.22028 1.3001025 0.67124367 0.37909743 -1.0064414 1.4733443 -1.7752134
1.2632242 1.5905356 1.4198674 -0.5171779 0.09969745 0.50114113 2.1745207
0.99636865 1.6384606 0.38629684 -0.69998646 -0.5727427 0.5350657 1.675842
2.036828 -0.4120373 1.2714028 1.7699834 -0.37702844 1.3116784 2.4418256
2.0489223 0.9094183 1.940857 -0.83293414 -2.3134956 0.6827739 1.5422093
1.0546045 1.0939795 1.5631492 -0.8541527 -0.79419 0.8169244 1.9876103
1.5341429 0.9091087 1.7412231 -1.0853577 -2.7382288 0.2685817 2.3346996
0.37493852 1.1604115 0.6626512 -1.180746 -0.8661408 0.97688824 1.9800185
2.7308786 0.62286216 1.9468299 0.5265783 0.3566371 1.0133364 1.9283856
1.0692555 1.6823208 0.9282874 -0.8752459 -0.882754 0.43934327 1.2881188
1.0986476 0.012315219 1.5572846 -0.0009236112 -0.2607424 1.1654851 2.5671587
1.7211794 0.5344922 1.4836133 1.0436064 0.40625164 0.5361021 2.5414603
2.4954438 0.1685704 1.760992 1.7756004 0.4928173 0.9298125 2.249806
1.289148 1.1658591 0.7860347 -0.46462038 -2.018577 0.45516974 1.1519698
2.097309 1.7418499 2.5240421 -0.22011468 -0.31951687 -0.8568124 1.4747311
2.1928513 1.3572662 1.1047461 0.15720269 0.61458045 -1.0254321 1.0690655
0.7626257 0.78942335 0.45280123 -0.7916255 -1.4795469 0.66882354 2.402101
0.9301379 1.3591708 1.2189986 -1.0252012 -0.6234343 0.79709154 1.8824631
1.2758759 0.7292569 1.5205883 -0.62870365 -2.1964335 0.7222522 0.87612206
2.1130583 0.8761745 1.7885891 0.11752751 -0.2948955 -0.048985425 -0.073234
1.7087868 1.0648111 1.9402407 -0.14195213 -0.57180923 0.76309043 1.7644538
2.518152 0.1844241 1.4294273 -0.22313508 -1.5157968 1.1908088 0.80840653
1.8772838 1.6427839 1.6006165 -0.46913478 0.12580739 -0.8878309 1.672625
1.6397514 0.71974677 1.7023871 -1.3554407 -1.6591672 0.9960447 1.9818897
1.5595009 0.2155196 1.0336733 -0.5382684 -2.5242672 0.2077201 2.3161988
1.230184 1.1396676 0.7201921 -0.23467395 -2.0242624 0.6258921 1.001681
1.9736475 0.67197436 1.5805761 -0.18818215 -0.6067522 1.3311322 1.3889188
0.5493976 0.82262135 0.2702237 -0.26031038 -1.609881 1.3114107 1.1056808
0.98564327 0.23596627 1.2037901 -0.8504201 -1.6636533 1.3333244 1.0444088
2.9975078 0.3880375 1.8547763 0.4953046 0.4639497 1.1826172 1.9916217
1.7242066 1.1435888 2.1701448 -0.68923306 -3.1619334 0.41446 1.3077344
0.8762518 0.97562855 1.0802326 -1.253516 -1.4427975 0.6003302 2.434154
0.5664159 1.2417073 0.9839436 -1.0260136 -0.8901976 1.0153495 1.6719023
1.9349836 1.2863958 2.0554016 -0.5030599 0.30591467 -0.8194565 1.2199887
1.53448 0.9987336 1.7243823 -0.35805932 -2.5191627 0.33401936 0.6811429
1.9982098 1.7193731 2.3372836 -0.30683026 -0.4633542 -1.2842629 1.1287177
0.7988796 0.69205165 0.27243325 -0.5219369 -1.6284345 0.5571783 2.3335638
0.7365619 0.87918234 1.1669878 -1.2035093 -1.462954 1.0153642 1.6381339
2.446844 0.5442372 1.5718634 -0.07849667 -0.44872794 1.4046164 1.469361
1.1328404 0.5285012 1.3624588 -0.725688 -1.9859484 1.0149235 0.9427047
2.2818575 1.5102352 0.871729 0.6966935 0.6949533 -0.1710524 1.2106094
1.2068516 0.9005744 1.5371411 -1.407328 -1.7166167 0.6818176 1.6052315
0.99316096 0.74390095 1.5990273 -0.8210748 -0.64436656 1.124937 2.282866
1.1133598 0.6448774 1.4995474 -1.1383717 -0.9359781 1.0796123 2.4408824
1.5017997 1.0724871 1.6045179 -0.017659195 -2.5442617 0.396079 0.46563628
2.0253265 0.44498354 1.4865427 -0.6660659 -1.4072047 1.1744549 1.2253865
1.9346325 1.2293786 1.5171995 -0.4233329 -2.762885 -0.32993478 2.0683987
1.2528079 1.531103 1.0279343 -0.455792 0.17229919 0.57389814 2.3339705
3.517783 -1.1212194 1.7381141 1.2051408 -0.2991334 0.50834805 0.37585202
1.8436174 0.95067996 1.9770252 0.102134965 -0.34722814 0.940713 1.8965579
0.85453343 0.81725425 1.4506688 -1.2047929 -0.70285565 0.9311641 2.387732
0.98521245 0.17060846 1.3540959 -0.6153471 -0.8504743 0.9663804 2.515613
1.3959236 0.88679403 1.3833612 0.7103026 -2.1598282 1.0538089 -0.31120643
2.2140434 1.679013 1.8715525 1.4131278 0.091665365 -1.2431756 0.7935755
0.8527417 1.629231 0.8026531 -1.0563458 -0.7809399 0.6727279 1.433735
1.4081355 1.6394198 0.82380044 1.7059706 -0.5717742 0.07089931 -1.2740619
1.5771027 1.4040775 0.8359066 0.057994865 -2.525298 -0.121031106 0.64344215
0.33348262 1.0632364 0.2650264 -0.75638413 -1.0279332 0.6630567 2.14689
1.8815469 1.6082104 1.7811407 -0.7618474 -0.8582376 -0.5116214 1.1869732
1.1516738 1.4534259 0.7308676 -0.35335115 -1.0805956 0.37496585 0.93918455
1.2886801 0.83726245 1.4655111 -0.41845202 -2.2772453 0.7542109 0.74045306
1.0998722 1.0691721 1.2765273 -1.1543438 -1.7679106 0.64726216 1.5422175
0.75971794 1.1018238 0.7237245 1.3575342 -2.9488106 -1.1920006 -1.4908361
1.2322071 0.675711 1.5277554 -1.2105541 -1.0924044 1.1519597 2.2037659
1.8730147 1.2596557 2.0765324 -0.9065684 -2.883607 0.07890016 1.2524569
1.3353685 0.3728143 -0.7386843 1.3127289 -1.0242826 1.2352186 1.337495
1.2939972 0.58800954 -0.2687988 0.1565603 -1.2759556 -0.61548585 1.6228982
1.7965685 -0.10974758 1.5176378 -0.005186893 -1.4163784 0.90432125 2.3460808
1.2207807 1.1605464 1.7149119 -0.6199077 -0.67793614 0.64475423 1.9455329
1.576276 0.7195055 1.5961893 -1.1753088 -1.275565 1.0974355 2.1891727
1.4944978 0.28894907 1.4163266 -0.69420934 -1.9563287 0.8888729 0.8008961
0.9190632 -0.11173838 0.83095837 0.1280925 -0.638195 0.65627056 2.3162816
2.035413 0.9027391 2.097059 -0.14593786 -2.3118496 0.5242422 2.2998323
0.5600184 0.8061423 -0.272105 0.2950541 -1.824963 0.7332867 1.830072
0.84134173 0.92192906 1.0937706 -1.0813671 -1.622792 1.0171995 1.462671
1.4101061 1.1342261 1.46595 -1.1196353 -1.8677634 0.29920846 2.3430495
0.32714298 0.8223738 0.32355705 -0.70692587 -1.28448 0.8737475 2.2811995
1.8295999 0.4147482 1.3775362 1.2794156 0.27885804 0.55402285 2.4848535
2.0366156 1.1163515 1.9887273 -0.36942354 -2.7529795 0.016191538 0.64471376
1.384725 0.5551279 2.0487137 0.13366988 -0.013985714 1.0808103 2.5566251
1.853613 0.042017642 1.1161494 -0.50860596 -1.9658161 1.3552849 -0.2143939
1.8775388 0.92923456 1.9832362 0.99694014 0.72552395 0.42651182 2.5281563
2.3098533 0.8597825 0.99874425 0.690652 -0.21552809 0.97099787 -2.4706955
1.0535542 0.9519734 1.3120694 -1.3859184 -1.5839688 0.5119441 2.4561234
1.4451679 0.6971155 1.5857712 -1.5310932 -1.5384856 0.9777227 2.063375
1.1020699 0.8510051 0.9349141 0.6174468 -1.9043717 1.4327673 0.14693417
1.4167216 1.2039328 1.3356357 -0.9869162 -1.9534338 0.17179114 1.635619
1.31606 0.6175497 0.9020996 0.654525 -1.4935381 1.8591225 -0.4905267
0.8779397 0.5271706 -0.3737141 0.21911886 -1.5190166 -0.13071293 1.674733
1.1012852 0.1809935 0.13005094 -0.04973761 -1.5951558 -0.2258696 1.8282057
1.3423404 0.884679 1.8491721 -0.7036953 -3.2837791 0.4691077 1.9933677
1.382604 1.2768557 0.2721863 0.24668649 -2.093914 0.12578005 2.0441186
1.2934383 0.56811625 1.5079994 -1.011414 -1.8563355 0.8324595 2.3686135
1.3137382 0.4079935 1.6885571 -0.57201874 -0.57021075 1.2436752 2.4258556
0.36084095 1.0093071 0.035273656 -0.3568674 -1.0561266 0.664272 1.6214292
1.3864075 1.6046877 1.1010805 -0.3767992 0.42889467 0.33025318 2.325699
2.1143582 1.4422532 0.95988107 0.9519775 -0.18054105 -0.07206148 1.3576123
1.5214809 0.91429216 1.6461961 -1.0755008 -2.5483065 0.31417423 2.403092
3.1182344 -0.38482398 2.0120006 0.5991092 -2.1924057 1.129219 1.4711922
1.600871 1.740635 1.6273942 0.70251703 -0.44530323 -0.5157513 -1.1042081
1.1831925 1.2626561 0.5883546 1.209377 -0.84662634 0.37576216 -1.8999317
1.7688588 1.0177386 2.071049 -0.7516502 -2.6549315 0.655134 1.9870775
1.9943787 1.4926941 0.7468662 -0.24540475 0.64142174 -0.37139052 1.9196846
1.9803165 1.4756789 1.2006639 -0.4100792 -2.4731853 -0.25788146 1.059657
1.3074796 0.80870146 1.5729349 -0.98197764 -2.1478555 0.5618189 1.1656775
1.2108376 -0.25464576 1.5067855 0.5619789 -0.2420298 1.2074077 2.4933124
0.86508524 0.98691934 -0.09149573 0.31564072 -1.1644955 0.65046126 1.050465
1.1875128 0.61901766 1.4461902 -0.77367604 -2.0609844 0.8420251 0.9789365
1.1434075 1.0693045 1.3744127 -1.210729 -1.7711936 0.6441148 1.5608453
1.5033747 -0.05516797 1.1264807 -0.263463 -2.1807473 0.8739558 2.3092244
0.3454263 0.96080744 0.08119404 -0.44814172 -1.226442 0.8816603 1.2406305
1.9190217 1.5577703 0.9078293 -0.244629 -2.4909494 -0.3265068 0.9046258
0.8617238 0.67552024 1.5252275 -0.9576232 -0.47989985 0.9644316 2.5754046
1.1554955 0.05544025 1.2359127 -0.80380327 -1.3675553 1.3932446 1.0754303
1.8865458 0.5841089 1.8022945 -0.81152564 -2.147139 0.76195794 1.28023
1.6866887 1.0253522 0.38156864 0.9397963 -3.2259326 -1.0623341 1.9557761
0.69830513 0.64063644 -0.38535377 0.36496487 -1.8127869 0.64101654 2.3131196
0.98808324 0.80816174 0.8835075 -0.1985743 -1.7062489 1.2979884 0.8331324
1.9749604 1.503769 1.6641009 -0.20455626 -0.674485 -1.023827 0.9725201
2.289313 0.9366726 -0.7417394 0.31016096 -1.0313042 -0.9220881 1.942479
1.8187634 1.7290447 1.6854391 -0.56866837 -0.1915961 -0.93617743 1.5579588
1.2296394 1.1913912 1.4766775 1.125308 -2.661241 -0.3034745 -0.90780294
1.5489262 0.91341555 0.71464884 0.29754767 -1.2207563 2.0260568 -1.2603734
2.518354 -0.60953885 1.291903 0.31993988 -0.49974796 1.1825774 0.64210165
1.7841055 0.9172078 1.8104911 -0.9744042 -1.8727165 0.7730158 2.3645813
1.8683285 0.8589303 1.6756454 -0.5788 0.62543964 -0.25175518 1.3025061
0.4582431 1.0240238 0.879254 -1.2031521 -1.2522281 0.9534647 2.0707974
1.255833 1.1449046 1.0995287 0.24421832 -2.211788 0.91189575 0.5005235
2.1616924 0.6851185 1.6653318 -0.5293682 -1.2723384 1.2813458 1.8511019
1.2112733 0.90527266 1.3302432 -0.5491177 -2.128113 0.748764 0.9799809
1.5416721 0.5738073 1.5577127 -1.0004966 -1.1110591 1.2318563 1.8372966
1.1026993 1.128707 1.7052795 -0.6462617 -0.45737633 0.7465041 2.2321758
1.6960081 0.31177467 1.5488068 -0.71939445 -1.9319966 0.8715108 1.0002911
1.9919614 0.8842935 1.9228253 -0.57198197 -2.0995078 0.5655981 2.3435879
0.8494773 0.9299669 -0.23491803 0.10104325 -1.9982954 0.25004458 1.1828941
1.5893753 0.63256043 1.1532717 -1.0108957 0.6384869 -0.4567551 1.0495025
1.6616187 1.084912 1.0180583 -0.24389157 -2.229797 0.019750651 2.3224916
2.7712772 0.098347016 2.2049897 0.8053587 1.0612298 0.3607214 1.6361965
1.723818 1.3573838 1.1655984 -0.41172084 -2.2573326 -0.2417292 1.9641594
2.2067358 1.689135 0.586926 0.76753724 0.29359958 0.21916872 1.6906079
1.749177 1.3380191 1.3264163 -0.85834324 -2.2275672 -0.15338415 1.4643016
2.5814147 0.37230664 1.5985312 0.02118995 -0.5633555 1.4533234 1.4389697
1.5067867 0.031287614 0.7168691 -0.43918052 -2.3308148 0.11431557 2.1391988
1.3191463 0.8269672 1.4411247 -0.6834221 -1.1042593 0.8505853 1.4169164
2.0396843 0.8635879 2.5068538 0.3402406 -3.3015702 0.48019463 0.49357536
0.53293407 0.7180192 0.38791552 -0.8858601 -1.2403891 0.8023456 2.3360128
0.99521446 0.3774367 1.258577 -0.8913647 -1.7785493 1.1816076 1.099768
2.7205808 -0.5638135 1.9409245 0.51577044 1.086423 -0.27640623 1.1649255
1.7434338 1.4019011 0.4359173 0.13723698 -3.508366 -1.4376528 0.32209224
0.6357852 0.49392837 0.61398923 -0.7867194 -0.8177261 0.56834275 2.2898712
1.8868622 1.121963 1.1463833 0.71168894 0.49339572 0.07169992 2.7710686
1.7971585 1.21405 2.0695665 0.85708034 0.28325525 -0.10622591 -1.5537697
1.6840149 0.39993912 1.3182521 -0.2704894 -2.1004422 0.9662244 0.22960867
1.9930645 1.363299 2.036047 -0.11913989 -0.50672597 -0.19635433 0.686797
2.1792943 1.3322566 0.9882531 0.37230974 0.9959882 -0.22142023 2.6091204
1.4039532 0.31842297 -0.32014945 1.838084 -2.10249 1.0123732 -0.16157995
0.675802 1.0234035 1.275232 -1.462685 -0.9001032 0.8067134 2.2135127
2.7978182 -0.15229923 2.0018723 0.4525058 -1.746417 1.1904631 1.8270233
0.91085494 0.5492229 0.8094752 -0.26551542 -0.24013461 0.54658085 2.2972553
1.6507968 1.2964454 1.3187591 -0.018558003 -1.132933 0.27695566 -0.2534987
1.0675813 0.9006566 0.32141963 -0.2744237 -1.8281864 0.3728276 2.3242512
2.2039375 -0.22682923 1.5756135 0.23703429 -1.8973018 0.83460146 2.0565357
2.199282 1.7094004 -0.21196565 -1.1142217 -3.234682 -1.4069723 0.57142156
3.0879476 0.023600644 1.6477457 0.10418882 -2.134079 1.0457869 0.66214794
2.1790135 1.4213331 1.2109963 1.3897337 -0.3335217 -0.40795237 1.0414382
1.5868219 0.75094515 1.7021418 -1.5943357 -1.8494266 0.7867752 2.015645
1.5597463 0.21945256 1.97211 0.21504495 0.11533687 1.3351583 2.674735
3.366113 -0.07394653 1.7549477 0.31671396 -0.5494512 1.0755439 1.9809549
2.2899916 0.3759187 1.5026169 -0.58556646 -1.4540273 1.156136 1.0011327
1.987899 0.19352013 -0.8918904 1.8077478 -1.2820481 0.9355565 0.8867109
1.7102106 1.3485521 0.8185774 -0.1713377 0.8430609 0.15471059 2.4014525
1.1696863 0.28161365 1.4014287 -0.9514909 -1.6200856 1.2244098 1.1723164
0.5176822 0.5741803 0.07584965 -0.22445199 -1.5445045 0.6939017 2.315771
1.9565145 1.3989666 -0.10831176 0.11533245 0.52429175 0.25656277 2.4527829
0.88763773 -0.053367432 0.9079071 -0.2961614 -0.92088777 0.68142205 2.3766448
1.8442413 0.055189077 1.1949277 -0.585893 -1.6303424 1.1044061 0.5191719
0.39048713 0.9256089 0.4963168 -0.8459382 -1.4263414 1.05143 1.6241378
2.49442 1.1363552 2.5623693 -0.1286219 -3.0843992 0.41618973 0.07983401
2.0093985 0.17354503 -0.06527293 1.2636477 -1.1994613 -0.83260196 1.4461664
2.2851002 0.4820873 1.5991809 -0.6064059 -1.5700071 1.077213 1.090756
2.4417048 -0.9360375 -0.41039535 2.126846 -2.784428 -0.2636475 1.5639145
1.8040036 -0.003963763 1.1359296 -0.30333748 -1.1804336 1.2697713 0.69492173
1.1827312 0.24501055 0.6666031 -0.90716076 -1.855473 0.278513 2.251288
1.4497391 0.58572215 1.0287904 -0.031738438 -1.3534517 1.234536 -0.07677577
2.2684085 1.2132767 2.2380257 0.5139312 0.4569383 0.12791711 1.9132792
1.8014323 1.193021 1.6905272 0.58532834 0.6626146 0.19437557 2.5020509
1.5875397 0.8920761 1.7188675 -1.3394544 -1.9996654 0.79211575 2.210908
1.7415016 0.19828302 1.3871405 -0.63661003 -1.6645936 1.0846441 0.9089412
1.2562962 1.0840774 1.211956 -0.54689217 -2.0809598 0.6957032 1.0859684
1.8306537 1.2041687 2.1127958 -0.90585965 -2.9286783 0.188613 1.3031887
1.8827599 0.94244903 1.9005554 -0.54414904 -2.562039 0.21128613 0.83584344
1.0703273 0.5210906 0.2980666 -0.5801904 -1.819584 0.3406058 2.164266
1.7391809 1.5404098 1.7168235 0.72104263 -2.4520323 0.5340726 -1.1653435
1.7852603 2.0447352 1.9567173 2.7313938 0.49942693 -0.6646015 -0.14695908
0.8022034 1.014899 1.4435849 -0.9885486 -0.53061026 0.83318144 2.3594751
1.1364044 1.5356456 1.1567224 -0.9620073 -0.9338588 0.3870719 1.2279174
0.7234446 1.109453 -0.028269313 -0.26587436 -1.0457989 0.30547434 2.0355582
1.0267422 0.92910093 1.3872061 -0.9060129 -1.0422741 0.95880204 1.6598827
1.2952334 0.26455742 1.7993492 0.46449706 0.26012078 1.170435 2.6245327
1.8296349 1.7829158 1.9336647 -0.50081074 0.015726367 -0.7502555 1.9069129
0.9896494 0.103987284 1.1156576 -0.80034 -1.2645553 0.709832 2.4949422
2.0691512 1.4125282 2.1271515 -0.20725104 -3.0023959 -0.33418268 0.56138897
1.2829018 0.9484996 -0.3714747 0.68513846 -0.8190171 0.88115484 1.4598849
0.52112806 0.7982327 0.43407074 -0.9695783 -1.2530339 0.8450838 2.398251
