1.9526893 0.9581456 2.0069022 -0.31477293 -0.38176727 -0.62457556 1.1217054
2.1637442 1.7888536 1.3300357 -0.22858468 -2.2022781 -0.7029733 1.8810527
1.7532827 1.078963 1.8536261 -0.4286389 -0.5473555 0.189632 -0.019490551
2.3501377 0.09731234 0.080364555 2.2945318 -1.2597722 -0.045350257 1.3739889
2.1521761 1.2681005 1.1933103 0.6829822 -1.0169904 0.21982318 1.1220967
2.188502 1.1640897 1.7103697 -0.4184688 -0.35585698 0.58578545 -2.013227
2.0765169 1.4800411 0.87604976 0.18071961 -2.5534215 0.0707255 2.1636748
2.155959 1.6047175 1.2702296 -0.10179112 -1.8554336 -0.0055660633 1.3601002
2.3506937 1.0427618 0.3208643 1.8073789 -1.2956235 0.32029873 1.3288802
4.3963532 0.6741485 0.6873512 0.3322471 -2.3993437 -0.08778304 2.0449967
1.842662 0.8954912 0.58428407 0.98396784 -2.585578 0.49273926 2.3420944
2.110586 1.0996801 1.572616 0.9503292 -0.54316556 -0.4327039 1.2304784
2.2840126 1.0062304 0.51125515 1.2037679 -1.4876505 0.64308554 1.0373933
2.0938895 1.6191714 0.7240616 0.9039492 -2.800107 0.18747622 2.40577
2.6754544 0.51042014 0.74623775 0.062332116 -2.8294592 0.50592595 -0.2526798
1.9301938 1.4229257 0.46352008 1.0214323 -2.2827826 0.2533155 2.143712
2.126986 1.0072179 1.7683424 0.3079644 -0.6398136 -0.59718066 1.4335668
2.4531982 -0.5209379 -0.37318626 1.467878 -1.850705 0.9926899 0.346091
2.083053 0.9467184 0.16017488 1.4375358 -1.5128624 0.39153367 1.6325078
2.340347 0.80043703 -0.18468389 2.1264322 -1.4528729 0.062438425 0.96310663
1.7847557 0.29295766 1.0600557 -0.14702258 0.30911314 -0.63993704 0.34006217
2.2038867 0.36112255 1.965052 -0.23710021 0.4013187 -0.43641168 0.40928823
3.854307 0.35749823 2.2062516 1.3561666 -3.2631297 0.33713418 0.8661715
3.0857303 0.812983 0.65509856 0.19860342 0.26724362 -0.14795083 1.8969572
2.2377381 0.52391857 -0.32803386 2.3670006 -1.5716311 0.07924038 0.7392393
2.3510253 1.666922 0.9223206 0.24203432 -2.5479999 0.033675488 2.0109136
1.6755588 0.73904055 0.7995999 -0.72818696 -1.7664465 1.4770081 -0.43709853
1.8921117 0.99248534 1.4300513 0.2690803 0.11684952 -0.44732815 -0.47893205
2.2801964 0.5754272 1.0752963 1.0279459 -0.39503264 -0.035335127 1.6414669
2.1768854 1.151258 1.0141789 1.0717096 -0.91739625 0.039304312 1.5172092
1.5144192 1.1949594 1.4156723 -0.28143618 -1.3366066 0.7767919 -0.027611744
2.2242053 -0.12904656 1.2287277 0.18653086 0.7248973 -1.5689301 0.6743617
2.2317505 0.91175526 0.988978 -0.4778479 -2.6604757 -0.2630741 2.1160865
2.4348335 1.5143013 1.558117 -0.27445522 -2.2122552 -0.06598109 1.4890183
2.4920454 0.76516074 2.2349606 1.066874 -3.117452 0.50597554 0.8724289
1.7064121 0.1280081 -1.0781119 1.7213446 -1.8831786 -0.77830523 1.6213405
1.2883569 -0.5395053 -0.19189617 2.035118 -2.1300485 -0.18257111 1.912835
2.3436632 1.382178 1.7911744 -0.15072873 -1.4891587 -1.0548872 1.7007933
1.9290667 1.1434677 1.4182183 0.2633582 -0.8575064 0.1462484 0.6974913
1.7754655 1.0035726 0.8338342 1.0830759 -0.21397255 -0.04640669 1.1838348
2.5943615 0.62042147 1.9204315 0.5818175 -3.2202268 0.42588693 1.6585901
2.0028367 0.38484344 1.6785331 0.29007283 0.10078295 -0.9142931 0.9578617
1.9161906 1.31339 0.6806128 0.47366974 -2.234572 0.2261551 1.9705555
2.1984646 1.5882647 2.2741494 0.05202379 -1.4550954 0.7244747 -0.6207146
1.7255777 1.0616269 -0.674701 1.3420576 -0.35008797 1.1932251 1.257833
2.053871 1.1457682 0.36432663 0.82696253 -1.9560386 0.73794013 1.2843179
1.3692325 1.131356 1.6302125 0.00024332851 -0.5027298 0.20506817 -0.35834873
2.5223014 1.0618004 -0.24757266 2.5846717 -1.2729439 0.101778924 1.0384657
2.3897882 1.4890025 1.0648423 0.7948182 -2.5587544 0.42857367 1.7397435
2.080505 1.6887376 1.514478 -0.34960833 -1.7308854 -0.41947287 1.4083271
2.438412 1.3646563 1.6914167 -0.1902524 -2.3883507 -1.1648872 1.983204
1.6411477 -0.5902869 -0.6063304 1.8552492 0.12191788 1.3136349 1.4424388
2.0868115 1.0626749 1.6456796 1.5445627 -3.80446 0.48507935 2.661921
2.2664053 -1.0131103 -0.5304332 -0.04808853 -1.9663582 0.9600063 2.0901084
1.788242 -1.9846321 -0.5074743 0.784971 -1.0359155 1.461304 1.1854037
2.1021194 0.3559522 0.6556201 0.38299075 -2.422499 1.266897 0.24635284
2.1607084 0.7402626 1.3972808 1.1868373 0.0013013873 -0.3196587 1.6150123
3.0290282 1.4692338 2.692388 0.2920088 -2.9995 0.3034175 -0.8594475
2.2171545 0.30504623 0.32062528 1.7451814 -1.1749059 0.57883054 1.4392927
2.1465623 0.4337228 1.0181438 1.5145719 -3.671795 -0.16491884 0.83563787
1.7843093 -0.258904 0.032831512 -0.532081 -2.2644439 1.1869217 2.3669426
2.1100981 1.6656132 0.6912726 0.49263254 0.5854105 -0.6061873 -1.0693042
2.2278638 1.2466493 1.0685762 1.108878 -0.87727976 0.110287964 0.94877654
1.7728401 1.157333 1.692922 -0.33918294 -0.9558129 0.20048767 0.8228096
1.7516657 0.51922446 0.52052224 -0.7278038 -1.8444473 1.6334274 -0.47152877
2.8927143 0.72381216 1.9215865 -0.53620374 -2.2436545 -0.4712767 1.5016952
2.3710415 1.6751907 1.6280723 -0.25315946 -2.2354672 -1.0480938 1.8776822
2.2339008 1.1672106 2.2944791 -0.7890022 -1.4552768 -0.14438242 1.1289899
2.0562046 0.7673628 1.4790169 0.48839942 -2.2791686 1.2982385 0.4211418
1.5396154 1.0379624 1.5625919 0.35615268 -0.30312872 -0.42213172 -0.025922488
2.788492 0.21560878 0.54248476 0.61994535 -3.7138321 -0.06840271 0.35919008
1.6483091 1.0740699 1.4416364 0.4234474 -0.44821537 -0.41706067 0.0919975
2.094404 0.19239664 0.2018686 0.48925897 -1.8915843 1.1432673 1.8562609
1.5439068 -0.037400898 0.38155997 1.744043 -2.1272273 0.5068422 2.1255329
2.0814574 1.4511318 0.8777218 1.415361 -0.84539837 -0.17129809 0.7381369
1.7591494 0.77921236 0.3672206 1.1382968 -1.8748783 0.47363406 1.8653075
2.284969 1.3464333 0.5661721 1.2390419 -1.3143003 0.33737975 1.4172219
2.4155157 0.6961249 0.99912524 0.47850817 -0.9080431 -0.14591104 1.72357
3.4115307 0.1683144 1.7471454 1.9358703 -3.9184148 -0.3859827 1.4570738
2.0078106 -1.1349981 -0.0817869 0.8554013 -1.7128094 1.2817031 1.8392193
2.1760004 -0.72247916 -0.41989073 1.6631616 -1.909097 0.94124514 0.32908228
2.7844062 0.9461115 1.8972325 -0.27481797 -2.6125858 -0.4716217 1.6818182
2.9553936 0.9137947 0.5906093 0.23011911 0.29804412 -0.07712585 1.7555443
2.0549023 1.1182787 1.061657 1.2381533 -0.6519756 0.111028254 1.4512787
2.1757653 1.0292526 0.6213528 0.6308033 -1.1910506 0.6391702 0.16320278
2.8325164 1.1502413 2.5063322 0.18761876 -1.8565991 0.32492977 0.4735463
2.5442393 1.0490582 1.8719779 -0.39741 0.3533776 0.45106846 -0.53699434
2.006213 0.99831444 1.3301402 1.7177042 -3.1470113 0.031690415 1.3929037
2.2623346 0.88561285 0.49319127 0.2909541 -1.8469685 0.44905418 1.7382464
1.6463417 0.9203951 1.5896719 0.29364946 -0.22848482 -0.53711456 0.08890282
2.3174472 0.7074678 0.16409054 0.41800585 -1.5015514 1.1046317 0.121019356
1.6912806 0.61101085 -0.3273591 1.154621 -1.7005719 0.28154188 0.9447701
2.070993 1.269039 0.75314534 0.19629937 -2.8697312 0.30088907 2.3432655
2.185715 1.7196767 0.8475599 1.080514 -2.809134 0.14320427 2.2926564
1.7094628 0.8742449 1.5541055 0.30259708 -0.03312143 -0.7123179 -0.06699111
1.9921676 1.362705 1.8607349 -0.6306037 -1.2104083 -0.41646522 1.2547705
2.2283945 1.2943478 0.7343688 1.5838479 -1.0416313 0.097550094 0.8345059
2.57566 1.2221829 1.9530092 -0.36325434 -2.442678 -0.71721953 1.8486129
1.8108348 -0.52609557 0.14745632 2.1471667 -1.5999359 0.0366345 1.7767067
2.0581396 0.47901386 -0.33287916 1.5233265 -1.4678735 0.036621865 1.2207049
1.8954823 0.7879608 0.7226455 0.38938633 -1.199413 0.7113686 0.16635188
2.2740424 0.45037237 0.80363476 0.8418952 -0.59635013 0.22386831 1.5518464
1.8496956 1.0577873 0.7413026 0.5223112 -0.9544703 0.24320024 -0.11046339
2.1753192 0.40334815 0.4218951 1.1397136 -1.0915757 0.82903343 1.5028569
2.314774 1.3738856 0.94131553 0.31689528 -2.1167583 0.658485 1.3784193
2.020878 0.6686221 0.70580685 0.28452328 -1.9877571 1.212049 0.6742975
2.134346 1.4274983 0.6077918 0.90700316 -1.5286883 0.32531983 1.4297203
1.7151027 1.4443846 1.2744185 2.1383567 -3.5649142 -0.44172925 2.4364033
2.9688895 0.8759759 2.4225569 0.06668284 -1.9303106 0.24874192 0.86645794
1.967593 0.47481507 0.526587 1.3004401 -0.6499369 0.8830388 1.4684199
1.7830342 0.97100365 -0.023644298 0.97039604 -1.9566412 0.3475743 1.4353741
1.9617383 -0.68910545 1.6228012 -0.122955896 0.6475989 -0.85583586 1.5169876
2.7587085 0.555777 1.4491227 1.4088947 -2.7584429 -0.8156015 2.927813
1.442932 0.3382991 0.79934597 2.135829 -3.098139 -0.51790947 2.5352817
2.1211195 1.6996374 1.3283414 -0.07552213 -1.8132683 -0.70104927 1.7717214
1.3699683 1.0480456 1.5591866 0.07916524 -0.6263733 0.22140604 -0.28057754
1.9580715 0.99150884 0.19974765 0.82106835 -1.9830533 0.6296082 1.2510825
2.052814 1.0326539 1.5453858 -0.021499015 0.097445525 0.0009924741 -0.6849007
2.2286932 0.80131286 -0.6100569 1.7959408 -1.5448409 -0.76843923 0.95046365
1.976293 0.46225232 0.74999094 0.16620734 -1.9849902 1.4227371 0.4368621
2.1638324 1.1995132 1.8743052 0.47238114 -2.187138 0.9602781 0.59125924
2.2466333 0.32272917 -0.12105331 0.44857755 -2.0507302 0.69166857 0.7390815
2.5725243 0.6475081 1.3273499 -0.14459825 -2.261545 -1.2005689 2.1158624
1.4283547 0.9121453 0.4174318 1.6459321 -2.7747586 -0.5870387 1.880898
1.6071106 0.5245338 0.70713913 -0.24818203 -1.5986462 1.3955879 0.18050966
2.6842258 0.6596498 2.0573056 0.42144522 -2.9931688 0.3209961 1.3570527
1.9219348 -0.05343836 0.7568356 1.1092821 -3.1657894 0.8957904 2.5774798
2.2670135 0.6812355 2.2536366 -0.40184078 -2.406252 0.7707067 -1.9407127
2.3222725 1.0223861 1.6707804 -0.18629107 0.3266118 0.18102533 -0.71484774
2.2112215 0.03948379 2.3757691 -0.5626285 -0.26033553 -0.1162526 2.10671
1.9529763 1.5123913 0.9905493 0.25291502 -1.7827473 -0.03485674 1.7653695
2.0909226 0.57530373 1.8139043 1.9106781 -4.4986677 0.08690554 2.058423
2.3577487 0.5068453 1.8050673 0.63980925 -0.15070157 -0.35579187 1.686464
1.9241452 0.88411075 -1.6045052 1.7407037 -0.7614997 1.0916175 0.6608433
1.8935215 1.1108938 1.9562244 -0.66270745 -0.7106573 -0.19072002 1.0028187
1.8028615 1.1288903 0.464851 0.7784647 -2.0800617 0.33701688 1.8855023
2.4792798 0.4673372 -0.024095207 2.626647 -1.2171109 0.19687957 1.2521467
1.4801513 1.0431931 1.3961631 0.33648935 -0.49170902 -0.17139274 -0.17058738
2.2255826 1.6781374 1.1945517 -0.018707015 -2.0295496 -0.20753473 1.6067964
1.8316982 1.2765007 0.21577498 1.0839452 -1.8098816 0.36952716 1.702971
2.8564858 0.36246592 2.0005207 1.0490787 -3.574255 0.23720986 1.2650214
1.9680349 1.380025 1.4102964 0.24652997 -1.1522177 0.11297017 1.2272247
2.1293936 0.40001184 0.25877413 1.6740402 -1.4182605 0.38394147 1.7019249
2.2439919 1.3112937 -0.010448247 1.4496425 -1.0039709 0.14991528 0.22248103
2.5176647 0.9621972 2.0429447 0.115922235 -2.733305 0.16168386 1.597797
2.0859594 0.5224748 2.0458179 -0.6146076 0.104689874 -0.10610503 0.39449155
2.1188943 1.2739922 0.8652724 0.28661522 -1.9070265 0.6714266 1.2115022
2.728851 1.3107382 2.761734 0.8772794 -2.7323804 0.40026408 -0.29583248
2.1849656 1.2989272 0.89689016 -0.22907388 -2.508781 -0.1970467 2.009758
2.2233188 0.79668015 2.1738205 1.6303656 -3.462451 0.58910686 1.4825505
2.2036223 0.85897714 1.5262105 1.3729688 -2.8589916 0.6725827 1.1373547
1.7325666 -0.02256071 0.7455925 -0.4672446 0.6057456 -0.8884497 0.06252759
2.0301542 -1.2026973 -0.14552343 0.7792699 -1.4106368 1.191781 1.5955883
1.8152673 1.0098932 0.9221232 -0.250187 0.12735392 -0.4780237 -0.18669379
2.336456 0.4937263 0.06614104 1.1779357 -1.6263609 0.6344593 0.75158703
3.5226047 1.7182063 2.6489668 0.8459207 -3.08048 -0.2915532 -0.64590204
2.2965837 1.7206354 0.7196485 0.42231846 -2.5013082 0.17138678 2.0507073
2.2686126 1.2250365 0.6472248 1.0729133 -1.3628418 0.43738276 1.2357274
1.7187372 0.96601766 0.35675213 1.350449 -1.9818566 0.27915078 1.9179169
3.1154904 0.871661 1.8177015 0.29155615 -2.2762318 -0.93513125 2.0700798
2.1646974 -0.44527993 -0.037871033 2.2823908 -1.3695413 -0.26918477 1.3525368
2.088268 0.30772996 -0.29808393 0.62187177 -1.9715177 0.5748456 0.7997925
1.8761737 1.3656449 1.7853371 -0.20557538 -0.93896323 -0.2365951 1.1900831
2.1355546 0.6682291 0.37357715 0.7395771 -2.4851928 0.55571586 0.8794753
1.9007262 0.277771 0.2554462 0.84962046 -2.1012437 0.94599587 1.9263544
2.0644658 1.5536032 1.0726787 0.25277966 -1.6703732 -0.24081177 1.7339778
2.3285666 0.5086989 0.46218178 1.0574765 -1.5806903 0.9582215 0.52329683
2.3588114 1.6583594 1.2879828 -0.09935237 -2.8797238 -0.29850763 2.2041414
2.0492268 1.4033465 1.7403259 -0.54101896 -1.5739669 -0.059963886 1.2030355
1.000946 -0.031308707 -0.3011845 1.809992 -2.6246753 -0.4568326 1.593317
2.672922 0.83819675 1.0030345 -0.13159364 -1.0254973 -0.17340094 1.706176
2.4585698 0.3641094 -0.04838243 0.40749136 -1.763033 1.316506 0.08816709
2.2768767 1.4573195 0.8529445 0.38584712 -2.0849147 0.47394067 1.4305664
2.3265514 0.07035465 -0.05133906 0.69157225 -1.3585594 0.7188682 -0.24242143
2.4467795 1.1660432 1.6479387 -0.045738496 -1.2085595 -0.825653 1.7228456
2.0707505 0.71054626 0.30665764 1.3822106 -0.7009255 0.10496825 -0.43304193
2.8324492 0.66772753 2.2691867 1.2269689 -3.383958 0.18431526 0.8513671
3.2859962 0.2917577 1.78244 0.09075167 -2.623848 0.03821164 1.590218
2.0786984 0.15137503 1.0789013 0.055495486 -2.8501549 -0.6193597 2.5915585
2.092005 0.8805328 0.35479078 -0.23727238 -2.450643 0.6569 1.9397786
2.0412369 0.381037 2.1684139 -0.6401329 0.09554917 -0.19596666 0.6855138
2.849502 1.5072366 2.9066372 0.68987 -2.4306455 0.31523162 -0.7365763
2.354886 0.2155127 0.21185836 0.26673964 -2.4654546 0.77176887 0.19308747
1.7519406 0.7734322 0.8971176 0.7038069 -0.09102648 -0.21497029 0.88922596
2.3568208 0.93175644 -0.47709477 2.339108 -1.2002424 0.36699408 1.0594032
1.8587097 0.9013213 0.982561 0.5053265 -1.040363 0.4557739 0.24135521
1.2213342 -0.14389074 -0.6227089 1.0684884 -2.3092246 0.75783235 0.11434128
2.348986 0.56923026 1.9152588 0.4087377 -0.2545577 -0.43584353 1.7518324
2.0747888 1.1590531 1.2515534 1.2164948 -0.6168279 -0.10531098 1.3396248
2.247082 -0.3556211 -0.2983822 2.3833761 -1.2467071 0.7538343 1.2511226
2.4350111 1.076185 2.4273934 0.9933866 -2.6239443 0.7925249 0.19398923
1.921445 1.0152576 1.2494345 0.033484958 -1.793582 1.066839 0.6376033
1.8017083 0.8437457 -0.15371975 -0.77151155 0.18818633 0.5394933 -0.5351423
2.3588612 1.7000648 1.349621 -0.07093368 -2.3624206 -0.22515744 1.7251855
1.4386641 0.9014389 1.0612526 -0.670097 -1.2649829 1.013087 -0.64101297
2.3801506 1.0856389 0.5214968 1.5390078 -1.2660605 0.4266085 0.6843219
2.0508718 1.0526519 0.32751068 0.78862315 -1.9646103 0.7470315 1.1794907
1.4968566 0.099797435 0.9034432 1.4940451 -3.8563027 0.13020235 2.7603884
2.4742095 0.6439051 2.010415 0.624238 -3.0779378 0.54973465 1.5342141
2.9889586 0.6870329 0.60983694 -0.22528228 -0.7224155 0.119544685 1.6641917
2.2275333 0.88392156 1.6013608 0.57454133 -2.5821004 1.3039532 0.10648384
2.350085 -0.18205583 0.23237994 2.1119766 -1.2882222 0.2268272 1.4077203
1.3850914 0.9524943 1.191771 -0.46882746 -1.0065092 0.74179655 -0.72801554
3.2092843 0.22092158 2.010459 -0.31830367 -1.2593551 0.37233335 1.1416918
2.399182 0.12840724 1.847295 0.44676116 0.09167997 -0.25195032 1.998588
2.3490534 1.6890901 1.2408327 0.027424596 -2.313041 -0.14192432 1.6934483
1.7103926 1.2417343 1.2638619 0.50201714 -0.2985144 -0.4421572 -0.40637204
2.1230354 0.26482713 2.2445884 -0.1624119 -0.18178608 -0.39747542 1.9447056
2.3392706 0.48443353 0.39930853 0.25921276 -1.4914044 0.5227489 1.6825556
2.0576043 1.5175014 -0.24750397 1.8155555 -1.0107573 0.07990581 0.71811795
2.1465821 1.3146288 1.3222659 0.87171406 -0.85902804 -0.070156276 1.3040398
2.1801496 0.84988254 0.30457827 0.29921404 -1.3275555 0.88504535 -0.026858699
3.1432183 0.72697896 0.69826555 0.06114643 -0.10503324 -0.040823165 1.8076153
1.47259 -0.17418993 -0.468892 1.5923668 -2.0474682 -0.16015738 1.6436145
1.7822917 -0.11424554 0.56036603 -0.7690811 -2.7545004 0.48801404 2.4710617
2.3157356 -0.063802086 1.9050701 0.31508735 0.1724606 -0.15575248 2.153086
2.1172032 1.3174095 0.90857446 0.7259449 -1.3837086 0.030434426 1.6114782
2.3556697 0.8588782 1.8784461 1.1115215 -3.1054306 0.7621456 0.6548562
2.2785373 1.569421 1.2223165 -0.20938995 -1.9754254 -0.8782061 1.8308564
1.5945978 -0.32477212 -0.900928 1.6720809 -2.1057253 -0.34820503 1.7442864
2.0644448 1.3397403 1.0445714 1.1280011 -0.81085724 -0.1121214 0.6557267
2.3136773 1.3800784 2.0615785 -0.70843035 -1.826321 -0.43474406 1.3703235
1.6813263 1.0524945 1.4614204 0.328249 -0.3251216 -0.58209294 -0.025434446
2.169723 1.1920956 0.7678056 -0.311404 -2.3578086 -0.11135858 1.9103203
2.3548436 1.244558 0.5780338 1.5339521 -1.1917533 0.21610242 1.586327
2.2305605 1.1611385 0.2039738 1.3531703 -0.9671747 0.14067703 -0.1026145
1.912107 1.2107506 1.2092042 1.0112772 -0.6063404 -0.3201955 0.8760814
1.7170044 1.1255121 1.3978322 -0.18722948 -1.5054318 0.8644667 0.50025547
2.2890396 0.93590367 2.0476904 -0.15942779 -1.0006328 -0.9496035 1.7373191
2.2148266 -0.20025653 2.5222452 -0.6578735 -0.0013448801 0.107795775 2.1656396
1.6618975 1.0007744 1.6137834 0.30613568 -0.37236258 -0.3739757 0.2913443
1.6430954 0.5693089 -0.29030666 1.4760948 -1.6699595 0.33316272 0.83430415
2.4631085 -0.68507946 1.0106239 1.3697702 0.72438097 -1.081854 0.76365805
1.805138 0.33336753 -0.31826058 0.81493354 -1.865725 0.63553697 0.7334013
2.0979517 0.87725645 1.296786 1.0765612 -0.3892721 -0.3110792 1.359075
1.8588032 1.2153482 1.8077766 0.06659498 -0.60220903 -0.28858656 0.9129256
1.7374274 -0.06548994 0.39845642 1.4152141 -2.155254 0.7467018 2.0861757
2.313361 1.2048959 2.3509636 -0.40148637 -1.5763534 0.16591078 0.61955786
2.138742 1.5486282 0.8480871 0.30968198 -1.943786 0.1159628 1.5868561
2.0998461 0.8837717 1.6740425 -0.21094069 0.18104534 0.113628924 -0.5668089
2.1980183 1.2599539 1.2656069 1.2731253 -0.74883336 -0.12083632 1.3002558
2.7983413 0.8543479 2.4014263 -0.2515467 -1.5324862 0.2571152 0.8191898
1.8681911 1.1091613 1.3688889 0.6524293 -0.45421347 -0.48225158 0.68278646
2.111428 1.195092 1.2034922 0.85421497 -0.7860597 0.049652394 0.77049255
2.020025 1.5138054 1.3022943 0.42642638 -1.3432792 -0.29975933 1.5481524
2.25169 0.23562473 0.06988743 0.117592655 -2.0943422 1.0413983 0.19775333
1.7649547 0.6816483 0.7590281 0.22301325 -1.4372002 0.8996287 0.22075002
1.9099053 0.4537779 0.33051124 1.5385313 -0.6644489 1.0006523 1.4690169
2.2736008 0.81744486 2.1376717 1.4893615 -3.1218522 0.6812714 1.051972
2.1362987 1.5142151 2.111819 -0.1277822 -1.117755 0.6099544 -0.410974
3.2290013 1.4091076 2.4010987 0.044939183 -1.0651847 0.7314752 -0.1073756
2.1065373 1.138116 1.9892032 -0.03142462 -0.7075604 -0.7804416 1.5055143
2.0195043 1.55173 1.6900406 -0.27223435 -1.2780861 -0.61570543 1.4128615
1.9152197 0.8641326 0.3986325 1.5675099 -0.83989275 0.7539286 1.4693744
2.9651926 1.197129 1.9146228 -0.39523634 -0.031429134 0.91911846 -1.243006
2.648245 1.3146052 2.485422 0.36594036 -1.9941417 0.3443616 0.15976812
2.2466643 1.2469552 1.5687248 -0.24970648 -2.264974 1.280241 -1.0675272
2.1950247 1.1395206 1.4277323 -0.27335152 -2.322032 1.3593493 -0.99400085
2.1979787 0.7207597 2.1126053 1.5745542 -3.6253574 0.5526634 1.7693284
1.9295179 1.2296646 1.2438571 0.7319676 -0.69480383 -0.14231116 0.4096555
3.5069854 0.699308 2.0552464 -0.0851017 -1.4891421 0.79356176 0.8178582
2.3498785 1.4202576 0.12792462 0.4105645 0.6177903 0.00068956334 1.1745771
1.8458673 1.1630188 1.8211061 -0.109084584 -0.592812 -0.23596781 0.88811076
2.3744683 1.3713938 1.0335858 0.22195777 -2.1988087 0.5526307 1.4369106
1.6477715 0.6556654 0.3358609 0.17268857 -0.024763724 0.17914748 0.43012735
2.7038476 0.75968903 2.01123 0.100724064 -2.8904252 0.044479426 1.4874922
1.6183577 -0.7815168 -0.8696904 2.080668 -0.6835857 1.8042593 1.2752897
2.012709 1.5353153 1.9091034 -0.36558327 -0.915331 0.69146925 -1.2776682
2.1761818 0.7203781 0.69932234 -0.46622482 -2.7951238 0.3364628 2.17723
2.1822166 0.9100234 1.4131856 0.59393585 -2.2651227 1.0794437 0.8057024
2.240505 1.5228431 1.1684521 -0.19423938 -2.9313803 -0.2654652 2.2104554
1.8980209 0.27847463 0.32046828 0.02015891 -1.9094013 1.3706787 0.13671152
2.4849854 0.91602004 2.0965433 -0.7516712 -1.8467418 -0.5984964 1.3768135
2.2376974 0.3859769 0.08182195 1.9629338 -1.3154899 0.36647207 1.5624462
1.5386351 -0.10991316 -0.061235696 2.0807295 -3.1962345 -1.3729362 1.9346259
1.718628 1.3581247 -1.3451006 1.6100954 -0.6336618 1.0422356 0.87864995
2.3472931 1.5607519 1.6779428 -0.51058006 -2.067494 -0.26205486 1.4482476
2.2072303 1.2816572 1.2568097 1.1475049 -0.82228094 -0.06749481 1.317351
4.0453243 0.9052152 2.3107886 0.8466395 -2.807354 0.4693225 -0.040100317
1.2458581 0.7085228 -0.89318573 1.6572477 -2.0444036 -0.34898347 0.5532962
2.130452 0.9686432 0.37444243 0.43293056 -1.2134761 0.6914081 -0.058389362
1.994403 0.8014471 0.7240082 0.46596357 -1.735685 0.93153244 0.6352359
2.045059 0.72404236 0.39064866 -0.05986119 -2.6856058 0.82875925 2.1322453
1.6146984 -0.41809052 0.58538973 2.0205817 -2.9143186 -0.031554405 2.3619804
2.4956152 0.96019596 1.9866667 0.36902645 -2.7875416 0.3852926 1.5529491
2.00228 0.64909536 1.7926188 0.30058482 -0.14959118 -0.84183496 0.9860194
2.6654997 0.7018241 0.55999637 -0.32480225 -2.7539816 0.8109804 -1.0198277
1.991799 0.62826693 0.43488994 0.6389769 -1.8597525 1.0162938 0.6280658
2.712586 1.0635765 2.3855798 0.58007824 -2.6926997 0.4168771 0.49645826
2.3286128 0.6977611 0.23226336 2.2047648 -1.2631351 0.26404172 1.3178483
1.9416059 1.1767324 1.7610083 0.5535634 -0.55157244 -0.5491466 1.0470451
2.1250038 1.4723332 0.2424477 1.9657356 -1.0293092 0.06679779 1.0172064
2.4181678 1.6365007 1.593505 -0.33429256 -2.3156734 -0.34900182 1.6527642
2.1059856 1.2274354 1.0441217 0.21872345 -3.480957 0.1667667 2.6747043
1.6693135 0.47696424 0.16483358 1.5579365 -1.8247764 0.29046756 1.8359395
1.5557781 -1.037856 0.6739627 0.59154576 -3.1116927 1.1957903 2.708964
2.02909 1.4689479 1.3316785 -0.13387176 -1.6752945 0.17340022 1.2497528
4.676896 0.44714767 0.32259923 -0.2628944 0.15474688 0.44238883 2.31901
2.3679311 0.10721282 -0.2856689 2.4494634 -1.1825026 0.5961054 1.2274277
2.3043983 1.1148407 1.1997365 0.4250159 -2.2194233 0.91491085 1.1640276
