2.7907965 -0.46745348 -0.49547553 1.5760884 -1.6350764 0.7475074 -0.48530328
2.9582093 0.55769193 1.1241723 -0.18598555 -1.3059179 1.6236637 0.035372864
1.9241803 1.112656 -0.17697775 1.3739605 -1.9928421 0.7622324 -0.7425434
1.6879697 1.4035305 1.033699 0.7797724 -2.6486132 0.95243686 -1.6648117
1.2239692 0.33248115 0.7773664 0.52114487 -2.909298 0.1879229 -0.8534823
1.1172715 0.28686154 1.0381874 0.50297976 -3.4382405 0.7184349 -1.0919272
2.2706404 0.39016807 -0.75433755 0.85949844 -2.8366573 -0.49578696 1.2788578
2.1897655 1.1443387 0.920779 0.3800613 -1.6529533 0.48338968 0.5129493
2.8137295 -0.6721798 -0.7004425 0.8608012 -0.64251965 0.76756316 -1.0586396
2.6482422 -0.64107955 -0.2518307 0.7661075 -2.3062966 0.60404164 -0.30542392
2.2472398 0.1853677 1.1469812 0.016688127 -1.4650892 0.31712824 1.8629297
2.380625 1.2577633 0.18772209 0.7430369 -1.8171264 0.7197189 -0.058146406
3.0013168 0.4877752 -0.3206985 0.23353572 -1.9875754 1.0399382 -1.0724629
1.107128 -0.45521963 -0.26300812 1.4998605 -2.0376434 0.56785256 -0.4765945
1.693047 -0.9248277 -0.90503407 0.7569742 -1.410963 1.0396267 -0.64846295
2.1082401 -0.6740476 -0.2413013 1.3340204 -1.9599451 0.27538615 -1.2827462
3.358099 -0.9735795 -2.3529706 0.4063141 -1.3711988 -0.2737475 0.4085024
4.0508204 -1.5014933 -1.4575489 1.6687965 -2.5676336 -0.1280312 0.9668139
1.1604825 -0.74716055 -0.6736436 1.1825776 -1.6137892 0.062017806 -0.88554937
2.7071111 -0.86712325 -0.30393696 0.5897127 -2.1366904 1.0795925 -0.66006154
2.4919548 0.26622736 -0.5472206 0.8260305 -2.8055387 0.29914987 0.099786
2.7472718 -0.13257587 -0.77878517 -0.49787924 -1.0796788 0.59583664 -1.710854
2.6104574 0.43562472 -0.76423335 0.7246023 -2.610411 -0.5077265 0.9849345
2.5449328 0.06346738 -0.24622226 0.5044047 -1.4977914 0.9318852 -1.6740494
1.1490483 0.20006883 -0.08252096 0.3488715 -1.5224714 0.23871523 1.554577
2.213186 0.8744401 -0.61208785 0.6443212 -2.8132906 -0.70037687 0.8545076
0.8432979 -0.11234748 -0.52010906 1.1304256 -2.1739993 0.29227632 -0.29261035
2.6919198 0.42876709 -0.09087592 1.4193163 -0.69728166 1.1240486 1.050844
1.9114814 1.3991331 0.15028489 1.1428514 -2.0202026 0.9980532 -0.62729234
2.8703418 -0.57729495 -1.5134312 1.5688361 -2.2739713 -0.44880295 0.53959614
2.7403548 0.74329984 -0.34038126 0.6734773 -1.5511264 1.5724093 0.7388971
3.1805406 -1.5403141 -0.5509765 1.7123663 -2.0743508 0.6653547 0.1738605
3.0895689 -0.12848699 -0.81884646 1.7923058 -1.2437038 1.0348871 1.177018
1.5805317 0.99736404 0.14145947 1.1616029 -2.6309936 0.5022026 -2.0732062
2.571968 -0.021470908 -0.6543046 1.429579 -1.5395291 0.8580841 1.2722784
3.1507802 0.4648553 -0.5086726 0.49873355 -1.846057 1.0432522 -0.47652143
3.8726423 0.87382984 -0.7225872 0.7711734 -0.79194623 1.5528558 0.66858834
3.0535674 -1.4305191 -2.0653389 0.21117024 -1.0957423 0.24773723 0.13750239
3.4681785 0.75334406 -0.0335927 0.8819111 -1.2592751 1.628029 0.2953136
1.6859947 0.6473285 0.7537354 0.11486603 -2.5660977 0.08427984 -0.38038513
2.974507 0.42390776 1.490318 0.69013155 -2.1390293 -0.20363683 1.5877154
2.041713 0.10672128 -0.10052621 2.036762 -2.5615034 0.23407274 -0.9594943
2.0667987 1.1228147 0.09196818 0.20352997 -2.4270866 -0.54475087 0.455618
2.99484 1.6403282 0.38728654 -0.6552927 -1.22203 1.2970268 -0.64634055
3.4653184 1.0958735 0.3667543 0.45960274 -0.92755574 1.8303858 0.30813646
1.1032686 0.35264468 1.1098458 0.39258054 -3.5234058 0.8683036 -1.1832716
3.382921 -0.43499434 0.060277343 1.3192194 -1.8043456 1.5957336 1.2089291
2.8610115 0.46051395 -0.8290238 1.1944196 -1.0629796 0.75173575 0.19979091
3.2490773 -0.6811706 -2.1569011 0.2462502 -1.5965931 -0.58668214 0.31071728
2.1218135 0.029039498 -0.7591729 1.8593994 -1.8617686 0.13343418 0.9253848
2.9114764 -0.5034784 -0.5815269 0.25042322 -1.8016576 1.2807075 -0.564985
1.5245614 1.1126004 -0.39820766 0.8601315 -2.9515412 -0.59979147 0.099726036
2.565822 0.37358844 -0.22158742 0.67407167 -2.0289347 0.70485055 -1.187688
2.0020456 0.5093093 1.2433124 1.3236371 -2.1480682 0.26284152 0.37097597
3.0330594 0.34911406 0.11245096 1.4263501 -1.6521951 1.3200828 1.5595862
2.267869 -0.85441434 -0.12477183 1.2193068 -2.085736 0.48309964 -1.1268288
2.1142695 0.8766639 0.27931464 0.033313055 -1.8723695 -0.29646868 1.1491989
2.6002042 -0.6033269 0.07659829 1.7996408 -1.9396876 1.060047 -0.058312822
2.4356203 -0.42135513 -0.2537701 2.0075195 -2.2667506 0.40997368 1.1211617
2.4813945 -0.18932569 -0.44992924 1.7810252 -2.5267022 0.40865368 1.1262709
2.8346465 0.18220007 -1.280341 0.9761287 -2.640685 -0.41567755 0.91547865
2.2630525 0.28577685 -2.1136563 0.95985734 -2.7214334 0.4685375 1.1882112
1.928654 -0.836589 -1.3708447 0.618032 -0.9606423 1.1568891 -0.60247844
2.0611455 1.6054027 1.5180353 0.26505345 -2.7689002 1.0151654 -1.3710767
2.1468208 1.0493504 0.8247484 -0.0771005 -1.6494367 0.15108222 0.6498018
2.780616 -0.34037244 -1.0049974 2.039961 -1.6241004 0.83794326 0.64200515
1.0922406 0.24934375 0.4799738 0.69131446 -3.321088 0.97060853 -0.5910186
1.1517397 0.25075662 0.8260478 -0.040256362 -2.2811217 -0.03993004 1.8535532
1.5283877 0.6420504 0.7305325 0.076297775 -1.6393061 -0.09675925 1.6256843
3.007144 1.5737904 0.1765238 -0.93866587 -1.3162767 0.3675357 -1.1866897
3.288431 -0.50019586 0.7890626 1.2333801 -2.332843 0.50590116 1.1917858
2.0516536 1.3788878 0.80835664 -0.27478406 -2.1693473 -0.016979627 0.9713643
3.147165 0.36095393 1.0070491 -0.41311976 -1.6832631 0.08307058 -0.9522416
2.804487 0.60216796 -0.25274146 0.994701 -1.9480861 1.1283182 1.0715631
3.0200293 -0.39694273 -1.1833842 0.6535211 -1.341201 0.75820416 0.088562086
2.141513 0.2929858 -0.18475819 1.6504978 -2.244643 0.3293429 -1.1919632
3.645641 -0.06582677 0.17366803 1.3046069 -2.52497 0.75541836 1.8389865
2.8350546 0.61850274 0.1397562 1.3562797 -1.7261649 1.1674504 1.376162
0.89614904 0.26876545 0.803705 1.0142171 -2.8497524 0.38764077 -1.6052107
1.5468768 0.782658 0.7213539 -0.12728141 -1.6951451 -0.25701827 1.5717062
1.1000984 1.1177353 -0.8795755 0.39933184 -2.129906 -0.39310974 -0.055087496
2.560079 1.050273 0.31871665 0.2564852 -1.6267433 0.9614239 0.3906359
3.2660139 -1.4784955 -0.271428 1.5426303 -1.8345044 1.2890421 0.24426638
2.9564183 -0.9724513 -1.6319733 -0.045275774 -1.7387824 0.53089696 0.16346784
0.8796612 0.72154605 1.3329026 0.39041498 -3.1681058 0.6141935 -1.8392345
2.444041 0.5278175 1.2913837 1.4556073 -2.9452012 0.41881543 0.4556088
2.3659437 0.93662083 0.26755548 0.15232529 -2.1756449 -0.11208718 0.07732226
1.3537318 0.9392401 -0.45649958 0.9644794 -2.771553 -0.47025794 -0.05339693
2.3451126 0.77603304 -0.04218781 0.45238128 -2.2171357 -0.14598268 1.1520345
2.7824502 0.22595465 -1.1210583 0.8333446 -2.5437398 -0.44751143 0.57870084
3.2339084 -1.1758153 -1.9991506 0.16161059 -1.4372742 -0.23917067 0.1671402
2.9008315 -0.3788904 -0.93881094 0.25334325 -2.2801716 0.94667035 -0.031618405
3.8353186 -0.40729678 -0.48589468 1.0984362 -1.6951092 1.9407629 0.83595735
1.6104264 -0.77457917 -0.19190562 1.2905862 -1.8929032 0.6082755 1.4797021
2.4995286 0.46739376 -1.0143478 0.5630765 -2.3419573 -0.5710326 0.37220603
2.701999 -0.32354438 -0.03329909 1.5416679 -1.7871698 1.2750682 1.4846507
2.2762446 0.18199027 0.6029873 1.1346691 -1.5284221 0.9885817 1.762561
3.9772453 -0.24574602 -1.0246595 1.1739243 -1.8135849 0.63751185 0.85805684
3.2616982 0.8278409 -0.18632507 0.6616886 -1.4767894 1.3338889 0.35165524
3.1326656 0.30881655 -0.42862797 0.5697162 -1.9649646 1.1220988 0.10081442
3.9321697 -1.3744885 -1.061402 0.808584 -2.051035 -0.70178026 0.013394368
1.3729217 -0.569162 0.0014539938 1.589867 -1.9333405 0.5233135 -0.6598726
1.0477357 0.5294411 0.31200945 0.27107206 -3.332368 0.46212524 -1.6819795
1.899318 0.76113594 -0.16418159 1.5981573 -2.1842692 0.35389686 -1.1174489
2.8702393 0.8148583 -0.047349334 0.71987057 -1.6957996 1.2572962 0.866162
2.665507 -0.7915851 -0.24348438 0.87373495 -1.823284 1.111645 -1.1954495
2.458586 0.50243473 1.9757941 0.9957695 -1.9607723 -0.065650634 1.5080396
2.1661506 0.87156093 0.2159754 0.06655337 -1.9233621 -0.31154603 1.1363844
2.5993366 0.9045986 -0.17939389 0.33907816 -2.334887 -0.0672816 0.5049888
2.625178 0.54177964 -0.16513908 0.708158 -2.4116867 0.7179249 0.2530583
3.3647003 -0.5431497 -0.33536112 1.4762671 -2.0483239 1.1810482 1.2103571
2.2188811 0.33911693 0.2268318 1.1233747 -2.499497 0.6302743 -0.072433636
1.8470936 1.5476593 0.80207074 0.853487 -2.4778 1.1003103 -1.4044076
2.534768 -0.70692694 0.1330967 1.8222847 -2.0728602 0.67942905 -0.056010086
1.930175 0.14048636 -0.10565555 2.169203 -2.4799132 0.14659297 -1.2618908
1.6459155 0.61663234 -0.4653567 0.7788996 -2.3236294 -0.40898198 -0.117615685
2.1816292 1.4044756 0.5326115 0.35975692 -1.9105557 0.7103766 0.005509031
2.542591 -1.0614675 -0.43594968 1.0019474 -1.4996116 1.3147589 -0.9181246
2.5034869 0.80705273 -0.4622538 1.0926042 -2.03806 0.6231205 -0.52001077
3.0663404 0.37664235 0.31344652 1.2548562 -1.5700183 1.4849766 1.0780927
2.9277046 -0.41334713 -0.57339156 0.5450784 -2.431486 0.78125554 -0.045075823
1.2240189 -0.5076822 -0.05859971 1.8531072 -2.1104672 0.68921614 -0.7559349
2.7065349 0.7932826 -0.038762808 0.33803585 -1.8926355 1.0412456 0.6054948
2.4600797 -0.37634408 -0.69177616 0.76316047 -1.0013543 1.1854886 -0.5041861
1.323834 -0.5066334 -1.2215377 0.7505058 -3.1822627 0.30622262 -0.10697012
2.2468407 -0.034636382 -0.19334066 1.715638 -2.427476 0.2848168 -0.7570247
2.417104 0.77829444 -0.08584857 0.2672406 -2.1935174 -0.2703212 0.99076104
2.5859585 -0.37611175 -2.2861662 0.637529 -1.5563041 -0.06957167 1.1178552
3.4460723 0.64128673 0.08247161 1.0696714 -1.3766072 1.6990391 0.5921883
2.828316 -0.6200751 -1.5394373 0.09384872 -1.8350188 -0.2286967 0.18576749
0.80755 0.2765547 0.9392266 0.65649146 -3.1022096 0.4422695 -1.4164084
2.9711757 -0.03251565 -0.42923546 0.8764937 -2.2304645 0.9008338 -0.2192307
1.0741457 -0.5832025 -0.27834213 1.6293056 -1.8804142 0.45282862 -0.8926701
2.8579154 -0.14004457 -0.8810435 1.8382418 -1.4192663 1.2182171 0.8649458
3.3175557 0.7602738 0.07309687 1.2395134 -1.4683634 1.6081477 0.99378794
3.2425745 1.1737543 0.56896615 0.19730045 -0.92989105 1.8011715 0.24894328
1.8887208 -0.96876085 -0.23748946 1.415375 -1.8837062 0.8254301 1.3833294
4.213063 0.32142675 -0.9893805 0.6421833 -1.4406499 1.5395285 0.55534476
1.6715132 0.79194045 1.0760562 -0.071079 -1.3351964 -0.04983764 1.485439
1.3560619 1.0375389 1.8122925 0.14115758 -3.1774294 0.63186747 -1.8362192
2.2083657 -0.64089286 -0.21499765 0.51395583 -2.1566749 -0.100361995 1.1591854
2.9513543 0.03328764 -0.7536605 1.8446547 -1.0062253 1.1071899 0.8455861
2.052705 1.5707825 2.399506 0.16232736 -3.3346415 0.2029162 -0.7906305
2.9689794 1.6888678 0.019842742 -0.892949 -1.3950022 0.8364148 -1.3142751
2.0820322 1.2561495 0.029733298 0.28529087 -3.071329 -0.61871654 0.8281653
2.343949 -0.9584924 -0.8335835 1.0212057 -1.4319642 0.9578684 -0.88132566
3.3724406 -0.62838256 -0.65983176 1.528867 -2.0030499 0.81313735 1.049344
2.798824 0.24707282 -0.63584316 0.497914 -2.2036207 1.2914199 0.48430526
2.2700074 0.5829495 -0.42662525 0.8740497 -2.6543744 -0.24372363 -0.06825553
2.8864493 -0.33620548 -0.6079664 1.7016833 -1.6516738 0.87319165 1.365226
1.9934776 0.53706515 1.7309656 0.5663625 -1.1775398 -0.41862482 0.5544556
2.5380523 0.12029922 1.0966349 1.5902699 -2.8244581 0.40201908 0.7868174
3.2945795 1.4131614 0.018951176 -0.5316624 -1.1379486 1.372818 -0.5228998
1.8494442 -0.060543183 0.14406359 1.689329 -2.7675078 0.57156855 -0.3672139
1.4550562 -0.3034948 -0.9733287 0.078315035 -2.940246 1.1845033 -0.88840765
1.3803709 -0.4680885 -0.4663906 0.78836894 -1.9503156 0.6340368 -0.3730144
3.1753025 0.5864314 -0.46320045 0.21131672 -1.8992597 1.147679 -0.6775555
1.9859955 0.9961835 0.15080488 1.2686884 -1.921469 0.77823114 -0.5091819
2.1006074 -0.65815556 0.07787144 1.374798 -2.3000858 0.39586538 -0.72907823
1.5583401 1.1956819 0.7231679 0.96016026 -2.6095047 0.6756433 -1.8582015
2.9669948 -1.1117313 0.22966099 1.4319321 -2.200746 0.7653791 0.6283583
2.1502495 -0.40595353 0.028897403 1.5366673 -2.448684 0.40983778 -0.5407211
0.9741303 -0.4071132 0.072719455 1.4801655 -2.6176214 0.39024165 -0.79346365
1.5965844 -0.07636249 0.089595795 1.5502107 -2.6928291 0.35343593 -0.5117974
2.1723373 0.26726925 1.0605181 -0.27017006 -1.625219 0.019429035 1.9757121
2.9532402 -1.321351 -1.8638564 0.08825624 -1.296311 0.25501615 0.061615895
2.2527397 -0.09931648 -0.37524068 1.1730387 -2.3760026 0.081372924 1.23075
1.5890343 -0.04230464 -1.1912663 0.009073947 -1.5006872 -0.47745246 -0.36971468
1.9805055 0.55171645 0.5272751 0.49546406 -2.2890007 0.24344492 -0.29652107
2.20252 1.1181898 1.1010976 1.3966334 -2.5330532 0.621738 -0.5669624
2.397485 1.0054615 0.6042999 0.5749082 -1.5540437 0.7439064 0.8429894
1.8926219 1.1144847 -0.12051582 1.3989462 -2.0137374 0.74997634 -0.76426715
3.1448615 0.41988122 -0.5217159 0.18220522 -1.9764729 1.155454 -0.45729727
2.6537428 -0.4848708 -0.88933706 0.27380288 -2.049825 1.2687142 -0.30053073
1.0717725 -0.49468052 -0.17861104 1.4839683 -2.2839262 0.5006535 -0.66814417
3.6350844 -0.27869415 -0.6410079 1.3478649 -1.8577043 1.1500832 1.1747276
2.632232 -0.5740341 -0.8701904 1.9361341 -2.2207773 0.2552942 0.7023127
4.2966366 -0.37635505 -1.0174516 0.44434717 -0.43483448 0.41743082 0.58272576
1.9805119 -0.11980045 -1.2569673 0.004895974 -1.6719328 -0.38773155 -0.17079215
1.9083381 -0.097278 -0.103792906 1.5827324 -1.9838701 -0.5554304 -1.7692903
2.311619 -0.9689044 -0.5696279 0.56297183 -1.9078603 1.4341058 -0.48799974
1.5439861 -0.666855 -0.09983194 0.6469593 -1.8748828 0.41847593 1.6652665
1.8632094 -0.4194566 0.0010142308 1.5913029 -2.20458 0.20777947 -1.0418162
2.0271926 0.37818253 -0.093319654 0.7823913 -2.6297164 -0.27634728 -0.28129655
1.6392142 0.5837194 0.6778699 0.33605078 -1.6045012 0.08236701 1.6235403
0.9904602 0.47482026 -0.34915948 1.1962093 -2.8830283 0.0989911 -0.20591323
2.9066815 -1.0750985 -2.454572 0.32776302 -0.9748972 0.07496012 0.45032507
2.5527956 -0.24846232 -0.2342763 1.858014 -2.1802568 0.62787145 1.164411
2.4004068 -1.0531887 -0.47795236 1.0240384 -1.1723341 1.3684108 -0.71200603
1.276497 0.8213538 0.40784585 0.81152046 -2.958658 0.42687023 -2.577035
2.0021937 1.0593722 1.2702816 0.5516984 -1.8733684 0.32183856 0.21964557
1.8400497 0.9941611 -0.12217188 1.2816973 -2.1656392 0.5771585 -1.5384631
1.326251 0.06385267 0.682603 -0.04362009 -3.084236 0.495817 1.8542515
2.2168286 1.6630391 1.6252601 0.79767907 -2.896854 0.89773136 -1.0252026
3.0090396 0.8220762 -0.024357082 0.70504534 -1.6287547 1.3039709 0.65871817
1.9417597 0.82570827 1.8170869 0.04284062 -1.3722726 0.013836212 1.6180955
2.8889835 -0.06881106 -0.7119324 1.6072826 -0.98932546 1.1335346 1.0630598
1.9882216 1.4845281 1.3123903 -0.25802502 -2.2088382 0.21156555 1.0121397
2.5138633 0.9329425 0.12632453 0.8707742 -1.9766926 0.7982392 1.107387
1.7353485 1.1380368 -0.69716346 0.90264916 -2.9340272 -0.4828592 0.3966374
1.8887532 0.9288131 1.0192899 0.22165193 -1.4785295 0.11431665 1.0934601
2.2022722 1.3491421 -0.17265213 0.92632675 -1.8664714 0.9805705 -0.28109187
3.1227913 -0.56016195 -1.3764887 1.3144096 -1.8135191 0.6486431 0.43266243
2.1908863 0.33875453 1.2789614 1.2124164 -1.5604259 0.56055933 1.0611397
1.2801311 0.2500683 0.08637667 2.1045935 -2.5861647 0.2936984 -1.874076
2.8559153 0.8930366 -0.10877609 0.82902163 -1.5465038 1.0259912 0.023109745
2.5716915 0.82987726 -0.23687196 0.37125495 -2.3547444 -0.3411702 0.4508319
2.0163565 0.83438504 0.61705816 -0.06445275 -2.2670147 0.038532205 -0.040896136
1.5262349 -0.34902346 -0.08243346 1.266953 -1.9213634 0.524646 1.4948883
0.9594341 0.39560497 0.6718781 1.1845595 -2.8556328 0.32602888 -2.031075
2.2811391 0.5148586 -0.38898265 0.66289854 -2.5596883 -0.59628457 1.2240642
2.559971 0.96068096 0.021024344 0.29603234 -2.1037679 0.6177822 0.6194797
3.334551 -1.1257871 -1.9204104 0.74213326 -1.331427 0.4093908 0.2864514
1.9564517 0.044476386 0.32494283 1.2422141 -1.752309 0.6382902 1.6333941
1.2718753 -0.344993 -0.8090285 1.0066593 -2.1837919 -0.364928 -1.7768925
3.8490844 -1.5709249 -0.894848 0.9539218 -1.4819539 1.3237778 0.3330502
3.0621977 0.41281307 -0.50233996 0.23307152 -2.0234895 1.242333 -0.22983758
2.649865 -0.048418406 -1.2095062 2.1972508 -1.5324515 0.71785355 0.67455345
2.369098 0.6790925 -0.30439687 0.22372647 -3.05538 0.8876982 -2.7768939
1.5983759 -0.44872415 -0.044160485 0.65831244 -1.9223787 0.37202543 1.6164806
3.0940945 -0.33558047 -0.67723227 0.26739645 -2.2991953 1.0661074 -0.20387034
2.057994 1.620714 1.1174272 0.502417 -2.489223 1.1918383 -1.1090459
1.9449799 0.44085848 -0.4116236 0.8969033 -2.438538 0.07340161 -0.023277927
3.6905954 -0.35462296 -0.053896785 1.2715147 -2.406874 1.0384169 1.1484443
1.5399041 -0.43019378 0.07388806 1.8720024 -2.3415458 0.6678763 -0.48487085
1.7126832 -0.3826754 0.49163592 0.041563053 -1.5331511 0.5936306 1.8660845
2.8709838 -0.44360125 -0.063889384 1.6213119 -1.812706 1.4706917 -0.014696228
2.2998679 0.07069576 -0.18692827 2.2725284 -1.8024427 0.42971605 -1.120684
1.3136352 0.4643942 0.9516996 0.4252526 -2.7136798 0.41861886 -1.1026092
2.0240827 1.026771 1.2739501 0.3485438 -1.8108195 0.3670687 0.33994237
1.7070786 0.4210676 -0.52490604 0.3771893 -3.5761669 0.7464691 0.010249448
2.5878775 0.23072052 1.5533961 0.7817431 -1.6301998 0.27444583 1.5125508
2.9406555 -0.43904507 -1.9312651 1.591743 -1.4189199 0.53267884 0.66262347
3.2803733 -0.06379092 -0.43972707 1.6140742 -1.7087839 1.1633657 1.3623362
1.2113969 -0.7484127 -0.7118685 1.1886038 -1.6870992 -0.2243082 -1.1089758
2.8080118 1.1286517 -0.55072606 0.6359978 -1.760005 0.8041221 -0.35866112
2.5843275 0.9117223 0.24248254 0.47166136 -1.7011191 1.0497543 0.770837
1.9870448 0.07228863 0.028083919 1.4249973 -2.8465712 0.44507444 -0.2812817
2.9671142 -0.15870726 -1.5533785 0.68140006 -2.2141774 -0.5109931 0.53165275
1.5520738 -0.05162323 -0.059396982 1.4538155 -2.4881365 0.37590873 -0.38887268
2.5667112 -0.34737742 -1.5183446 0.028009493 -1.7007846 -0.44649374 0.009266329
2.6161563 0.7712165 -0.3698392 0.49733725 -2.5013237 -0.21946025 0.326615
2.725342 0.82697594 -0.46193874 0.96865153 -2.0349538 0.69119173 -0.3596514
3.3849037 -0.26462686 -0.025188806 1.3726617 -1.7162012 1.5420092 1.3596252
0.7094502 0.5037497 -0.88520026 0.7017096 -2.7426672 0.35179156 0.074883774
2.7847502 0.54909503 -0.43969893 0.65104765 -2.1806285 1.0636644 0.7341623
1.1035844 0.51464784 -0.67143846 0.4934112 -1.9633273 -0.29469663 -0.1424338
1.3888052 -0.57201374 0.004850505 1.5542558 -1.9499515 0.5449698 -0.6300041
2.1669128 -0.51875055 0.34957826 0.08408584 -1.6759114 0.69438463 1.6936684
1.455828 -0.6844543 -0.9808681 0.76140034 -1.4312176 1.521672 -0.43611008
2.08463 1.0854036 -0.12538159 0.27294937 -3.0388181 -0.5741276 1.1468109
2.9594734 0.058919545 0.28017485 1.4333793 -1.6222274 1.3690087 1.5777084
1.4203779 0.6852983 -0.38241506 0.9832286 -2.6644416 -0.44304484 -0.13124327
1.1985173 -0.4174086 0.1199007 1.7965432 -2.5560608 0.42478985 -0.9502142
1.1116153 1.0109249 1.6970742 -0.10088669 -4.037081 0.22683388 -2.1045084
1.8922455 1.6662513 1.0360321 0.67509913 -2.6668997 1.0424073 -1.6510333
3.1649826 -0.55066836 -0.786865 1.512005 -1.7811433 0.3035645 1.1133031
1.693687 -1.2363368 -1.7142236 0.58194494 -2.0944521 0.29973137 -0.35162216
2.3869367 -0.33237338 0.69168496 1.5805191 -1.9529507 1.060453 0.4787733
2.6545818 -0.8979417 -0.5502522 0.4545746 -1.617831 1.3700296 -0.62698215
1.9082731 1.4270923 0.5789968 0.75404656 -2.1313736 0.7906336 -0.49504662
2.2819457 -0.07805908 -0.9645624 1.2290399 -2.6580613 -0.12967318 1.2525856
2.8610537 0.66993034 -0.27102363 1.0917088 -1.4221946 1.6711379 1.1168913
2.0950444 0.026264545 -0.7413337 1.825378 -1.9635907 0.067770846 0.937131
2.1894228 -0.34843957 -0.18618286 0.6866348 -1.8521053 0.77463746 -1.8376895
0.8503082 1.0681318 -0.9280952 0.500683 -2.3225029 -0.17780775 0.008616638
3.1363142 0.4451748 -0.39828813 0.53261673 -1.8410996 1.1906787 0.20646937
2.5971823 0.44234872 0.6145158 1.2915068 -1.5215902 1.0092971 1.2799655
2.6775007 0.9894724 0.2153256 0.50323236 -1.5553218 1.0490571 0.33043206
1.8901174 -0.47656262 -0.08032036 1.4613901 -2.0653653 0.11340291 -1.2597134
2.1500056 0.9538783 1.5342838 1.3722265 -2.6388195 0.19223791 0.6529452
2.7879198 0.43431413 -0.6382358 1.0655975 -2.6554117 -0.015434794 0.85374296
3.0843322 -0.6783253 -1.3081814 0.3937976 -2.0909545 1.0019753 0.42227286
3.6777365 -0.18665278 -0.40246236 1.2656984 -1.8662281 1.3878709 1.2603332
2.9465563 1.4772935 -0.029909374 -0.2182196 -1.48072 1.0889163 -0.44396383
2.2025707 0.440171 -0.40653515 0.92658067 -2.1314747 0.5912965 -1.7318684
2.947406 -0.45077193 -1.8137897 0.13450694 -1.6511499 -0.6640968 0.09645219
1.7454655 1.0840957 0.2503245 1.3969479 -2.2124937 0.66006577 -0.82546604
2.9665287 -0.15244234 -0.8335562 0.1568373 -2.3511038 1.1418883 0.17735417
2.2044573 1.0860374 1.2435695 -0.031398218 -1.8976653 0.4210139 0.3472455
1.3217721 -0.14437044 0.08199179 0.603621 -2.267576 0.10113127 1.6208496
1.9559681 -0.26833427 -0.1012243 1.4038061 -1.9874018 -0.2996531 -1.4612211
2.8992555 -0.7991955 0.39446115 2.6708772 -2.095175 0.05706685 -1.1946009
2.814264 0.957618 0.048455596 0.55214363 -1.5373617 1.0984167 0.33905149
2.9477832 0.02631962 -0.8215686 2.0043397 -1.0620028 1.0386584 0.51304036
1.6599061 -0.9704796 -0.4237498 0.78025424 -1.80597 1.1944025 -0.6333296
3.189994 -0.87224007 -0.22382545 1.1674862 -1.6488929 1.4583052 -0.12658648
3.2219703 1.4866955 0.4157951 -0.39809057 -1.0588069 1.5491805 -0.34348148
1.5859246 1.1298043 0.42065263 1.1506299 -2.4288266 0.56839794 -1.6966137
2.393781 -0.047381524 -0.23886323 1.2450577 -2.8183866 0.6517244 -0.046683956
1.3786556 0.5783032 -0.14624465 0.8336443 -2.9141946 -0.06922167 -2.7630293
2.7593992 0.03724348 -1.3532616 1.2175096 -2.6736064 -0.2741751 1.0569574
2.1092556 1.9289231 1.7535933 0.16540246 -3.3210044 0.59090215 -2.17923
1.2946842 -0.5480112 -1.0206983 0.9002281 -1.7393997 1.4210609 -0.4363479
2.549191 0.3247956 -0.16607946 1.3578658 -0.78274816 1.0404178 0.94342786
2.763397 0.25705993 -0.9304265 0.5025008 -1.0071207 0.8263388 -0.18681614
2.458214 0.6601945 0.08877325 0.7732909 -2.2800062 0.739997 0.18538971
3.4542234 -0.64161646 -0.007756116 1.2420707 -2.0082157 1.5201359 0.97941643
2.3543658 -0.19465268 -0.46603942 1.6016016 -2.4967775 0.2885179 1.1571597
1.6138859 -0.23104537 -1.4016161 1.370898 -2.5112526 -0.334298 -1.4525717
