1.8654809 5.5620937 0.5560794 3.3472974 0.8735217 -0.12745291 1.1153489
1.6073533 5.6095314 2.707646 4.048437 -0.092504345 -0.09298581 1.2239974
2.1211917 6.3527393 1.1176451 4.6706276 0.40481737 -1.0572982 2.70124
1.3014853 4.9216537 2.25429 3.3588848 0.19209962 0.03170651 0.5726022
2.1773245 2.9603672 2.0928726 2.6586456 -1.1128122 0.1982935 -1.4426168
1.5999846 4.368287 2.5344765 2.7445998 -0.4976538 0.03191727 0.6232653
1.4106143 6.0286307 1.944949 3.8145602 0.65517634 -0.028118793 1.4189512
1.8049034 4.164459 2.181021 2.2266538 -0.38043448 0.23456317 0.3667852
0.97057855 3.9575806 1.4199727 3.7227995 0.49783614 0.6540003 -0.35786894
1.5671995 2.7638283 2.4605832 3.8715754 -1.4382576 0.5081894 -1.3524632
2.0355003 3.7209578 2.0673084 2.393282 -0.9555925 0.32970673 -0.053858455
1.5773455 5.6589074 2.0625315 4.911856 -0.5946817 -0.20976001 1.0532724
1.9827193 4.6500545 -0.3661606 6.398609 0.47647062 -0.97505623 2.4778638
0.6087742 4.789511 0.42876312 4.493119 0.6822688 1.1581837 -0.19407876
1.1928729 2.7035966 2.0837178 3.6977897 -1.5356737 0.6142157 -0.8221119
2.4067404 3.501315 1.7233818 1.7413788 -0.59630954 -0.23802918 -0.65235555
1.8716208 4.6914725 2.6594374 2.378564 -0.22392328 -0.22894508 1.9918276
1.8151995 4.2717457 2.5913506 2.5572848 -0.47174278 -0.040204708 0.844967
1.582203 6.357076 1.8696499 4.1714396 0.5590463 -0.05195338 1.8783647
1.8187574 4.7394266 2.6747332 2.6710844 -0.04162153 -0.20695347 1.2174711
1.8882319 6.257746 1.5342147 4.207399 0.16464822 -0.8181252 2.6245074
1.7851597 6.343828 0.86772335 4.196857 0.87596136 0.1542167 1.8270031
1.3245722 4.8766537 2.1984189 3.304347 0.2158008 0.1013791 0.49897888
2.099509 5.72992 0.8844336 5.8974347 -0.41729006 -1.4901024 1.7205168
0.5981071 5.2458124 -0.020021468 4.601098 0.6272028 1.2702429 -0.10765127
1.8517897 4.9975367 -0.33423695 6.119509 -1.2682415 -0.6010787 1.1314418
2.9273617 5.182334 0.9478326 1.7653469 0.9860173 -0.42071652 2.0083015
2.0287645 3.7485049 1.9841757 2.2630632 -0.5695371 0.23465884 -0.5617973
0.49862054 4.644481 1.3453915 5.120584 0.32389376 0.43955755 -0.059684273
2.3974612 4.309394 1.9391899 2.0231547 0.76058716 0.13115722 1.4575865
1.2533767 4.8879976 2.5826254 3.5738385 -0.39366326 -0.12144238 0.56397605
1.7443007 5.125852 2.916128 3.1877382 -0.106092416 -0.3304984 1.3715591
1.9697274 6.1040397 0.29629967 5.858137 0.44437304 0.29519707 1.2961215
1.4145519 2.8437114 2.3701048 4.0748878 -1.1959522 0.56204695 -1.3042957
1.0731647 3.7058606 2.1322455 3.648521 -1.932144 0.49191052 -0.023869198
1.1556042 2.901728 2.2341747 3.0234513 -2.983225 0.19056386 0.51997244
1.7815183 5.7292185 2.344924 4.294541 -0.27910325 -0.2708779 1.9780377
1.0627965 4.652996 1.4546494 3.3327606 0.69517106 0.45990896 0.08154633
2.3877883 3.3644161 1.9273745 2.0369935 -1.160904 0.568767 0.29658964
2.00619 6.3387866 1.6929886 5.148643 0.073156275 -0.7514952 2.0556808
1.9032696 4.446521 1.2194524 2.4740286 0.6745823 0.23122543 0.24425341
2.1633692 6.3690605 -1.5900533 4.8331513 1.212946 0.32560128 1.0076
1.9460095 4.435361 2.0633125 2.1481404 0.5891909 0.23194832 0.91415024
1.8386528 3.2734609 1.9489104 2.8917131 -1.3661572 0.6191334 -0.3508261
1.5804638 5.1090627 2.2917998 3.6230958 -0.46486053 -0.30948335 2.3954725
2.181242 6.067237 -0.33031973 5.3760996 1.1206673 -1.1758069 2.500289
1.7600707 6.1564045 1.9529998 5.1031184 0.022349754 -0.25316828 1.526461
1.2998186 5.6478033 1.0950006 5.160703 0.18981259 0.57766986 0.73234326
2.1296334 5.3285418 -0.80970895 6.816359 0.16115229 -0.5905361 1.5285672
2.0078154 4.4799347 2.63016 2.0744338 -0.2346266 -0.27356702 1.9216567
1.9677912 3.8456502 2.2906494 2.1346438 -0.57571 0.15988427 0.48557362
1.9087662 5.689133 1.1196806 2.9684365 0.7003841 -0.58733886 2.9585674
2.515385 3.4543529 1.8632724 2.4981842 -1.3104907 0.015938874 -0.69932956
1.874436 6.117917 1.7222492 5.3574915 -0.19272919 -0.56283087 1.5755926
1.6398102 5.641159 2.5053234 3.5584047 0.16841523 -0.189812 1.4261895
0.96497715 3.8404975 1.4836657 5.013254 -2.6375055 0.27240878 0.096414946
1.276641 5.108991 2.2613697 3.4618862 0.2600582 -0.05364031 0.7113111
0.4613349 4.9793057 -0.6225672 3.2284114 1.110426 1.2610481 -0.5214442
1.6414393 5.37283 1.9994795 3.9635117 -0.4069973 -0.5587447 2.4281836
2.1304076 3.8492122 1.7709632 1.8731372 0.09418026 -0.22294384 -0.3565351
1.6405569 4.747524 0.5540278 5.1590834 -2.106554 -0.54103035 0.49807838
1.5554596 5.6185236 -0.21374765 6.121981 0.11904041 0.62112635 1.0294353
1.6372141 5.0444875 2.525612 2.9269052 0.064605154 -0.17356128 1.11016
1.6837652 4.873096 1.8967824 3.3001273 -0.45677933 -0.39826483 2.9639564
1.4331809 4.0477405 2.225678 3.2765326 -1.7448316 -0.00788385 1.4399694
1.0267762 4.9673767 1.6110796 3.9816473 0.5494213 0.35299802 0.1699457
1.66744 6.1144023 2.075331 4.160288 0.24648027 -0.34161156 1.967104
0.99812496 5.2946897 0.68239224 5.0422015 -1.6193141 0.14009684 0.39404008
1.8186913 6.706574 1.2420815 4.6842966 0.73404974 -0.24461931 2.0527182
2.4853547 3.9402542 2.654114 2.0886269 -0.93110245 0.31688863 1.2822322
1.7180887 5.89891 1.5598274 3.505886 0.8349858 -0.06381339 1.5773994
1.7702079 5.532936 2.3394744 2.9836836 0.23955517 -0.37883776 2.1160107
2.3521154 6.4068 0.4648064 6.0355287 0.5946556 -1.2833517 2.2258244
0.816337 3.4772086 1.7293645 4.5644984 -0.2316881 0.86281174 -0.54435694
2.1836808 4.365179 2.7661781 2.3064113 -0.5449107 -0.04618675 1.6590585
1.7975987 6.3483987 1.7084324 4.953888 0.24334447 -0.19444591 1.5819875
2.1367726 5.9304075 -0.56460667 6.6321363 0.83911747 -0.24894077 1.6975139
1.7581582 5.8087378 1.580056 3.328398 0.35420528 -0.87567323 2.8891764
3.0381515 3.3859692 1.4858847 1.341016 -0.07209369 -0.815426 -0.48859164
0.9915322 4.8939505 1.5831097 3.8143687 0.5988047 0.33651173 0.24718325
1.2471687 5.077279 1.699353 3.4446852 0.76395047 0.03422558 0.55828464
1.7271872 4.176353 2.1205976 1.9794563 0.041160025 0.26417577 0.37943724
1.8708309 5.517361 2.518262 3.1423426 0.22542958 -0.28042418 1.6953095
1.8033702 6.600602 1.2280588 4.8646092 0.5357533 -0.010396781 1.5468556
1.6346653 4.1823473 2.3156543 2.668202 -0.5378395 0.22870809 0.31646836
1.5448397 6.01262 0.8030486 5.1025085 0.3890235 0.5201954 0.97835463
1.4575392 4.8109922 1.8223345 4.5762477 -1.8069042 -0.13355333 0.49454543
2.0909936 3.9418344 2.1306365 1.861485 0.22906093 0.35717547 0.964448
1.3415735 5.0785036 2.1971564 3.0370636 0.33829746 0.050375517 0.7060441
3.7101278 4.6400623 -0.9626417 1.6300079 -0.025781056 -0.4308631 0.8694485
0.9063885 5.329817 1.3429117 5.1506424 -0.38125584 0.2691164 0.57123274
2.370074 3.6534128 1.8744318 2.117263 -0.8911262 0.07729417 -0.5160933
0.7480053 3.2819402 1.9983124 3.8789592 -1.3008106 0.62645394 -0.31043574
1.7391351 5.867646 2.4350295 4.4643135 -0.06985351 -0.18463224 1.7777249
1.1892942 5.0514083 1.9155595 3.7808223 0.47069815 0.13307685 0.3356913
1.8611633 5.184538 -0.41354188 5.5170875 -1.9300851 -0.3660081 0.89144146
0.77082133 5.7558045 -0.9324478 3.9217207 1.5610656 1.2782576 0.094392754
2.307731 4.546206 2.194326 1.4860123 0.09399287 -0.7589173 2.5841527
1.1398413 5.798887 1.5543907 4.209948 0.5786515 0.293925 1.0206214
1.1511912 5.253893 2.2866375 4.376848 -0.8678018 -0.031239215 0.6316775
0.90940905 5.238708 0.91169727 4.222816 0.81523764 0.48896658 0.55252755
1.8430893 4.07407 2.022425 2.001696 0.053619064 0.051962133 -0.057840627
1.5868759 4.775034 1.9607567 3.8621497 -0.731633 -0.6611623 2.4066153
1.5920355 5.0985923 1.9828287 2.8008862 0.71860665 -0.0072053103 0.9765929
1.2151877 5.443276 0.7247387 5.2453623 -1.3744851 0.009918747 0.58231026
1.6390374 4.419489 1.8274397 2.4066753 0.58689266 0.40116435 0.15111311
1.3635935 4.164665 1.8225648 3.2146058 0.269861 0.42314523 -0.42057332
2.635687 3.6152105 1.9327896 2.130478 -1.1556996 0.12505591 -0.1471674
0.79238653 5.3374443 0.4100978 4.600359 0.4990388 1.2103252 0.19216923
1.2848508 2.6401029 2.076401 3.3789074 -2.9460874 0.7070083 0.094889425
2.1291854 5.5075116 0.08460531 6.342991 -0.094268166 -1.5863545 1.8171388
2.4659245 4.4155736 1.9384348 2.024415 0.80845314 0.027396496 1.6175107
1.8370267 5.699766 -1.0052414 6.3987412 1.0344473 -0.036781613 1.4190305
1.4943758 4.068803 0.79264784 5.042785 -2.545042 -0.3280143 0.26031813
1.8262933 3.737089 2.0338292 2.7904954 -0.8725785 0.43618578 -0.5001103
1.4745947 5.6651096 0.9838736 5.5900297 -0.2623851 0.13919038 0.93751585
1.8516433 5.0539002 2.9396122 3.3148339 -0.48680434 -0.03418893 1.6144727
0.60800564 4.4640527 1.1543 4.772725 0.55632055 0.61720794 -0.14314173
2.0057762 6.7873383 0.9099834 4.6708474 0.86442405 -0.500104 2.3940897
1.6410707 5.461487 1.846617 3.063163 0.8000992 -0.12295216 1.2096058
1.5079106 4.5642557 2.175377 2.7914834 -0.10439607 0.23117179 0.35114795
1.6122365 5.566235 2.1283805 4.838013 -0.6331286 -0.34420007 1.1134969
1.997264 4.610544 1.595651 2.3508968 0.77900356 0.16547936 0.77546054
1.56736 4.714682 1.6633564 2.7403302 0.7511222 0.3315977 0.33591512
1.3316313 5.127251 2.5883975 3.8322945 -0.4963598 -0.04126722 0.70212317
1.8004427 6.142734 1.4800076 5.399559 0.0444446 0.0064277025 1.3394003
1.9567491 3.9717128 2.411022 2.6139941 -1.1019545 0.43864506 0.570758
1.1553961 5.1891174 1.6272821 3.6508617 0.76740277 0.018335339 0.7028984
0.67359126 3.9184375 1.8995073 4.2680736 -0.18032373 0.5206684 -0.2307141
2.0041795 3.4709911 2.1132896 2.3287246 -1.2092661 0.6769847 0.3388418
0.67641115 4.604602 0.53432345 4.007233 0.98652416 0.984619 -0.3116187
1.7697227 5.8515587 1.682697 5.2503057 -0.5537328 -0.27231866 1.1491232
1.2197862 5.6748943 1.9960644 3.9710407 0.47022834 0.04324394 0.97602975
3.1639967 6.014551 -0.3398805 2.2809958 0.7318006 -0.48656625 2.5867004
2.3119562 5.8577814 -0.57585406 6.6725006 0.16982405 -0.41994745 1.6782541
1.9908537 3.572598 2.3318965 2.0955112 -1.7938681 0.40034217 1.9238588
2.9467626 3.7047749 2.252935 1.3702779 -0.84983426 0.26453573 1.3214709
1.6874353 4.751696 1.7812345 4.5583453 -1.5261594 -0.637947 1.0090172
0.46303388 5.129748 0.106725186 5.442277 -1.8670471 0.4105671 0.17824699
1.5903596 5.846374 1.0714018 3.6982694 0.84870464 0.08719486 1.3936657
1.0046394 4.846012 2.2548947 4.075066 0.06370977 -0.05529839 0.35711923
1.170877 5.369506 0.734251 5.467273 -0.62642634 0.12737185 0.6225764
1.6801142 6.157608 1.7373061 4.1215158 0.41879418 -0.4882477 2.2339349
1.2374226 2.3883793 1.7166309 4.555411 -0.81194407 1.0435424 -1.3104519
0.3371545 4.677271 1.686333 4.932387 -1.2461149 0.19232804 -0.09987757
1.8076082 4.374555 1.7452222 2.246808 0.6769647 0.37876803 0.450789
0.94762576 5.3251967 1.4949954 4.114092 0.5685463 0.35661525 0.658528
1.6617769 5.3518405 2.378751 4.2863245 -0.713203 -0.42028028 1.5298835
1.9537549 6.266867 1.8902011 4.976723 0.014431635 -0.6301119 2.055176
2.0951424 4.1066546 0.07307908 2.5289161 0.34148183 -0.213638 -0.36641046
1.7139904 5.6347957 2.2115889 4.085076 -0.3120385 -0.39671606 2.1980186
0.7142358 2.9524643 2.0745683 5.0692196 -0.85458905 0.63712364 -0.9134375
0.78054667 4.6115065 1.7110096 4.249436 0.29721013 0.3743947 -0.026471253
1.792803 4.763067 2.738184 3.1405401 -0.88065237 0.14254564 0.7655883
1.5368184 6.184186 0.34935853 4.5282245 0.7865913 0.4381129 1.1203672
1.701389 5.59345 2.6402411 4.1735344 -0.3743045 -0.13188726 1.4987267
2.3326902 6.534861 0.5909234 5.84861 0.6193158 -1.0948317 2.3061256
1.7364745 5.3248997 2.6872451 3.7140524 -0.66140944 -0.08373314 1.6050688
2.2575066 5.727812 0.3479881 6.2573714 -0.19827707 -1.6188339 1.7645963
1.5859066 5.2088976 1.119711 3.344347 0.84282494 -0.038848523 0.91721225
0.70152617 4.8412266 0.5759685 4.2890296 0.7282516 1.0595431 -0.1663778
1.8930455 6.6179714 1.3865542 4.6585827 0.45529976 -0.49917322 2.0689373
2.1094997 6.7017355 -0.27845797 5.1276655 1.0434824 -0.44814962 2.02452
0.78155816 3.0238595 1.1338224 4.2077327 0.42014638 1.0541687 -0.9476211
1.6885046 6.5507803 1.4677393 4.5485687 0.6528488 -0.026921455 1.7552309
1.0166516 5.76083 -0.1161007 4.8396378 0.68849367 1.210718 0.32297286
1.640494 4.1238656 2.294613 3.0223126 -1.237161 0.60398203 0.34802142
2.0713544 4.4260254 2.715718 3.1135757 -1.5345315 0.12012845 0.6108968
0.9200263 5.2629747 1.2949249 4.4715548 0.5130603 0.6082718 0.47902587
1.8398486 6.0670605 1.0348108 3.699601 0.4966561 -1.0414615 3.1227582
1.6217026 1.9685115 1.9194505 3.4342394 -2.3952785 0.58196694 -0.8223144
1.3977545 4.433972 2.3994198 3.1027734 -0.5119696 0.1181342 0.35552084
0.83885086 4.5151997 1.176699 3.73498 0.8233083 0.7569244 -0.14394706
1.771951 5.232489 2.576382 3.0249693 0.14115565 -0.22631496 1.3114773
1.870717 4.3532815 2.794978 2.840944 -1.0286782 0.13583928 1.724597
1.8991822 4.355345 2.0842566 2.0442176 0.5044809 0.28563833 0.7780515
2.6592567 4.8381033 1.3747884 1.5924271 0.7244864 -0.13612956 2.4341633
2.27051 4.3867297 2.291995 1.5037664 -0.24689944 -0.5781861 2.4532824
1.872904 4.5947523 2.4920053 2.3963907 0.01559023 -0.050851528 1.1668738
1.7518202 5.154318 1.9738841 2.7231698 0.7293437 -0.0744074 1.1391909
0.7650254 4.890833 0.9468591 4.2884555 0.734446 0.8514952 0.059968863
1.4376781 4.6756334 1.8249128 2.8502557 0.63235706 0.34008163 0.10387506
0.109579384 4.164729 0.6510297 5.225776 -3.3159244 0.29683 -0.5178472
1.3845681 3.7957072 2.2575684 3.0265098 -1.6194831 0.09642774 1.8687645
1.6527545 5.6325536 2.2768667 3.3958411 0.050305165 -0.44316274 2.290828
2.5837908 3.7134678 1.7590189 1.7177918 0.21461456 0.057701405 0.38184777
0.27541316 5.1007047 -0.49096063 5.265838 -0.7338427 0.42803806 -0.11333091
1.3228989 5.180485 0.87769556 3.7761242 0.8394977 0.06837964 0.6923063
1.1548303 1.2419413 1.6263521 3.2841966 -3.410478 1.068413 -0.040509682
1.4043465 6.2463007 1.7075905 4.19254 0.61787343 0.08508307 1.4572283
1.1832927 5.2590437 2.3103507 4.2624474 0.033645786 -0.06510955 0.638608
1.3390085 4.1307735 0.8900492 3.0460908 0.4953622 0.4240048 -0.37325165
0.8560296 3.6011853 2.092884 4.0182223 -0.7453223 0.5754445 -0.47454673
1.8860241 6.001505 1.2900574 3.4304209 0.87610805 -0.096197665 1.7798804
1.1221652 5.83541 -0.23358777 4.69836 1.0362111 0.9232534 0.4741372
0.70075965 3.6225252 2.0696974 4.1486673 -0.758636 0.5055769 -0.3671697
1.8941532 6.298376 1.9898907 4.884215 0.11271063 -0.5121556 1.8699492
1.7626275 6.0454154 1.4516276 5.405535 -0.15806623 -0.059941474 1.2004858
1.6539303 4.6038194 2.1739979 2.9637556 -0.6984201 -0.1437543 2.768125
1.6383835 4.8569145 2.161319 2.5650034 0.55225533 0.070360124 0.9661074
1.1979276 5.8316174 1.7417277 4.3787723 0.47913334 0.28910083 1.0107938
2.2156231 5.925589 1.0588628 2.9890723 0.8984024 -0.23238271 1.9077414
0.6858789 5.108033 0.22868738 4.407313 0.64406294 1.2536207 -0.10496324
2.0569603 5.6528225 -0.3698227 6.4588943 -0.5281673 -0.4725721 1.3923863
1.5858423 5.121822 2.5417347 3.8246958 -1.0084568 -0.009275618 0.6457229
2.0861309 4.5716043 2.8248174 2.9877832 -1.07892 0.081466734 0.9067675
1.5451404 3.7212005 1.9276254 3.2977467 -0.35803357 0.49515212 -0.6138871
1.8683585 4.82563 2.7749715 2.7232292 -0.21996684 -0.20403975 1.8286437
1.0470396 5.291813 1.7486792 4.15176 0.5431877 0.27131528 0.6337166
1.9152819 4.569876 2.684738 2.273264 -0.28058252 -0.2253303 1.9625338
1.1545149 4.700906 1.9369311 3.6394572 0.2680224 0.3113733 0.092465065
2.1729453 3.7336497 1.8083935 1.7428594 -0.044458352 -0.31554145 -0.4646993
1.2617142 6.0350475 1.8268964 4.1506505 0.5288947 0.14612597 1.1782804
2.6049886 6.049669 -0.52194905 3.1865244 0.6515023 -0.34067413 0.798511
1.5615551 5.170166 2.695532 3.6949008 -0.6927781 -0.111893356 0.8347443
1.2615725 5.4369392 0.6917808 5.67658 -0.20391901 0.32759523 0.71655715
2.257322 6.5125885 0.8061304 5.4021645 0.6419994 -1.0507385 2.445777
1.0699033 3.4963865 0.8259883 3.0463023 0.8444707 0.8044312 -0.9022635
2.1900208 5.927596 0.76473415 6.0179935 -0.31882998 -1.3166308 1.7147028
0.2350649 4.1862845 -1.4779165 4.872123 2.1307263 0.9810843 -0.090064056
0.9409847 3.5360422 2.1016264 3.9228077 -2.2541528 0.4298392 -0.05011056
3.420912 4.1226287 1.857056 1.2957325 0.08207885 -0.29977888 2.0667152
0.96777964 5.587659 0.47658655 4.7370453 0.47040567 1.0641426 0.42153114
2.2905142 4.8548284 2.1614363 2.1926985 0.50524217 -0.32992047 2.10225
1.8946344 4.903164 2.6776185 2.64909 -0.05820092 -0.26141208 1.843841
2.4850996 4.9987555 1.6006893 2.1414363 0.954136 -0.2556787 1.7612311
0.29930586 4.2878957 1.8891525 4.9188566 -0.551235 0.23461586 -0.2130809
0.92187774 5.2260494 2.049446 4.8084426 -0.010045787 0.1120742 0.60653603
2.5625942 3.9049811 1.6306291 1.9223107 0.45657578 0.11533785 0.19146349
2.6006534 3.7386858 1.7841074 1.7923348 -0.8590367 -0.075811684 -0.29261643
0.80357146 3.2871091 1.8954977 4.689632 -0.50399756 0.7885638 -0.6771194
1.1566147 5.152461 1.9431651 4.0013967 0.38064662 0.0864709 0.3814313
1.1525389 5.09288 2.365403 3.8492253 0.15408884 -0.12608999 0.6228882
1.6516907 6.0098467 2.4891248 4.1712227 0.105989255 -0.112935245 1.5976833
1.7003716 6.2053657 1.6832646 3.7519867 0.8001378 -0.06308228 1.8200505
0.62347627 4.4733653 1.6117839 4.5160065 0.26113138 0.44398952 -0.108329855
1.3344705 5.5102305 2.5067022 4.4174914 -0.18738683 -0.015184346 0.93701893
1.3398377 4.998274 2.636109 3.5930183 -0.4767507 -0.10494 0.6991576
1.7190921 4.209406 2.044742 2.2127783 -0.073095225 0.24393594 0.16443004
-0.38711277 3.1898088 1.657716 4.8254414 -1.9018983 0.29678446 -0.9949331
1.7165338 5.073522 2.4434156 3.9907908 -1.3617047 -0.024914924 0.8046985
1.7157329 5.362815 2.5622137 3.8807888 -0.7773097 -0.20315045 1.3349549
2.079637 5.73235 0.5621247 5.8258004 -0.8405226 -0.7606631 1.2549185
1.0333213 4.3350244 -0.7518773 2.4734123 1.262808 0.5724268 -0.6038244
1.7051072 6.004915 2.389944 4.28567 0.08320025 -0.19558424 1.7775122
2.1999 3.791604 2.3993673 2.0574386 -0.6768157 0.2850235 0.7995306
1.3881046 2.3869562 2.4818552 4.192234 -1.6644012 0.39673126 -1.4625381
1.5249908 6.229841 2.011129 3.9427614 0.5377551 -0.017200533 1.6326841
2.0565774 4.9788857 2.3771608 2.4119313 0.29126027 -0.3753665 1.9500622
1.9443513 2.9662907 1.2740378 1.9011433 0.35350612 -0.41293013 -1.2522196
1.148172 5.2387652 2.1086726 4.2022414 0.2165827 0.015067396 0.4867841
1.4578797 5.139121 1.0402012 3.5703444 0.8453255 -0.020794217 0.7751558
2.0096447 5.0213065 0.3981106 5.875998 -1.0469297 -1.5652075 1.3703591
1.1213845 5.76471 1.312728 4.166199 0.6569969 0.35374314 1.0604473
1.724602 5.3859086 2.6542282 3.7407377 -0.7214374 -0.13039511 1.4008509
2.6394775 4.0552564 1.8797219 1.6753947 0.7502679 0.09837133 1.643966
1.4064473 4.8051176 2.3779263 2.8831015 0.06023232 -0.016330782 0.767529
1.0875342 5.1539855 1.8992617 4.553025 -1.3546232 -0.10382551 0.54258806
2.2129974 4.263355 2.7990608 2.735479 -1.1220164 0.23231131 0.9949873
1.0179708 4.231366 2.1847835 3.7790582 -0.40002272 0.3245433 -0.06593949
2.107796 4.8031883 1.8485857 2.32034 0.76073843 0.023548897 1.2441348
-0.3836864 1.0709727 1.4137125 4.323697 -3.7057061 0.7238681 -0.7659149
1.7105161 5.7426047 2.2552032 4.9196897 -0.31650433 -0.35120493 1.4265862
0.9719591 5.1828933 1.3681993 4.49049 0.40398785 0.5964312 0.2551652
1.3409278 5.4051704 2.5355926 3.8379295 0.06271712 -0.15250808 1.0183192
1.1405705 5.1100388 2.4072397 4.151609 -0.018698772 -0.15216047 0.60783154
1.4529456 5.792002 1.8413996 3.5914168 0.77241224 -0.039694015 1.3336989
1.6351043 4.6892357 0.86519 5.1319313 -1.939705 -0.70445645 0.5449846
1.048368 4.554256 0.51778364 3.7900352 0.9872458 0.6034756 -0.27032134
1.9377351 5.9125824 1.1341307 3.3310113 0.88913786 -0.14505953 1.6975619
1.0301714 5.0252614 1.3815095 3.790073 0.7812969 0.23112267 0.5060574
1.633253 6.060508 0.6358788 5.1080117 0.4956657 0.49756688 1.0081629
2.683411 4.013655 1.4275544 2.031192 0.6201481 0.18530208 0.32072535
1.3850979 5.242589 2.584394 3.501221 0.04610888 -0.20147806 1.0105003
-0.18504784 4.5589542 1.0830208 5.210729 -1.970402 0.45939952 -0.4688277
2.0967271 4.536662 2.1284816 2.193975 0.6348124 0.12736589 1.2103277
1.9733223 2.4199765 2.4963267 3.7482872 -1.8244077 0.246889 -1.6645718
1.1433556 4.1334715 1.6456956 4.797212 -2.387742 0.16429025 0.19964184
1.6555251 6.0147862 0.4074721 5.245326 0.5034139 0.5482027 0.9712828
1.5641488 5.521234 -0.6895151 6.262457 0.18205778 0.25631088 1.0213624
1.6490813 6.2559724 1.9252274 4.071481 0.4656873 -0.25303274 2.0353324
1.8953116 5.853096 1.5946195 5.415272 -0.48789605 -0.80381364 1.4731442
2.0171006 4.521204 0.26962265 5.416954 -1.66261 -1.293085 0.970227
1.6714562 5.2026715 1.5851532 4.8547974 -1.351015 -0.6240582 0.8795832
1.9009145 5.740051 0.977072 3.0768793 0.7169238 -0.62811464 3.0361311
1.6259077 6.4765043 1.7270842 4.4285254 0.56171817 0.0075902315 1.7389781
2.2082627 4.593939 1.6259645 2.1917946 0.80574584 0.11778486 1.078084
2.5264387 6.180379 -0.09051266 6.3760176 0.39368764 -1.2412511 1.9732414
1.847005 5.246668 0.43080518 3.3683834 0.8565157 -0.16826326 0.73090744
2.057253 6.2634606 0.5054271 5.785322 0.4467521 0.08774108 1.493059
0.87419975 5.0383782 1.8408747 4.608541 0.20614855 0.15283233 0.34072578
1.5900536 6.028916 2.4020166 4.3808036 0.13910405 -0.09672779 1.3440081
0.8834832 5.349804 1.464066 5.0724163 -0.43419108 0.27831548 0.5857074
0.5998653 4.7797937 0.39398786 4.443031 0.7022143 1.1554711 -0.22513601
2.2361863 5.928832 0.45217547 3.2426915 0.8049372 -0.59674567 3.3499742
2.0590527 6.155452 -0.48684335 6.301135 0.95555896 -0.34433776 1.7874452
2.1812942 4.196422 2.67165 2.405161 -0.61779743 0.142551 1.1328892
1.2764615 4.7885914 2.2348804 3.4047594 0.110400416 0.052320894 0.38451365
2.0474145 6.2869577 0.086723894 5.668711 0.69053227 0.10771567 1.4120147
0.9330311 2.5767083 1.1222696 4.005027 0.41079518 0.87928027 -1.3661166
