2.7925217 -0.036664065 1.5037849 0.48072413 -0.7812437 0.6646897 0.71330595
2.241854 1.6115682 1.9249223 0.00950744 -1.672959 0.62116677 0.23248203
2.0631497 1.9524617 1.0882301 1.0461404 -1.3492776 -0.23763162 1.1829976
1.2983097 1.134693 0.7383288 1.8185388 -1.5642797 0.6140254 1.5615726
1.2920054 1.3140179 0.27162075 2.001718 -1.0370948 0.16171986 1.0969564
1.557743 1.688082 1.3579835 0.858637 -2.494821 0.46921068 -2.6197224
2.24098 1.3717396 2.176027 -0.32422227 -0.8316458 -0.70305747 1.6047686
1.8247752 1.4801992 0.1139029 1.0304996 -0.63373727 0.029060777 -0.8659137
2.0538595 1.1886163 1.9159248 0.4191884 -0.1683696 0.34206206 1.2846323
2.8806608 1.5069153 2.2199795 -0.59910095 -1.5579187 -0.93307513 1.3742763
1.9268309 1.7952127 1.1506064 1.4766587 -2.5578887 -0.71277934 1.2540799
2.3714983 0.9882671 2.445035 -0.87421715 -0.50147665 1.6654404 -1.659809
1.6510707 1.6064835 1.6024505 0.20322624 -2.948631 -1.3583611 1.8747898
1.654027 1.1396147 1.1091993 2.1433468 -1.1265248 0.6490974 1.1238801
1.8104054 0.8332849 1.8610325 1.4602861 -1.6930629 0.61985725 1.2484688
2.7679677 0.76698273 2.0928016 0.19179061 -1.0350536 -0.4113739 1.3477352
2.589793 0.9703836 2.453232 -0.55465734 -0.58455175 1.1490015 0.61905974
3.6270516 -0.35893685 1.6765928 0.117278 -0.7215038 1.4452627 0.27642846
1.7999492 1.8674116 0.6222849 1.4346718 -1.3559734 -0.47996932 0.9228004
3.428581 0.14800137 1.8950131 0.316525 -0.8055959 0.7961431 0.82278365
2.2003968 1.7160336 1.4179376 0.70661086 -1.6570477 0.077652276 0.15261544
1.9262191 1.5504735 1.7337964 0.2353659 -1.2538943 0.67725474 -0.04400472
0.99049413 1.1536231 0.5077324 1.5453227 -2.9714184 0.4834352 2.5137112
6.0051146 -0.24081832 2.4297981 1.2989967 -0.55438274 1.2981739 1.7817038
2.3209798 -0.5464247 1.5167601 2.3216338 -1.2958481 0.3054667 0.5352566
5.498732 -0.38264352 1.7535704 0.90568656 -1.5960073 0.89334303 2.0576005
3.4439104 0.91691226 2.2540224 -0.30363342 -0.65428835 0.64437956 1.1792904
2.1478574 1.642594 1.6484282 1.4171793 -2.5547361 0.2614451 -0.14882551
3.1251748 1.1576493 2.276411 -0.27598608 -0.68979424 -0.0020911125 1.3526373
2.2402723 1.3828704 2.14745 -0.49389097 -1.5186136 1.1227021 0.007748802
1.7457182 0.19264835 1.9576008 1.5508742 -1.9716678 0.5051542 1.4949371
2.757816 0.9721467 2.7801359 -0.55375195 -0.67783695 1.6050985 -0.33675393
2.6164525 1.5690978 2.368894 -0.7239439 -1.249884 -0.2657923 1.1539865
1.4923264 1.8324187 0.6135403 1.5565735 -1.920208 -0.54676515 1.2360765
2.0607603 0.5235266 2.0685933 1.391766 -1.6966212 0.37760395 1.2069545
4.1406455 -0.34390002 2.133335 0.40633187 -0.80381614 1.4096254 0.8434159
4.9029603 -0.57841736 2.2620978 0.46840563 -0.6759017 1.872761 0.31743658
1.3149371 1.9024893 -1.1107811 -0.434602 -1.8436495 -0.81567115 0.24554218
4.642201 0.70699495 1.3150656 -0.32151917 -1.8297778 -0.37608045 1.5778631
2.3863242 1.640187 0.52924085 1.6484827 -2.2464285 -0.44529504 0.20062973
2.1612475 1.3435857 2.220384 -0.56557167 -1.2213253 1.1834517 0.110086404
3.8125796 -0.208314 1.9638841 0.44645873 -0.8006862 1.0409327 0.7928206
4.0103674 1.3753211 2.6171343 -0.89929044 -1.2304765 0.37373477 0.009434243
2.206949 1.6416413 2.0650501 0.66588795 -2.381454 0.1493817 0.20766445
2.4431543 -1.0687647 1.1787958 1.5740085 -2.3823624 -0.5245741 2.297863
1.5247151 1.304823 1.7667173 0.6899376 -1.6670474 0.042754706 1.60913
2.9091508 0.41939563 1.7880232 -0.02872143 -0.63545614 0.95702237 0.8531913
2.2388265 1.1636956 2.5539157 0.06863471 -2.9512558 -0.23707336 0.09086379
3.3858078 0.34578365 1.9356592 -0.22387543 -0.6480756 1.3234979 0.87854725
2.0442789 1.8748248 1.505619 1.0901109 -0.56002647 0.106583655 1.2916173
1.4507356 1.8096206 0.9081049 1.3388819 -2.0319138 -0.46270198 1.4405063
3.9052632 -0.2501908 2.3128195 2.1427941 -1.1916345 0.43240696 1.3267158
2.156556 1.5968316 1.7781029 0.2562861 -1.2290953 0.25777227 0.44574615
5.2966084 -0.37693232 1.9478539 1.7227546 -0.81031114 0.76026326 1.8434957
2.9367568 -0.95284873 1.5332669 2.703051 -1.7309465 0.4907778 1.0779159
2.2160814 1.7106183 1.8417134 0.06881451 -1.1046525 0.10705787 0.93403065
1.5310963 -0.0024877137 0.47807467 1.8474594 -2.236574 0.40022403 1.8260047
1.911543 0.23235697 1.4768543 2.4363868 -1.6460652 0.6467021 1.1683275
2.4625702 1.7375693 2.2424693 -0.4019555 -1.691577 -0.16670793 0.88613045
1.4366834 -0.2451083 1.945898 1.5306711 -2.221077 0.6271723 1.8267318
2.7082417 0.802 2.0912647 0.14221174 -0.62609106 0.2618366 1.0722342
2.3451643 1.8786631 2.027047 -0.35609713 -1.284377 -0.21173757 1.1473876
2.1042602 1.8458622 1.9085524 0.102758154 -1.0984036 -0.31669253 1.4058849
1.9183185 0.2199952 0.7317852 0.55136526 -0.34298876 0.2161985 0.81357145
1.9087578 1.6243359 0.5302988 1.6022166 -0.6743719 -0.49501318 0.92818457
3.8105395 0.23036164 2.1537719 0.57808554 -0.9197692 0.39061648 1.0051621
1.3790898 0.68459374 0.07726583 1.2974883 -1.8980981 0.60505587 1.9143894
2.3954961 1.8592596 2.1990619 0.084112786 -2.2983465 -0.48955315 0.9241574
5.456459 -0.64653236 2.2758317 0.9092028 -0.82266074 1.7934663 0.9540955
2.005884 1.1907015 1.632658 0.8769301 -0.12169834 0.054137167 1.2401975
2.673121 1.4739721 2.3492837 -0.74741536 -1.0854691 -0.1846537 1.2433422
2.3881042 1.4122808 2.278627 -0.5064666 -0.59941155 0.57205564 0.9091101
1.6617155 1.2624474 1.3440503 0.246119 -2.9792657 -1.0447608 2.435583
1.3020536 1.2699106 1.5062625 -0.22931555 -0.91183805 1.3983977 -0.42134264
2.7104251 1.2064049 2.7155576 -0.6000949 -0.8559144 0.9533518 0.306687
4.3916774 0.682785 2.2871819 -0.18958911 -0.6938663 1.2092761 0.52976745
3.9961374 1.009453 1.7053237 -0.9979487 -2.4584308 -0.5265023 0.9150759
2.5803673 1.827729 2.2900043 -0.21972197 -2.2804708 -0.68363947 1.084608
1.9619251 0.26009983 1.8686188 2.2800746 -1.734819 0.5103789 1.1680945
1.7523729 1.6854368 0.68388534 1.7507093 -0.63250214 0.08740097 1.1978621
1.6291686 1.6557884 1.2099241 1.0208805 -2.206019 -0.5680532 1.4626021
0.94238937 0.24902982 0.9365035 1.2301774 -3.377986 0.65161794 2.412524
1.3331822 0.4672727 0.42292234 0.039271854 -0.55976254 0.6794341 0.48709646
2.8385053 -0.36058408 1.5422356 -0.038651623 -0.8953298 1.3079333 -0.8701153
1.716387 1.7203856 1.5378176 1.4076613 -3.1388497 -0.62958044 0.22649433
5.0600996 -0.69374424 2.4515867 0.61804634 -0.50416297 1.2748119 -0.18833515
2.3923078 1.5412436 2.2121253 -0.6462175 -0.74117094 -0.36621588 1.5076535
3.1416838 0.42099518 1.4526162 0.34462872 -2.0651414 -1.1152973 1.9209492
2.2364466 0.71857184 1.815115 0.42758185 -1.7035301 -0.47649866 1.6106501
2.4707968 1.6835077 -0.36088327 1.9310238 -2.8582268 -0.039697472 -0.015985232
3.3865979 1.0344923 2.9245496 -0.53702855 -0.69596845 1.3353496 -0.5231065
2.0641763 1.3741828 1.4116063 0.65990436 -0.7348814 -0.03320152 0.767709
1.6265836 0.5382418 2.0672848 0.94038105 -1.8741996 0.23419541 1.5011533
2.1854186 1.6719925 1.2679578 1.082858 -1.8199643 -0.3344702 0.43411526
1.9846214 1.4089873 0.7677622 0.29505834 -0.621605 0.44343472 -0.6564254
1.8245761 0.1963597 0.98821664 2.49586 -1.613255 0.79168135 1.1426163
2.0872405 1.3478515 2.153843 -0.46611497 -1.1421947 1.1047859 0.15346743
2.0608013 1.6878083 2.1003706 -0.3205802 -0.96705896 -0.46290296 1.6239115
2.2232685 0.99075145 -0.1440166 -0.49365115 -0.01943024 0.19492227 0.6947296
2.7289913 1.4414477 2.3319044 -0.5359367 -2.0223114 0.17051631 0.536923
2.1468675 -0.04900294 1.9632187 2.0296168 -1.5119362 0.24944586 0.76012003
2.460842 0.94103044 2.1777818 -0.6105572 -0.43754157 0.93547386 0.9961439
1.8191686 -0.17855984 1.9678355 1.8880607 -2.048223 0.4794646 1.5892146
2.458162 1.3254192 -1.1365755 -0.42125198 0.09389607 0.6275787 0.2414294
2.1928403 -0.6818829 1.3451122 1.3325831 -2.2673085 -0.44374925 2.2361093
2.2186306 1.4820807 1.9563978 -0.16745755 -0.7330293 0.39645082 0.8848424
1.2231916 0.034799997 1.6380491 1.1187974 -2.558978 0.27025563 1.9642094
2.446796 1.489948 1.8211621 -0.43946597 -1.6077068 -1.3486528 1.8808066
3.4609356 1.3402331 2.2564166 -0.4799876 -1.3016448 -0.2940907 1.1701342
2.8978872 1.432977 2.367345 -0.64440906 -1.4212775 -0.14326662 0.95280075
4.885102 -0.62786967 2.2358904 0.61192244 -0.62538695 1.7470886 0.62952054
3.0089417 0.9694039 2.2186027 -0.2641758 -0.56049985 0.5516018 1.193516
2.4570715 -0.7456363 1.9529263 2.3437161 -1.6411303 0.24687225 0.6915014
2.0452971 1.1898448 0.4120002 0.6428382 -0.5366251 -1.0583041 0.10704412
3.1965272 0.36100143 1.8733313 -0.2555627 -0.5635981 2.0033386 0.14356817
2.9990098 0.8607535 2.1309366 0.09990253 -0.8909462 -0.36815315 1.3314372
4.338017 -0.114138655 2.300966 0.4817275 -0.5530551 1.6633071 -0.44388983
2.5285583 1.051017 2.4495595 -0.666145 -0.6292321 0.66685754 0.98420775
2.2019243 1.7581778 1.5567405 0.7956082 -2.0216694 0.24791962 0.2248319
4.7183175 -0.5434366 2.2507448 0.647349 -0.87158924 1.5769181 0.91708785
4.072084 -0.40554172 2.026707 0.35171118 -0.74393266 1.4981064 0.67404175
4.5284257 -0.32396847 2.3212013 0.86171496 -0.88337797 1.187105 1.0398823
2.5369985 1.8035985 2.2935872 -0.45351723 -1.8496016 -0.6693832 1.2273358
5.3463936 -0.89431053 2.386447 0.7720324 -0.3300496 1.220197 0.42164183
3.3819509 -0.257618 2.261326 1.8093122 -1.5078295 0.157206 1.4832469
3.604614 0.7155947 2.0991573 0.2916903 -1.0062085 -0.15869886 1.2684766
3.5795147 -0.279563 1.871134 1.1108469 -0.9862128 0.41308528 0.8050955
1.4256712 1.7015723 0.41031662 1.7782072 -2.157997 -0.6569572 1.3966234
2.3331974 1.8286189 1.9448893 -0.14475977 -1.2081779 0.07057077 0.93709725
3.108724 -0.015132958 2.2472944 1.4995329 -1.299033 0.012410936 1.0629717
3.39196 1.3577275 2.2848113 -0.49414423 -1.2388495 -0.18582529 1.147142
2.006422 1.5733457 1.7656585 0.31854448 -1.416131 0.65828377 -0.03317688
2.406407 1.0500197 2.123844 -0.48101178 -0.35076573 0.80886596 1.0746652
1.4313847 1.4509273 -0.01856123 1.7271289 -2.6699238 -0.55023414 1.7591699
1.3569632 0.88924986 0.6489891 1.9304569 -1.5524483 0.70416766 1.4711864
1.5727742 -0.07024365 0.4939923 0.20043588 -0.5552657 0.6031278 0.74974036
5.29846 -0.2505818 2.2986634 2.0883667 -0.99339014 1.0874071 1.6704054
3.765673 -0.9876383 1.4763842 0.3886141 -0.61518204 0.57370454 -0.26045236
2.2203076 1.5513824 0.376048 1.1229571 -1.2734265 -1.4444398 0.29568657
2.4036338 -0.92034703 -0.4292622 0.33880696 -0.91600686 0.7394158 -0.024858456
3.6824806 0.17753309 1.2131171 0.38354108 -2.0960221 -1.0394952 1.9647189
2.147683 0.6805851 1.6289172 0.05355241 -0.32871816 0.9185856 1.0047175
2.4372504 1.5795575 0.3462536 0.9226264 -1.8964577 -0.8177175 -0.12530784
2.8809743 1.136359 2.5453005 -0.59706235 -1.8545572 1.1173267 -0.5784961
2.0672793 1.651272 1.3907351 1.0609558 -1.8947344 -0.5388202 0.86204636
2.1615894 0.48227376 1.7365937 0.9109175 -0.39359793 0.3139258 0.9493903
3.8408697 -0.86879474 1.8387806 0.3506876 -0.7173788 0.94016033 -0.44969034
3.4209867 1.2588203 2.19575 -0.50883514 -1.0061128 -0.053992216 1.2925954
4.8461633 0.60618013 2.9213052 -0.0064846054 -0.8969218 1.3307819 -1.6236585
2.121676 0.7355694 2.0738535 1.1741598 -1.4837215 0.4343608 1.1145836
2.4020884 1.780969 2.1364684 -0.5090774 -1.115004 -0.018367235 1.0007358
1.4518 0.5384421 0.9216696 0.02655425 -0.57520473 0.92089456 0.70866984
1.903604 1.6157942 -0.038649157 1.2745373 -1.4402274 -1.5658369 0.31614485
3.8701987 -1.9669633 1.0401173 1.5234246 -2.7954142 -0.0426752 1.8342395
4.9010625 -0.13956052 2.2995672 0.31247893 -0.83690065 1.5138505 0.39106932
4.640542 -0.7158415 1.7008773 1.7882485 -1.6018153 0.2636271 2.7883306
2.1174388 1.6489229 1.2756487 1.0265251 -1.6629993 -0.5498455 0.8909626
2.093836 1.4296434 1.8842746 0.0044127926 -0.72974175 0.54485613 0.61274946
2.396668 1.137752 2.4598808 -0.15548894 -2.7970235 -0.104025066 0.11687311
2.7033126 -0.6976028 1.7628486 1.7332276 -1.167138 0.09946293 0.66063184
4.724652 0.79227203 2.1144538 -0.31854376 -0.9993507 0.52312106 0.9672949
2.1610534 1.299376 1.9368489 -0.35643557 -0.5109512 1.0494592 0.6018105
2.3882937 1.8228002 1.3769525 0.8608042 -2.5512116 0.82080406 -1.3210249
1.2372265 1.2785431 -0.76309836 1.0401961 -1.9548572 -0.59876233 1.3514122
1.378661 0.6135178 1.6474249 1.4963647 -1.8134395 0.5622106 1.5891558
1.9717339 1.7352322 1.9297985 0.084862255 -0.8924566 -0.12790483 1.5203152
2.165004 -0.22398025 1.728509 2.2328806 -1.247805 0.24918371 0.63920325
2.6339517 1.215189 2.525313 -0.6884155 -0.77319604 0.43855554 0.9311339
1.462346 -0.80849487 0.43023142 0.23388943 -1.024134 0.5502012 0.27259347
1.8992399 1.4430364 1.5666232 0.3672969 -1.0528489 0.29709536 0.1487753
2.0334673 -0.15475541 1.8554524 2.4847145 -1.866366 0.35764605 1.1995968
2.081093 1.5619376 -0.15633717 0.89751685 -1.3607327 -1.7924023 -0.031329792
2.5343952 1.0159647 2.6900783 -0.7623931 -1.3434547 1.5717988 -0.8244698
2.9879835 0.29920763 1.566126 -1.0254468 -0.14250804 -0.0017634062 -2.790385
2.227114 1.4970589 2.0805526 -0.08400629 -1.6478428 1.0936224 -0.79081017
2.1722894 1.7023916 1.1051561 1.0332263 -1.6142766 -0.5773582 0.89297616
4.169304 -1.3783524 1.1370121 2.523704 -1.5915773 0.49226373 1.5123131
1.5392493 1.2697043 0.9595132 1.978651 -1.2522643 0.6461285 1.2324338
1.8502861 1.6155379 1.2671865 1.0048752 -2.066046 -0.67670375 1.2923394
1.1025113 1.1066405 -0.859053 -0.6630708 -1.7445964 -0.8390607 -0.04769085
1.9186563 1.930573 1.311759 1.237667 -0.6956888 0.1554665 1.3653429
2.180374 1.6403047 1.362065 0.6626787 -1.1277541 -0.19073361 0.93962145
2.1354313 1.5501535 1.7774253 0.30999565 -1.1236687 0.17879444 0.501755
2.7366402 1.3035951 2.593182 -0.6568034 -0.9689073 0.66615564 0.520517
2.4144864 -0.6746474 0.9562961 1.7666292 -1.0063182 0.41068965 0.38462117
1.4555157 0.76014966 -0.45690933 1.3457069 -1.3721203 -0.26318258 1.0558647
4.423761 -0.7807177 2.1529398 0.52405524 -0.614857 1.2058046 -0.100188635
2.2547343 1.689209 1.0560026 1.2132162 -1.4526918 -0.561485 0.5245312
3.8691022 -0.11795216 2.0341692 0.36413637 -0.8318334 1.1271949 0.87260723
2.0630174 1.1757755 2.6222243 -0.71597254 -0.93923503 1.5796854 -0.34298208
2.440626 -0.711608 0.8567717 2.8936563 -1.8310603 0.5887962 0.83263266
3.209964 0.7506425 2.1010394 -0.39261875 -0.5629627 1.0838132 1.0612986
2.5928645 1.520648 2.280046 -0.73730534 -1.1470443 -0.48144466 1.3896223
4.5716443 -0.19757777 2.3696563 1.9896203 -1.1395952 0.8730913 1.516833
2.421528 1.7689831 2.169211 -0.58713496 -1.1843929 -0.22614211 1.1805712
1.9939219 1.4536802 -0.21399423 0.7151215 -1.245204 -1.7901558 -0.13722096
2.3648648 0.9668116 2.7856755 -0.8422791 -1.1222957 1.6372495 -1.0141941
2.8017676 0.24761266 1.5804503 0.087676845 -0.6840561 0.9623638 0.7813339
2.5060496 1.5654781 2.327902 -0.31041846 -2.422102 -0.462825 0.8139091
6.081969 -0.2951172 2.0244336 -0.6313529 -1.7547336 0.34245378 1.4952224
2.0978239 0.5803415 1.9355654 1.4052362 -1.0164986 0.24775463 0.83459896
3.3150566 -0.045402106 2.261548 1.5004407 -1.3058931 0.08526844 1.221929
1.9660243 1.5586573 -0.36897662 1.5382247 -3.2406802 0.4246617 -0.43851152
2.2169604 1.5307531 0.58348095 0.8918862 -1.1055512 -1.3563602 0.16216679
3.111992 -0.31525117 2.1407225 0.6244023 -0.7072342 1.4146903 -2.44836
2.3167336 1.506196 2.2882552 -0.5569388 -1.0116421 0.7752357 0.50520635
2.6926568 -1.5735428 0.73990583 1.0216136 -1.0947318 0.20626599 0.17044826
3.307498 -0.66533047 1.6666288 1.4831408 -1.8063753 -0.10840863 2.217719
2.6785803 0.9712123 2.3454921 -0.5628177 -0.5814976 0.8677507 0.94578314
2.1555643 -0.8389248 0.49919435 2.775035 -2.1214404 -0.023155872 1.1436013
1.4489273 0.35023254 1.7354267 0.8649246 -2.2298894 -0.039716188 1.8620374
1.7028514 1.5915043 1.4473933 0.026937507 -2.8480408 -1.2375664 2.1303716
2.7669046 1.5676329 2.2767591 -0.47044256 -2.169547 -0.5805339 0.95884645
2.9106548 1.1877911 2.2621374 -0.47057638 -2.4748664 -0.903006 0.93266445
3.2026575 1.3805885 2.3973358 -0.5800495 -1.1481905 0.15554172 0.967763
1.6664528 1.4044051 1.9717131 -0.44220147 -1.0975097 1.4584199 -0.79667914
4.063361 0.85925406 2.0323284 -0.025649227 -1.006593 0.084444106 1.3047887
1.9574927 1.7490603 0.28407565 2.078879 -2.8416219 -0.7975947 0.9149754
2.3454492 1.3714054 2.192905 -0.36701742 -0.42360124 0.058923062 1.4091688
2.0885541 1.6248969 2.44896 0.56326234 -3.1814764 -0.93510455 0.6074892
2.2770035 0.9327187 2.054392 0.46063983 -0.5371805 0.22751385 1.1232866
4.387759 -0.5051215 2.1636019 0.43538502 -0.66336024 1.7418506 0.41838446
2.8987284 1.4299519 2.420764 -0.6636273 -1.1332201 0.06995469 0.9841523
1.8280367 0.7222392 1.362286 0.1871036 -0.33051977 0.7152199 0.9587789
3.2237184 -0.53331214 1.8981462 1.5282602 -1.0939955 0.24030548 0.7843728
2.21607 1.4549923 1.9783281 -0.12161667 -0.61874896 0.30789977 1.0191817
0.99458885 1.3651056 0.38896987 1.6106695 -2.1660955 0.49247366 2.149137
2.313029 1.5130174 1.8346956 -0.03931246 -1.8967036 0.9362231 -2.0661328
1.8561581 1.6580865 1.6815157 0.21077207 -1.4500989 1.023505 -0.75839853
0.9021926 1.2313225 0.7017404 1.3641521 -3.1313071 -0.32971805 2.1696467
2.2024484 1.7180011 1.5035142 0.6016163 -1.5862675 0.069269955 0.23803844
2.1546729 1.6910503 1.6824739 0.24931148 -1.6737274 0.5163794 0.120220624
2.6743066 0.8554475 2.2725239 -0.5646077 -0.46506545 1.479064 0.503158
2.3428087 1.6396536 0.8210151 1.1538807 -1.2962159 -1.1407284 0.4381744
1.6569606 1.387538 -0.004151106 1.0928638 -0.64157563 -1.3614596 0.17007704
2.6656287 1.2259667 2.2539346 -0.459599 -2.4997766 0.105061114 0.35566458
2.1867247 1.5729077 0.15409014 0.8823715 -1.455707 -1.4801366 -0.07894001
2.5612593 1.3419342 2.3614483 -0.38298485 -2.1244676 0.70001894 0.07757946
2.0639083 1.4346628 1.596258 0.51007444 -1.0075148 0.08757287 0.6768575
2.9231064 0.46040004 1.8109591 -0.45206627 -0.52547365 2.038218 0.23681296
1.7032796 1.4828452 0.39140317 0.63349855 -1.7423218 0.5576754 -1.1822596
3.031031 0.21249813 1.7142562 -0.28187224 -0.6431 1.8325218 0.15203612
2.9137928 0.52858037 1.8479443 -0.25624135 -0.56288046 1.1219534 0.8906799
2.4539618 1.7141234 2.1413717 -0.3121747 -2.7025025 -1.2519082 1.2871577
2.185391 -0.1305843 1.4671805 0.7099986 -0.6224986 0.39271396 0.74531287
2.1776865 1.6345689 1.3681059 0.9581431 -1.573774 -0.25657707 0.47666743
1.1124467 -0.3577569 0.35228035 -0.113563605 -0.98424417 0.65726817 0.13647307
3.2230906 1.2443378 2.1214921 -0.47977397 -2.1874595 -1.156613 1.3614775
2.1667573 1.9132476 -0.7272612 1.0970194 -2.5787425 -0.8391389 0.67669606
2.5283082 1.6223762 2.3818326 -0.7066624 -1.4171116 -0.026812498 0.9024902
2.7433279 -1.4030372 1.4971279 2.88905 -2.0878153 0.14102942 1.7530968
1.720393 0.7549729 1.2142929 0.20274705 -0.5370933 0.6524133 0.7164105
2.142958 1.639672 1.4667425 0.7968952 -1.558611 -0.19383949 0.58867675
2.2227175 1.7961683 1.7716115 0.9369956 -2.3069918 0.049726542 0.36687502
2.144297 1.8606101 1.8256373 -0.07284787 -1.7491249 -0.72285396 1.387296
4.577124 0.21777195 2.2052166 0.11267545 -0.7288968 1.5017881 0.5282119
3.1992302 1.1842177 2.5207372 -0.93753076 -1.7987326 1.3776326 -1.3620526
2.89898 1.3594043 2.344298 -0.5769541 -1.9789364 0.08904582 0.567362
2.096021 1.4119589 1.7900736 0.23739782 -0.84343773 0.26755744 0.62117267
1.9747466 1.1367369 1.5187414 0.6575608 -0.30532953 0.25077158 0.99435186
2.5439117 0.90864676 1.987606 -0.0046027377 -1.1263555 -0.66788524 1.4658085
2.4980075 1.43297 2.3345966 -0.7476254 -0.7826722 0.14441258 1.2067162
2.1109056 0.8559026 1.8490932 -0.6400809 -0.46756777 1.7016633 0.2173269
2.3222134 1.3902004 2.2383463 0.4127752 -2.4470534 0.38749987 -0.090611435
3.5928307 -0.13059074 1.8203939 0.74825096 -0.8860317 0.5283864 0.7658317
3.2611063 0.045842353 1.6140367 0.6130766 -1.6052824 -0.6944491 1.6692241
4.5118737 0.10067982 1.8581126 0.42778865 -1.3244265 0.3789969 1.376149
1.9682205 1.7443807 0.40279087 1.6150695 -1.8249668 -0.8531011 0.8192209
1.4773802 1.8484857 1.0233128 1.1555314 -1.8693783 -0.3273663 1.4313892
2.8148441 1.8390157 2.066903 -0.47851405 -2.4278107 0.8782193 -2.2327442
2.279009 1.6030316 0.2727147 0.9542321 -1.574958 -1.3297627 -0.036483984
2.04583 1.3388174 0.75712323 0.5874572 -0.65557903 -0.8176181 0.03824522
2.0467298 1.7610849 2.0049353 -0.18164209 -1.1730034 -0.47939152 1.5482719
2.1415431 1.8018603 1.266777 1.0125769 -0.7034113 -0.011430684 1.1550511
1.9044555 1.6392735 -0.3630164 1.4154005 -2.0023322 -1.3176278 0.6235028
3.3423026 1.3256283 2.0985382 -0.50219065 -1.4179 -0.78451437 1.4490216
2.2183518 0.97530454 0.5384766 0.55445427 -0.42613634 -0.8899154 0.47122446
2.0533051 -0.08290177 1.918283 2.4312987 -1.6943713 0.38692158 0.8378775
3.1523488 1.205066 2.2562797 -0.36631984 -0.7130447 -0.02745432 1.3845304
1.9471451 0.60422474 0.41895667 2.4269419 -0.82363266 0.8341945 0.61828816
1.9803892 1.3201758 -0.5269679 0.8422933 -1.0777005 -1.2992749 -0.34625337
2.1535463 1.8565468 1.898357 -0.051362604 -2.1017418 -0.9700975 1.4109384
1.6100149 1.7859321 1.4145583 0.7665607 -1.382151 -0.07531446 1.6850237
2.5121086 0.9773814 2.093349 -0.46603096 -0.38204226 0.80826 1.1473752
2.3674872 1.8704313 2.13759 -0.12868097 -1.9540291 -0.42854518 1.0450921
2.7277758 1.7943237 2.2623978 -0.4380392 -2.0196857 -0.8859696 1.2860471
2.5354514 -1.0570216 0.57552624 1.6950406 -1.2017817 0.55699235 0.13390352
4.9701314 -0.2963751 2.2408113 1.9200443 -1.4129633 0.96272236 1.9818357
1.136992 1.7618637 1.2306392 0.8311853 -2.9414337 -0.6915166 1.9836677
5.185738 -0.3406282 2.1821225 1.5723733 -1.4112982 1.1448307 1.837732
2.4331903 1.6878626 0.47252414 2.0949068 -2.46073 -0.23775452 0.21449234
2.532924 0.97706217 2.0369873 -0.08522235 -1.0264922 -0.6904494 1.4824796
2.1095886 1.6422487 2.0772152 0.11733254 -0.53083354 -0.0045608906 1.4419504
2.3590102 -1.2099042 1.8425689 2.2824287 -2.1982417 -0.0018486409 2.0587833
2.2882006 1.5603604 2.18315 -0.56952983 -0.9264105 -0.746308 1.6309419
3.8885076 -0.022941643 2.017894 0.047368906 -0.6538731 1.7675631 0.5620849
2.0379097 1.0443497 1.2847202 0.64165413 -0.2440265 -0.01566774 0.98381245
2.2137606 1.6557966 1.2288661 1.1506969 -1.5841323 -0.36825842 0.4072018
2.6326058 -1.0282443 0.7732835 2.3312922 -1.5012163 0.5424519 0.2531797
1.9132111 1.3670415 1.9831073 1.0276783 -0.53231233 0.36526638 1.1618859
