3.3313854 0.35239547 2.4008856 1.3822167 -0.6276904 0.3707574 0.37128767
1.2640268 0.90348905 1.0689125 -0.23935732 -1.7091092 1.2701218 1.4810526
2.0628293 1.9273022 2.289738 0.26041225 -0.91211516 0.62957364 1.4432826
1.8752981 0.0346126 1.9845685 0.05526986 -1.3489279 0.36875564 -0.36265776
1.4900091 0.18870467 -0.23871568 2.8124073 -2.9751987 0.5782916 -0.2497444
1.1511357 0.6415768 0.47544727 1.4785107 -2.1552205 0.6099284 -1.6084253
2.971009 0.29398698 1.6558967 0.3235058 -1.6137131 1.5691586 0.42511562
1.1355928 1.1142101 1.4679521 0.13118854 -0.015995344 -0.6241874 -0.82002383
2.8589003 1.5215939 2.0088255 0.7967025 -1.2409455 1.0794396 1.2589866
1.6669799 1.4187951 1.3284483 -0.0840039 -1.4311835 0.7958723 0.99955386
3.4891021 -0.7410105 0.12771294 0.055596255 -1.461918 -0.20844775 -1.661613
1.1829869 1.2232212 0.5458348 -0.50798404 -1.1123682 0.9163056 2.1289554
1.6522346 1.1830264 2.359838 0.72652435 0.24936979 -1.3343586 -0.41029143
1.8552803 1.1427553 1.3968583 0.045280598 -1.3451315 0.3569501 0.44676605
2.3044624 -0.3298717 0.83118343 -0.6846665 -0.6676535 -0.017499987 -1.7299598
1.2522112 1.7916102 1.1521577 -0.44405377 -0.54847246 0.5276802 2.3800554
2.8003335 0.52962774 0.64309716 0.11770906 -0.060788713 -1.6104 -1.3261632
1.1642605 1.1263571 2.1274385 0.14562574 0.07503454 -1.3133062 -0.7667939
1.451137 0.56677336 0.90046024 0.6918731 -1.7098786 0.8548849 0.5456351
1.656289 0.67180306 1.2089967 -0.029063798 -1.4288281 0.25331098 -0.17183124
1.9160594 2.2044327 0.72234786 0.7185089 0.6400861 -0.70049113 -0.246181
2.3336215 -0.042400893 2.205756 0.5239545 -0.7589453 -0.11004585 -0.43169615
1.5646276 2.3645115 0.27249238 0.19200543 0.4082109 0.014896211 2.0105727
1.4824567 2.1188412 1.345619 0.20401913 0.5855836 -0.4348958 1.941716
1.305614 1.0905068 0.26197955 0.87531495 -1.600773 0.18172723 1.3679314
1.5799893 0.5510792 1.0955893 -0.057796575 -1.4618965 0.27516323 -0.24015449
1.8543471 1.3245708 -0.11946848 1.5972447 -1.389026 -0.021934692 0.644478
2.478541 1.3700676 2.816091 1.0498618 -0.5423098 -0.3832764 1.0792435
2.6446474 1.6044619 2.6669881 0.9709562 -0.6554957 0.004965839 1.0463954
3.4449437 0.40535504 2.7257357 1.6980437 -0.6018024 -0.46512896 1.3555422
1.2734896 0.24863952 0.68026865 1.0863619 -1.8339833 0.9520264 -0.49331614
2.62589 1.5689527 2.6878195 0.99182045 -0.64210373 -0.050645296 1.066849
1.3191196 0.784602 2.6346843 0.5744536 0.7804552 -1.3875577 0.9058621
1.9298981 0.21202904 2.1333177 0.14504924 -1.226484 0.15876251 -0.35024735
1.7162342 0.1925829 -0.13087049 1.4672834 -2.0270267 1.0557915 -0.48634312
1.4686834 1.2934849 2.7862768 0.6605139 0.24487321 -1.477635 0.6543816
1.6948054 0.6652202 1.0425934 0.20626953 -1.532931 0.5959402 0.31632623
1.859667 2.0110207 2.1212876 0.07209327 -0.9030755 0.7851463 1.7771599
1.1637714 -0.4601 -0.031615764 0.30481294 -0.52804404 0.96058196 -1.3925472
2.6413274 0.30264586 1.8439844 0.73137695 -0.022556147 -0.68443817 -0.80257607
1.689641 1.4197934 2.8351798 0.88321406 -0.085480295 -1.386023 0.52584183
0.92012393 0.42223138 1.555958 2.360046 -2.3159766 0.8488043 -1.3109915
1.629197 1.9773092 1.5701054 0.4632009 -0.29988012 -0.5302692 1.0077003
1.1272382 0.08125264 1.0484552 -0.25438997 -0.9849022 0.15138298 -0.7227135
1.9827858 1.3079407 2.2293024 0.44546464 -1.003395 -0.14234465 0.16334738
2.8727875 1.0311558 2.0369883 0.33279505 -1.2039326 1.4495339 0.56562626
1.8024148 1.0183612 1.267636 0.13055709 -1.3205472 0.39808613 0.48516485
0.87952673 0.14720124 1.4707189 -0.8370594 -2.9659886 0.4827066 0.5287553
1.5969001 0.18559211 0.55251396 0.09612694 -1.5827718 0.8013554 -0.22438203
1.0841593 -0.7512874 0.5217298 -0.2313864 -1.2297671 0.5911662 -0.8605055
1.4550873 1.5212014 2.0088053 0.4782445 0.53070253 -1.3402488 -0.40647748
1.3136612 1.1887245 1.3815491 -0.72018385 -1.8223518 1.259243 1.6013316
1.5035737 0.89752346 0.39528367 1.0653211 -1.7220498 0.44317776 1.1942892
2.1632707 -0.6638606 1.0689331 0.3604354 -2.2783742 0.6830774 -0.68549013
1.5630362 1.0837058 2.142218 0.27700478 -0.82727295 0.82532245 2.4610343
1.0688704 0.26976568 0.76488554 2.3499436 -1.9965731 1.0913428 -0.0012099548
0.9338105 0.36869162 1.3186698 2.164517 -2.231588 0.8605061 -1.3519266
0.8142148 -0.25967222 1.4922658 -0.52156365 -0.79767233 -0.45428914 -1.2501231
2.681618 -0.030249411 1.0078529 0.76611364 -2.5325983 -0.4566874 -1.1894456
2.1307738 1.9932721 2.0311716 0.13213876 -1.1479396 1.0577283 1.4917582
1.8451521 0.5303747 0.17773196 0.61818945 -1.2597665 1.1023393 0.03020491
1.7715385 1.3143082 2.2331877 0.50575197 -0.7463735 -0.6528124 0.026594657
1.1310347 0.0014936381 1.2625359 -0.3012099 -1.177291 -0.0773496 -0.73505235
1.944183 1.4192548 2.8969655 0.96312094 -0.28458843 -1.0367255 0.5680759
1.4024533 1.8564041 1.819906 0.26501885 0.33675376 -0.97757643 0.3184286
2.1374412 1.4061441 2.8767514 0.743441 -0.486986 -0.46923965 1.1058038
0.9914068 0.49310333 1.0607613 -0.13015655 -0.0095215645 -0.37347358 -1.4030541
1.9725037 0.57911915 -1.0823429 1.2792264 -1.4933611 1.0110438 -0.8247329
1.1989518 0.9472708 2.1783538 0.11343362 -0.035540186 -1.2344353 -0.7901652
3.1043591 -0.1915949 1.6721619 0.34813896 -0.78258854 0.27972323 -0.7547549
1.6061717 1.7333376 1.3689144 -0.07789216 -1.019456 0.60005385 1.5328072
2.9834466 1.0805776 1.4304928 0.34268466 -2.234847 1.4422846 0.6040212
1.1899198 0.6188217 0.019242257 0.30544606 0.09035007 0.89726 -1.4667166
1.2211484 1.3973064 2.4463086 -0.2587773 -0.167857 -0.28437847 2.0237179
1.8484795 1.3135873 1.3969414 0.23980322 -1.0503119 0.13161069 0.50675005
0.995569 1.7429533 1.8963923 -0.2588168 0.2803463 -0.4598891 2.3259373
2.6206605 -0.12457853 1.851449 0.23743144 -0.6189056 -0.05513448 -0.72968096
1.2617825 -0.2968245 1.8106115 -0.22430715 -1.1882697 -0.24581999 -0.79063344
1.7059325 1.5079224 2.5495129 0.6904578 -0.3025702 -1.2306138 0.12454041
1.2936229 1.4634151 1.4584106 -0.58389515 -0.9628547 1.3039985 2.1466799
1.5914956 1.1785879 1.2968749 0.47112092 -0.46492204 -0.0957492 0.032797832
1.4735354 1.402486 2.0047357 0.32247868 -0.2672592 -0.9505313 -0.23300056
0.85690105 0.3471313 1.3566676 -0.29337224 -0.37869295 -0.5694036 -1.1521372
2.5564768 1.6148379 -0.39347628 0.9285997 -0.541761 0.5291886 0.5525415
1.2534399 1.7320366 2.1209037 0.06388288 -0.0904158 -0.68406755 1.2762195
1.3575224 1.8234862 2.0226972 0.19785336 0.37307158 -1.1096461 0.41514903
2.4675925 0.9200377 2.71109 1.2713157 -0.22107013 -0.81336194 0.13777812
1.7655735 2.099844 1.0572107 0.32521066 0.77000505 -0.34301537 1.709422
1.6202854 1.5466913 2.7332716 0.11509516 -0.34538445 -0.19181174 1.9275087
1.9165498 1.9888679 1.6327362 -0.018032886 -1.7747563 1.1153717 1.1617972
1.0631951 1.4054861 1.5457976 -0.74061173 -0.42030177 0.6558915 2.6863165
2.0491068 1.7802389 2.3430161 0.30992928 -0.838697 -0.18629831 0.82854474
1.9260885 0.73272055 1.8257344 0.07343378 -1.425757 0.502467 -0.14786904
1.1234509 1.0882232 2.3449855 0.51785624 0.8907129 -0.98945946 1.667641
1.4326451 -0.239981 1.7353612 -0.35389587 -0.8015035 -0.48152262 -1.1583371
4.431685 0.15237993 2.3482814 1.7049543 -0.19895442 -0.4210171 1.2744596
1.1257899 2.0013475 1.9202423 -0.0882721 0.22857349 -0.57696 1.8053006
1.804377 1.8598781 0.9677187 0.34542558 -0.9169751 0.09665328 1.5674461
2.0082772 1.9708289 2.197387 0.18405375 -0.96514803 0.73202235 1.5154105
1.9092454 1.6194172 2.3464932 0.53537416 -0.6701842 -0.64975256 0.5087608
1.633463 -0.08997845 -1.0010471 1.2311653 -0.23556097 0.4044522 -1.3982232
1.8195459 0.604027 1.2615806 0.27878657 -2.2306423 1.0737185 -0.38754198
2.6581047 -0.787978 0.73745334 -0.4119788 -1.5739546 -0.72034377 -1.0254091
2.4190555 -0.75760514 1.2844306 0.31497613 -2.1711125 1.045955 -0.3613946
1.9713455 1.900259 1.6231759 -0.012508728 -1.7765697 1.1601439 1.0402482
2.3141243 -0.16169566 1.9314268 1.6470878 0.48061982 -1.5429978 0.37772855
1.7619518 0.99984604 0.8311838 0.39216223 -0.9342647 0.6099487 0.05216809
1.28573 1.4596343 1.5107347 0.06340142 0.5144653 -0.44896907 2.5640228
1.1944011 -0.9264721 0.4710215 -0.2747918 -1.5155474 0.4130302 -0.9567213
2.7747798 1.6276467 2.415758 0.7115413 -0.83451754 0.74140936 0.8764842
1.8079741 1.81354 1.6066651 -0.16773245 -1.4211963 0.78009135 1.0246061
1.2669989 1.4529353 1.6315898 -0.5825776 -0.7777191 1.2162933 2.3397846
1.4695457 0.67529625 1.8197154 1.629399 -2.980678 0.55626994 -0.9364748
1.6321884 1.8267477 1.6852791 -0.4646248 -1.416458 1.4904613 1.7117243
2.769107 1.6805568 2.5198483 0.8498137 -0.74075633 0.41539365 0.95437574
1.7714791 0.5358651 1.2032835 0.15265718 -2.0993736 0.9806505 -0.2991139
1.8698764 1.3947928 -0.79076684 0.7787781 0.6227359 0.5568778 -0.2945275
1.7672321 1.7232835 1.2903805 0.21566573 -1.0478362 0.19336277 1.1408736
1.3174585 1.6925075 0.9715016 -0.27586657 -0.8253203 0.73660237 2.1915965
1.384085 1.2230103 0.98993087 0.5098824 -0.07968744 0.08766931 -0.4805886
1.5229319 -0.15581506 1.6059332 -0.47865137 -0.6798335 -0.45782274 -1.3388647
1.3990158 -0.010566527 1.8268089 -0.1331676 -1.3045379 -0.10342139 -0.5826063
2.7552512 0.74614686 2.5561821 1.019209 -0.5790034 -0.1678564 0.12999876
1.4936852 0.2836296 0.65235806 -0.043249585 -1.3040265 0.67093474 -0.25520763
2.1973388 -1.2040931 1.2480394 -0.039428093 -1.7420524 0.4736691 -0.4314447
1.5262728 1.17863 0.99080145 0.061613224 -1.5476521 1.1328838 1.4168315
1.8424062 0.88416046 1.3111558 0.0016079172 -1.6392175 0.5368491 0.17539157
2.1968107 -0.8901169 0.83137095 0.012018584 -2.0603032 0.16416031 -0.73964906
1.5459201 -0.3757246 1.0291384 0.20552483 -2.1797686 0.89417106 -0.7324357
1.2447315 1.5516053 0.3982109 -0.08269086 -0.747438 0.55026585 2.240009
1.6890181 -0.795075 -0.13520244 -0.1337708 -0.7933201 1.0817169 -1.91736
1.4608291 1.3101444 1.8563448 -0.1968511 -0.9023681 1.2806058 2.4965029
1.0253973 0.54864055 0.76131916 -0.32031164 -1.6952151 1.0332499 1.4968462
1.9268733 -0.26635545 1.8054386 -0.0027571693 -1.4927472 0.62927324 -0.31140742
2.50985 -0.15197974 2.8665602 0.9215822 -0.4132348 -1.1235533 1.7152516
1.9561931 0.31467432 2.0311348 0.080229186 -1.3403276 0.48595792 -0.25853923
2.8790379 0.8428363 2.5979688 1.1740329 -0.5595084 -0.15006751 0.25864622
1.743929 1.5770679 1.4434109 -0.037232615 -1.2349645 0.44955665 0.9073732
1.0025316 0.542069 0.91046584 -0.05775223 -0.03285607 -0.07182354 -1.3566507
1.7613677 0.19444042 1.880091 0.013567589 -1.3971728 0.32843858 -0.3813652
1.3994628 1.0710915 0.3602732 0.7891367 -1.5101534 0.19837147 1.3563014
1.7803731 0.7462651 1.2203454 0.04082694 -1.8945885 0.7434116 -0.08151958
1.6664542 0.5861954 1.0860147 0.045340203 -1.6545132 0.49914533 -0.11026285
2.2709417 1.5503639 1.5601357 -0.070442654 -1.8706251 1.2865901 0.45641568
1.8830563 -0.010669405 2.48704 0.9257984 -0.9097374 0.047103938 2.3607156
2.3576076 -0.46204382 1.091253 0.71794784 -2.6568582 0.55513626 -0.78946215
1.3033781 -0.5920463 0.5496515 -0.1331285 -1.8063699 0.55840784 -0.7742991
1.3468822 -0.34684974 1.857368 -0.18329653 -1.0473634 -0.38866276 -0.9060975
2.0616064 0.27219218 2.3149796 0.44399813 -0.81122833 -0.30551237 -0.39998934
1.132075 0.12933236 0.39918682 0.89653003 -2.062464 0.8910089 -1.252819
1.4550527 -0.58006865 0.23203489 0.100163125 -1.7976586 0.5537469 -0.89293784
1.7293247 1.1782851 1.2186104 0.07086327 -1.3629164 0.50155956 0.7194433
1.6163341 1.7811769 1.659122 -0.46552303 -1.3802942 1.4650917 1.7159972
1.344597 -0.5704363 0.38418862 0.04436817 -1.7335577 0.6171945 -0.7151427
1.0653851 1.2789199 1.3999143 -0.8226253 -0.6697541 1.077188 2.667829
1.0454441 -0.29420894 2.2919278 -0.13188666 -0.13592465 -0.09856695 2.7938173
1.6588706 0.780106 1.1527705 0.16619733 -1.6302058 0.6158195 0.28988293
1.2008723 2.0963423 1.7885466 -0.049049236 0.16427462 -0.5090659 1.8229614
2.1000068 -0.80917674 1.125145 -0.40602717 -1.1646494 -0.4908213 -1.0609695
1.349845 -0.46560723 0.15227768 0.17808166 -1.1297483 0.94135195 -0.70100045
1.8446485 1.0984583 0.66944027 0.79183793 -1.4579991 0.30023295 1.0087223
2.0923889 0.36901087 2.1907775 0.21793118 -1.161821 0.2966631 -0.21118616
2.6865785 -0.5201765 1.7552271 0.34184447 -1.2111186 1.0478408 0.040223677
1.251152 1.0652664 0.46996316 0.43801972 0.22240631 0.43597227 -1.210846
1.9387536 0.8700876 0.5940391 0.51434624 -1.2044352 0.8292182 0.22834148
1.9034448 1.6452582 0.7149159 0.76886046 -0.26471695 0.30708057 0.3932592
1.7064935 1.616833 1.4527098 -0.094248034 -1.2824658 0.56882817 0.9746982
1.4881146 1.725871 2.032663 0.36093345 0.03955833 -1.1100864 0.25433084
1.7934498 2.0656166 1.1139075 0.3738952 -0.6350427 -0.12392014 1.6446012
2.1662881 -0.050368126 1.968539 -0.030194975 -0.5134948 -0.24811476 -0.905279
1.7220653 -0.6872409 1.6449689 -0.10281596 -1.4293193 -0.15969461 -0.6352715
1.3697095 1.8496201 0.96231854 -0.16326028 -0.6702767 0.52754265 2.207009
2.2765555 -0.23292857 1.1143013 1.1088871 -2.7017806 0.12680203 -1.0484256
1.7141703 0.59337884 1.1582597 -0.07251892 -1.7956985 0.5791636 -0.21351092
1.914973 1.2898564 1.7017866 0.18794301 -1.0596448 -0.10258669 0.2766535
1.3049409 1.5170169 2.556791 0.08596843 -0.046487413 -0.9241788 1.2576308
2.7595327 0.36248344 2.8301542 1.1987389 -0.4584907 -0.73395914 1.4856421
0.94772494 -0.7510391 0.97443426 -0.4422165 -1.3208338 0.17989749 -0.978192
2.7642696 1.6138213 2.4263673 0.724192 -0.82051927 0.72094923 0.81381345
1.2539142 0.7357685 -0.002464205 1.7661396 -2.3433816 0.42356664 0.8284576
2.6045663 1.6238663 1.9899471 0.17753592 -1.3121039 1.4536619 0.8905537
2.4218593 1.4813504 2.135683 0.1435521 -1.2858192 1.0648859 0.5364237
1.3174155 0.8463866 0.3476765 0.4202939 -0.15226729 0.9559582 -0.579422
2.6813552 -0.5830063 1.6883836 1.4832143 -2.3792374 -0.65232605 2.615281
2.256143 1.0363587 0.14548883 1.1003679 -1.2174 0.68390375 0.573632
1.9984192 2.0051618 1.0865815 0.7311424 -0.594029 -0.37916678 1.1161813
1.4271203 0.3411364 1.4673591 -0.18482897 -1.3091589 -0.0032495884 -0.4819573
2.0227816 2.1638083 0.52147734 0.80516446 0.3296031 0.0010221573 0.69819236
2.4730062 0.4627549 2.92429 1.3986284 -0.24410899 -1.0844393 0.95195186
1.4820167 1.0475018 1.6643376 2.2311819 -3.1469681 0.2491315 -1.5449265
1.1933001 0.64654225 0.7369319 0.39451268 -1.7300478 0.9006415 1.3443731
3.1812832 -0.11765247 2.7824607 2.048146 -0.19308694 -1.0717491 0.90900576
2.3665318 2.1154594 0.13305935 0.60298014 0.65641075 -0.9777605 0.1007308
3.1423714 0.40922743 1.8918417 1.3795139 0.19290726 -1.3559918 -0.49788746
1.5304047 1.814996 1.4833157 0.5878349 0.22608344 -0.6985015 -0.07576112
2.2916493 -1.0584924 0.98559713 -0.25459084 -1.3522229 -0.56955284 -0.94017726
1.631317 1.8534111 1.6801643 -0.26715228 -0.9901951 0.6680737 1.523864
1.836459 0.7949857 2.453425 0.5584284 -0.77347165 -0.56569093 -0.21697561
2.0664856 1.5522099 2.883266 0.7413507 -0.46950516 -0.6505863 0.8701449
2.0742865 1.2573509 1.9949508 0.21547392 -1.2725693 0.29093271 0.1752071
1.8240135 1.9319785 1.8515238 -0.0920094 -1.1490725 1.2775979 1.8375678
2.8107007 1.614311 2.5891428 1.0143207 -0.68383294 0.17062074 1.1431578
2.1884677 0.51860374 -0.060500413 1.2984844 -1.5907923 1.1261063 0.25784162
2.3916445 1.7103525 2.6120014 0.62693477 -0.74144965 0.21966225 1.0785785
2.9534538 -0.19696814 1.9989669 0.6600975 -1.0163568 1.1017828 0.24486889
2.9269097 0.29349393 2.542858 1.9727226 0.31277314 -1.410405 0.23438807
1.5285193 0.63576454 0.808359 0.5800718 -1.6649708 0.8466771 0.73872674
2.7300823 1.0365329 2.1806653 0.35344592 -1.0624312 1.1259778 0.45863637
1.9962529 0.8349173 0.71522033 0.48501614 -1.3203527 0.74450165 0.33367273
2.8524227 -0.018003518 1.6612141 0.09249701 -0.25605926 0.2928087 -1.0966817
1.9421934 1.9203241 1.6235154 -0.034089185 -1.7453882 1.1453495 1.1055088
1.8439835 1.4701297 2.453433 0.67170227 -0.5887905 -0.84555084 0.23609008
2.8711126 -0.4945205 1.7370675 0.41493192 -1.2595433 1.258462 0.1899047
2.239398 0.7083067 1.2797785 0.2087368 -2.4307368 1.3551621 -0.4242104
1.2685267 0.0152188 0.25825784 1.3262206 -2.0567784 0.7371604 -1.1688579
1.8458468 -0.823354 2.4755838 0.5451418 -0.45659623 -0.813759 2.6107874
3.1351526 1.0579845 1.853066 0.71181166 -1.4622706 1.3537259 0.8263798
1.0527683 1.5963624 1.8064827 -0.21105504 0.3635563 -0.46285266 2.6120412
2.952848 1.1477917 1.6606005 0.26437536 -1.7940537 1.6218066 0.5454731
1.3031948 0.21416587 1.889132 0.58787656 0.8020242 -0.85123724 2.2250485
1.6153905 0.30098325 -0.50507164 1.2035438 -0.6047235 0.86511064 -1.2891574
1.5197823 1.0274882 2.0860991 0.2754964 -0.7214034 -0.7265423 -0.3039544
1.9302796 1.0417507 1.6756738 0.07510724 -1.3733691 0.27381617 0.0118543105
3.0682685 -0.035332736 2.1267855 0.78299 -0.37242517 0.33860785 -0.4200804
2.605078 1.5453197 2.2397032 0.31452218 -1.0717107 1.1466901 0.78350824
0.9868225 0.28928632 2.2091236 -0.21466422 0.26924387 -0.24780887 2.733283
2.8264568 0.04101247 2.137938 0.576445 -0.27526054 0.08853704 -0.5824602
1.2912928 -0.9417425 0.2952238 -0.12071333 -1.3097057 0.514931 -1.2381469
2.4347422 -1.0602045 1.1820114 0.3421041 -2.0555243 0.61617047 -0.35394332
1.3796257 1.8980856 1.7714725 0.26022375 0.580054 -0.91201717 0.79230845
1.4012111 1.06508 1.4242733 0.30157903 -0.3971015 -0.33947724 -0.34086403
1.7214383 0.5871231 1.5673599 -0.055109836 -1.4627229 0.25101548 -0.28610465
1.5969366 0.5013064 2.8967204 0.48657802 -0.1084884 -1.1221502 1.5702342
1.339544 1.7527704 2.1460257 0.2921808 -0.03705009 -0.958538 0.9064225
2.2233605 1.1308423 0.98740804 0.7866647 0.1988353 -1.8229223 -1.1399447
2.6889026 0.8768093 1.7079298 0.04630723 -1.608676 1.6558366 0.35261086
2.0480573 -1.0637767 -0.179557 -0.2164863 -1.0482011 0.61391956 -1.5405699
2.703789 -0.6726137 0.7096832 -0.44999275 -1.6211268 -0.7279332 -1.0357342
1.3432192 0.33489782 0.5030215 0.31870142 -0.65561515 0.82417303 -0.4965926
1.4356304 1.0853275 2.208402 0.48661163 0.23910539 -1.3201475 -0.6532151
2.5533528 0.90956587 1.0360497 0.9661373 -2.2546523 -0.35544246 -1.7143701
2.190593 1.1618665 -0.20535591 0.20547333 -1.8264037 0.11656672 -1.8313011
1.5878733 -0.48873514 0.9777353 -0.07431517 -2.061343 0.7144318 -0.6895317
1.9171113 1.6468753 1.9731954 0.24501863 -0.8973716 -0.2518956 0.59094775
2.2055395 -1.221751 1.2196441 -0.031366207 -1.8002814 0.5226944 -0.42841122
1.8615154 1.0596921 1.6350863 0.95329225 0.7736233 -1.555024 0.35723343
1.5882639 -0.22367138 1.1129359 0.015915774 -2.0646822 0.86134225 -0.5516952
1.8116275 1.8196108 0.9622083 0.35615388 -0.9717887 0.116833985 1.5113298
1.555152 1.5595134 1.3939383 0.5611888 -0.09944209 -0.42698163 4.4961344e-05
1.730223 0.32234544 1.1037678 -0.17837283 -0.20106228 -0.83050615 -1.4376444
1.7683767 1.8513169 1.2984521 0.7641626 0.58685344 -1.0878139 -0.5254326
1.3654103 0.4294446 0.8025136 1.0991696 -1.7874438 0.8561254 0.14423396
1.4575083 1.6230974 2.3534784 0.43596485 0.16847722 -1.3685346 -0.100810565
1.8535329 0.4067827 2.088872 0.12405004 -1.2585226 0.18976814 -0.32050976
1.6558048 1.1479063 1.4910899 0.57367814 -2.2532675 0.808343 -0.3179973
2.4846413 0.96861196 1.2308599 0.8128387 0.1927952 -2.0410898 -1.0566412
1.209081 0.061051074 0.63170815 0.79929364 -1.833561 0.8832274 -0.5942681
1.4740485 0.45679897 1.6452875 1.9722251 -2.6265635 0.56858736 -1.2805462
1.9392453 2.00472 1.7154719 -0.1832911 -1.5134825 1.2853436 1.4008006
1.3767885 0.51493627 1.0016527 0.80284464 -1.7539166 0.8769832 0.37501302
1.0652179 0.39374608 1.2249217 2.0585697 -2.3884742 0.52695614 -0.1713972
1.5223488 0.3569426 0.030660123 -0.17878231 -0.13970669 0.22049928 -2.0472295
2.251326 0.42775196 2.4033418 0.63578236 -0.7780412 -0.23047537 -0.20839243
1.1006253 1.4832935 -0.649588 0.6493505 -0.36871395 0.08973366 1.3549356
2.59442 -0.62568325 2.691953 1.014098 -0.42201385 -1.2848258 1.767736
1.2449002 0.40791363 0.89137506 1.3076934 -1.8373822 0.91502434 0.26519433
1.6819311 -1.1499091 1.0368589 -0.35605988 -1.4249874 -0.32066673 -0.8807595
1.042948 -0.2538628 1.6716095 -0.3765653 -1.074046 -0.28486294 -0.93892825
1.2293173 -0.2700314 0.8453773 -0.26501927 -1.4290835 0.35163862 -0.60373974
2.501768 1.862845 1.9630766 0.22079983 -1.3230036 1.3912807 1.127714
1.4607369 1.9582154 1.6152685 -0.14914545 -0.4230357 0.087885916 1.8776333
1.7866584 0.71836895 1.07755 0.18464604 -1.3305408 0.42865115 0.057513494
1.395231 -0.52466613 -0.021218091 -0.14774165 -0.5138634 0.85810494 -2.159123
1.5745513 1.9087486 1.8492814 -0.30748618 -0.78715616 0.666189 1.8055447
1.8735251 0.98585397 1.0011969 0.31450465 -1.1548983 0.5208965 0.25077108
1.2205663 1.1676192 1.2659438 -0.6935917 -1.301449 1.5831895 1.9349399
1.5997812 -0.9799769 1.595079 0.32664362 -0.6484328 -0.27884144 2.763633
1.4154416 1.6063598 2.4315875 -0.1549707 -0.29158983 -0.3390333 1.7451931
2.7382128 0.09906072 1.682993 0.37706318 -0.1306593 -0.2903406 -0.8959755
1.1797425 -0.26811773 0.7240794 0.24141446 -1.9728948 0.7237175 -0.79176474
1.1589093 0.66301817 1.6584221 1.6977986 -2.427218 0.7189799 -0.5791452
1.3306164 0.5167865 2.2037635 0.082181714 -0.6555193 -0.81596893 -0.6960593
1.4398326 0.42322916 0.707999 1.20935 -1.7621158 0.8708735 0.264244
1.2015857 0.7338914 1.8144834 1.9834512 -2.6361492 0.5199278 -0.67402244
2.0893693 1.5997185 0.3529651 1.1501263 -1.1893314 -0.21191925 1.1907424
2.3763735 1.5183525 1.4277941 0.028866671 -2.4993103 1.3223147 -0.14539193
1.1340258 0.27437943 1.2712314 -0.28197715 -0.94699985 -0.17253608 -0.76411104
3.342899 0.29203337 2.3338547 1.3551127 -0.73529464 0.60111743 0.4987217
1.7865182 1.9224796 1.9257176 -0.07671992 -0.95170766 0.26053482 1.2622013
1.1713938 0.2854789 0.60133076 1.8302959 -1.924666 0.952704 0.58865005
1.7890764 1.7782338 0.5539874 0.74091065 0.1544122 0.4488334 0.13099994
1.6223902 -0.53578335 0.5275892 -0.4125863 -0.72195584 0.5087699 -1.9312377
0.9799713 -0.50824505 0.3458999 -0.28010973 -0.43174705 0.5746493 -1.8185374
0.95664024 -0.07077818 0.5637324 1.3241605 -1.9749626 0.954351 -0.962875
1.057467 0.16405219 1.0082073 1.028294 -2.0484626 0.9344459 -0.6863693
1.5953301 0.49519938 2.0535522 0.0782608 -1.1885096 -0.1453349 -0.41008607
2.00158 -0.5496064 1.1875875 0.13454571 -2.157277 0.8886772 -0.5982164
1.4174927 1.4029421 2.7202184 0.58464587 0.20809571 -1.4623924 0.69085
1.4139951 0.88672847 0.93376446 0.2964864 -1.7008716 1.2451077 1.3082793
2.6374736 -0.2999223 1.0928955 -0.53803456 -0.82486695 -0.30317622 -1.4812691
